0.000000000000000000e+00 1.228026744116630405e+06
1.111111111111111029e-04 6.621031774673513137e+06
2.222222222222222058e-04 2.447439640058548003e+07
3.333333333333333222e-04 5.612327495846597850e+07
4.444444444444444115e-04 1.022839447546868622e+08
5.555555555555555551e-04 1.403875199542778134e+08
6.666666666666666444e-04 2.422651962731621861e+08
7.777777777777777337e-04 2.777390745481629968e+08
8.888888888888888231e-04 5.081482137884598374e+08
1.000000000000000021e-03 5.807168233175209761e+08
1.111111111111111110e-03 1.051433293439867616e+09
1.222222222222222199e-03 1.051319751885515213e+09
1.333333333333333289e-03 1.053336018119281054e+09
1.444444444444444378e-03 1.942368281073903322e+09
1.555555555555555467e-03 2.169255471412647724e+09
1.666666666666666774e-03 3.232342360212946892e+09
1.777777777777777646e-03 4.491282075148313522e+09
1.888888888888888735e-03 5.081059450057195663e+09
2.000000000000000042e-03 7.679689379294821739e+09
2.111111111111110914e-03 9.846089102815809250e+09
2.222222222222222220e-03 1.098117494909196663e+10
2.333333333333333526e-03 1.411272597649778748e+10
2.444444444444444399e-03 1.003344312887340927e+10
2.555555555555555271e-03 9.043513142719038010e+09
2.666666666666666578e-03 7.049965934702130318e+09
2.777777777777777884e-03 8.436860977790287971e+09
2.888888888888888756e-03 7.810843097866063118e+09
2.999999999999999629e-03 7.591085377617486954e+09
3.111111111111110935e-03 8.308489711494279861e+09
3.222222222222222241e-03 9.638214468535449982e+09
3.333333333333333547e-03 1.044898583564414597e+10
3.444444444444444420e-03 1.616979756873867416e+10
3.555555555555555292e-03 1.387649219748715401e+10
3.666666666666666598e-03 1.224140949975097084e+10
3.777777777777777471e-03 9.192020137781423569e+09
3.888888888888888343e-03 6.422356886248248100e+09
4.000000000000000083e-03 4.982713959873329163e+09
4.111111111111111389e-03 3.664634073666484356e+09
4.222222222222221828e-03 3.125192124773140907e+09
4.333333333333333134e-03 2.636166172423333168e+09
4.444444444444444441e-03 2.383801657169015884e+09
4.555555555555554879e-03 2.132575367119199514e+09
4.666666666666667053e-03 2.153821114408763885e+09
4.777777777777777492e-03 2.115249671882696867e+09
4.888888888888888798e-03 2.128329343913886309e+09
5.000000000000000104e-03 1.871849982956888914e+09
5.111111111111110543e-03 1.668843929700313568e+09
5.222222222222221849e-03 1.573122565826377869e+09
5.333333333333333155e-03 1.487865828866762161e+09
5.444444444444443594e-03 1.373782887778738260e+09
5.555555555555555768e-03 1.385159088006927967e+09
5.666666666666666206e-03 1.231971459785884142e+09
5.777777777777777513e-03 1.199116815972365141e+09
5.888888888888888819e-03 1.097153919879413366e+09
5.999999999999999258e-03 1.018775851883680940e+09
6.111111111111111431e-03 9.758610897714649439e+08
6.222222222222221870e-03 9.019494276954820156e+08
6.333333333333333176e-03 8.751811917772344351e+08
6.444444444444444482e-03 8.152265217206350565e+08
6.555555555555554921e-03 7.583213376221218109e+08
6.666666666666667095e-03 6.730510879502774477e+08
6.777777777777777533e-03 6.702534458855506182e+08
6.888888888888888840e-03 6.309880478713626862e+08
6.999999999999999278e-03 6.065053554993933439e+08
7.111111111111110585e-03 5.729376225620003939e+08
7.222222222222222758e-03 5.616121890595388412e+08
7.333333333333333197e-03 5.235439012983803749e+08
7.444444444444444503e-03 5.149233644908437133e+08
7.555555555555554942e-03 5.093437122766461372e+08
7.666666666666666248e-03 4.841367675977259874e+08
7.777777777777776687e-03 4.612735972570586205e+08
7.888888888888887993e-03 4.271466405957663655e+08
8.000000000000000167e-03 4.372258495795731544e+08
8.111111111111110605e-03 4.354584859283025265e+08
8.222222222222222779e-03 4.101949018856797814e+08
8.333333333333333218e-03 4.057914896144419312e+08
8.444444444444443656e-03 4.181417544501919150e+08
8.555555555555555830e-03 3.982073704684390426e+08
8.666666666666666269e-03 3.988033753278755546e+08
8.777777777777778442e-03 3.789055273618785739e+08
8.888888888888888881e-03 3.547226366590358019e+08
8.999999999999999320e-03 3.590260088336328864e+08
9.111111111111109759e-03 3.614885660214397311e+08
9.222222222222221932e-03 3.437566025359388590e+08
9.333333333333334106e-03 3.508528781793324351e+08
9.444444444444444545e-03 3.546789730361589789e+08
9.555555555555554983e-03 3.266839768155376911e+08
9.666666666666665422e-03 3.182441734594691396e+08
9.777777777777777596e-03 3.135876128858990073e+08
9.888888888888888035e-03 3.052715734580982327e+08
1.000000000000000021e-02 3.060783757501651049e+08
1.011111111111111065e-02 2.812969659574990869e+08
1.022222222222222109e-02 2.781839744805271029e+08
1.033333333333333326e-02 2.865708178744842410e+08
1.044444444444444370e-02 2.850827534909049869e+08
1.055555555555555414e-02 2.680231808954347968e+08
1.066666666666666631e-02 2.709574446664903760e+08
1.077777777777777675e-02 2.654822283687763810e+08
1.088888888888888719e-02 2.611443557151813805e+08
1.100000000000000110e-02 2.549850553717348278e+08
1.111111111111111154e-02 2.459763635830590129e+08
1.122222222222222197e-02 2.422101599419620931e+08
1.133333333333333241e-02 2.273616840974711478e+08
1.144444444444444459e-02 2.210732816800992787e+08
1.155555555555555503e-02 2.241417147416157722e+08
1.166666666666666546e-02 2.158553882286327779e+08
1.177777777777777764e-02 2.098812946117927134e+08
1.188888888888888808e-02 2.035609414850986898e+08
1.199999999999999852e-02 1.939042182197504640e+08
1.211111111111111242e-02 1.913131595139750242e+08
1.222222222222222286e-02 1.856232996619758010e+08
1.233333333333333330e-02 1.792125529222294688e+08
1.244444444444444374e-02 1.775296685433382690e+08
1.255555555555555591e-02 1.756302100097492635e+08
1.266666666666666635e-02 1.703738122831979096e+08
1.277777777777777679e-02 1.679678261998226047e+08
1.288888888888888896e-02 1.670320818582334220e+08
1.299999999999999940e-02 1.596050797910153866e+08
1.311111111111110984e-02 1.584720551603766084e+08
1.322222222222222028e-02 1.540366612924067080e+08
1.333333333333333419e-02 1.531453386713217199e+08
1.344444444444444463e-02 1.463522866897798181e+08
1.355555555555555507e-02 1.463092513184480071e+08
1.366666666666666724e-02 1.404610634505758584e+08
1.377777777777777768e-02 1.397096953074764013e+08
1.388888888888888812e-02 1.373215844569005072e+08
1.399999999999999856e-02 1.344245822614053190e+08
1.411111111111111073e-02 1.336536877465437055e+08
1.422222222222222117e-02 1.281220246814420074e+08
1.433333333333333161e-02 1.268554966408355385e+08
1.444444444444444552e-02 1.266241370573845357e+08
1.455555555555555595e-02 1.199814640493841320e+08
1.466666666666666639e-02 1.177667439650289863e+08
1.477777777777777683e-02 1.165127630536757112e+08
1.488888888888888901e-02 1.142084568172132522e+08
1.499999999999999944e-02 1.126730461171137393e+08
1.511111111111110988e-02 1.104052311149238348e+08
1.522222222222222206e-02 1.073040634527780265e+08
1.533333333333333250e-02 1.064757384025038630e+08
1.544444444444444293e-02 1.031902945912802815e+08
1.555555555555555337e-02 1.027202811998707950e+08
1.566666666666666555e-02 9.954526012119494379e+07
1.577777777777777599e-02 9.692102210996258259e+07
1.588888888888888642e-02 9.650897075836570561e+07
1.600000000000000033e-02 9.368642644035169482e+07
1.611111111111111077e-02 9.291509004218211770e+07
1.622222222222222121e-02 9.134023005362990499e+07
1.633333333333333165e-02 8.932517458122095466e+07
1.644444444444444556e-02 8.888043829914714396e+07
1.655555555555555600e-02 8.713671942827731371e+07
1.666666666666666644e-02 8.486951388556079566e+07
1.677777777777777687e-02 8.405083182833515108e+07
1.688888888888888731e-02 8.313038876380123198e+07
1.699999999999999775e-02 8.135513819183087349e+07
1.711111111111111166e-02 8.002693017877289653e+07
1.722222222222222210e-02 7.846949500868290663e+07
1.733333333333333254e-02 7.684568888244488835e+07
1.744444444444444298e-02 7.655252746410976350e+07
1.755555555555555688e-02 7.576078883097094297e+07
1.766666666666666732e-02 7.447399773421451449e+07
1.777777777777777776e-02 7.360356743076656759e+07
1.788888888888888820e-02 7.226503577404081821e+07
1.799999999999999864e-02 7.200407135221819580e+07
1.811111111111110908e-02 7.142010029193544388e+07
1.822222222222221952e-02 7.037770859028369188e+07
1.833333333333333343e-02 6.981982960710377991e+07
1.844444444444444386e-02 6.864354294133566320e+07
1.855555555555555430e-02 6.709391949063372612e+07
1.866666666666666821e-02 6.606873019884003699e+07
1.877777777777777865e-02 6.498378152989985049e+07
1.888888888888888909e-02 6.425907392078865319e+07
1.899999999999999953e-02 6.333458675830180198e+07
1.911111111111110997e-02 6.269230645709886402e+07
1.922222222222222041e-02 6.223795588486801833e+07
1.933333333333333084e-02 6.170788696498278528e+07
1.944444444444444475e-02 6.056674111847819388e+07
1.955555555555555519e-02 5.935376678356351703e+07
1.966666666666666563e-02 5.839605284884373844e+07
1.977777777777777607e-02 5.743347796256154031e+07
1.988888888888888998e-02 5.691099994611871243e+07
2.000000000000000042e-02 5.599858541508524120e+07
2.011111111111111086e-02 5.530566657755278796e+07
2.022222222222222129e-02 5.482101508905133605e+07
2.033333333333333173e-02 5.395418442042271793e+07
2.044444444444444217e-02 5.342105424935329705e+07
2.055555555555555261e-02 5.245451929841384292e+07
2.066666666666666652e-02 5.214675289016523957e+07
2.077777777777777696e-02 5.158949026028357446e+07
2.088888888888888740e-02 5.069662326414903998e+07
2.100000000000000130e-02 4.995798943928688020e+07
2.111111111111110827e-02 4.950933994374129921e+07
2.122222222222222218e-02 4.918154849782288820e+07
2.133333333333333262e-02 4.866945144057984650e+07
2.144444444444444306e-02 4.815397939852941036e+07
2.155555555555555350e-02 4.737698876802784950e+07
2.166666666666666741e-02 4.681099518364932388e+07
2.177777777777777438e-02 4.589623017385936528e+07
2.188888888888888828e-02 4.540337249508284777e+07
2.200000000000000219e-02 4.524829900418571383e+07
2.211111111111110916e-02 4.494058405088997632e+07
2.222222222222222307e-02 4.419180092871863395e+07
2.233333333333333351e-02 4.372944495935927331e+07
2.244444444444444395e-02 4.344805233271969855e+07
2.255555555555555439e-02 4.321718743485671282e+07
2.266666666666666483e-02 4.262744399340081960e+07
2.277777777777777526e-02 4.219003451144921035e+07
2.288888888888888917e-02 4.156656495913761109e+07
2.299999999999999614e-02 4.118232717213955522e+07
2.311111111111111005e-02 4.074311217873115838e+07
2.322222222222222396e-02 4.032636756619490683e+07
2.333333333333333093e-02 4.004154493907493353e+07
2.344444444444444484e-02 3.961233511881044507e+07
2.355555555555555527e-02 3.937207245750461519e+07
2.366666666666666571e-02 3.896023068257588148e+07
2.377777777777777615e-02 3.848829524543355405e+07
2.388888888888889006e-02 3.805255676450627297e+07
2.399999999999999703e-02 3.775298766398604959e+07
2.411111111111111094e-02 3.721960323952304572e+07
2.422222222222222485e-02 3.678973132813432068e+07
2.433333333333333182e-02 3.666948593532268703e+07
2.444444444444444572e-02 3.611321834999573976e+07
2.455555555555555269e-02 3.587013873309361190e+07
2.466666666666666660e-02 3.554498088622022420e+07
2.477777777777777704e-02 3.528619786726804078e+07
2.488888888888888748e-02 3.498522271215266734e+07
2.499999999999999792e-02 3.459578681107426435e+07
2.511111111111111183e-02 3.430174888375826925e+07
2.522222222222221880e-02 3.378624243410675228e+07
2.533333333333333270e-02 3.335065561733426154e+07
2.544444444444444661e-02 3.319422744873852283e+07
2.555555555555555358e-02 3.293931093959689885e+07
2.566666666666666749e-02 3.269230088735435158e+07
2.577777777777777793e-02 3.226411311674987525e+07
2.588888888888888837e-02 3.210128584957665205e+07
2.599999999999999881e-02 3.187385707990692183e+07
2.611111111111110925e-02 3.162129084764028713e+07
2.622222222222221968e-02 3.132108767889237776e+07
2.633333333333333359e-02 3.106989664199393615e+07
2.644444444444444056e-02 3.098983703961523622e+07
2.655555555555555447e-02 3.063470098796951026e+07
2.666666666666666838e-02 3.042123499187825993e+07
2.677777777777777535e-02 3.030912376681169122e+07
2.688888888888888926e-02 3.009294054673768580e+07
2.699999999999999969e-02 2.980182693837717175e+07
2.711111111111111013e-02 2.955409334802759439e+07
2.722222222222222057e-02 2.931412726195490733e+07
2.733333333333333448e-02 2.912417741957739368e+07
2.744444444444444145e-02 2.889680007703256607e+07
2.755555555555555536e-02 2.866454534519451857e+07
2.766666666666666233e-02 2.844772275323830917e+07
2.777777777777777624e-02 2.814293931056082994e+07
2.788888888888889014e-02 2.790424948360922188e+07
2.799999999999999711e-02 2.762802235664048791e+07
2.811111111111111102e-02 2.749079191410882026e+07
2.822222222222222146e-02 2.717872192495158687e+07
2.833333333333333190e-02 2.685008987182295322e+07
2.844444444444444234e-02 2.673124947865094990e+07
2.855555555555555625e-02 2.646690121450857446e+07
2.866666666666666322e-02 2.631486653317610919e+07
2.877777777777777712e-02 2.623101641510398313e+07
2.888888888888889103e-02 2.602217515704356879e+07
2.899999999999999800e-02 2.583805338337455317e+07
2.911111111111111191e-02 2.558397757483333349e+07
2.922222222222222235e-02 2.524277331471010298e+07
2.933333333333333279e-02 2.508656701119301096e+07
2.944444444444444323e-02 2.493133483065854013e+07
2.955555555555555367e-02 2.470992443465447426e+07
2.966666666666666410e-02 2.448163069346148148e+07
2.977777777777777801e-02 2.428290229165766388e+07
2.988888888888888498e-02 2.406924536266142875e+07
2.999999999999999889e-02 2.387041609937678650e+07
3.011111111111111280e-02 2.367481487255159020e+07
3.022222222222221977e-02 2.360817505922562256e+07
3.033333333333333368e-02 2.343882268473883346e+07
3.044444444444444411e-02 2.329314609953466803e+07
3.055555555555555455e-02 2.305286231872201338e+07
3.066666666666666499e-02 2.286330079581966624e+07
3.077777777777777890e-02 2.260180564346242324e+07
3.088888888888888587e-02 2.244245533979967609e+07
3.099999999999999978e-02 2.226921652539665252e+07
3.111111111111110675e-02 2.211818904451590031e+07
3.122222222222222066e-02 2.187937168249681965e+07
3.133333333333333109e-02 2.176659088838702068e+07
3.144444444444444153e-02 2.162252304622878879e+07
3.155555555555555197e-02 2.141693823453054577e+07
3.166666666666666935e-02 2.121471247014372051e+07
3.177777777777777285e-02 2.108317808427931741e+07
3.188888888888889023e-02 2.088342030766339973e+07
3.200000000000000067e-02 2.070783428922265396e+07
3.211111111111111110e-02 2.057261831227933243e+07
3.222222222222222154e-02 2.041055010664605722e+07
3.233333333333333198e-02 2.032110089423350245e+07
3.244444444444444242e-02 2.017522065944414958e+07
3.255555555555555286e-02 1.998199902323804796e+07
3.266666666666666330e-02 1.982845724000303447e+07
3.277777777777777374e-02 1.977012716528994218e+07
3.288888888888889112e-02 1.958184081995226815e+07
3.299999999999999462e-02 1.943349884035811201e+07
3.311111111111111199e-02 1.934084887440709025e+07
3.322222222222222243e-02 1.924981388203328475e+07
3.333333333333333287e-02 1.918076749388584867e+07
3.344444444444444331e-02 1.905013858174215257e+07
3.355555555555555375e-02 1.890351173497566581e+07
3.366666666666666419e-02 1.876406682247845829e+07
3.377777777777777463e-02 1.865226420828165486e+07
3.388888888888889200e-02 1.850860681120518595e+07
3.399999999999999550e-02 1.829800115488911420e+07
3.411111111111111288e-02 1.813182088491909206e+07
3.422222222222222332e-02 1.798414982415021211e+07
3.433333333333333376e-02 1.787307135407210514e+07
3.444444444444444420e-02 1.778111518579874560e+07
3.455555555555555464e-02 1.766094607830134407e+07
3.466666666666666508e-02 1.749985569165884331e+07
3.477777777777777551e-02 1.729343840740240738e+07
3.488888888888888595e-02 1.721713863354794309e+07
3.499999999999999639e-02 1.712391226191119850e+07
3.511111111111111377e-02 1.697731427112457529e+07
3.522222222222221727e-02 1.694888350580495596e+07
3.533333333333333465e-02 1.687970591788859665e+07
3.544444444444444509e-02 1.672668505708277225e+07
3.555555555555555552e-02 1.667343598862533271e+07
3.566666666666666596e-02 1.653705700800317712e+07
3.577777777777777640e-02 1.643607652593983896e+07
3.588888888888888684e-02 1.631752002699083462e+07
3.599999999999999728e-02 1.617764703720545024e+07
3.611111111111110772e-02 1.609858423771180585e+07
3.622222222222221816e-02 1.601513032750512287e+07
3.633333333333333554e-02 1.594044435650687665e+07
3.644444444444443904e-02 1.584325267670192383e+07
3.655555555555555641e-02 1.571056715884083323e+07
3.666666666666666685e-02 1.559253624032070488e+07
3.677777777777777729e-02 1.543121445716211572e+07
3.688888888888888773e-02 1.536816711212973669e+07
3.699999999999999817e-02 1.533073907400484011e+07
3.711111111111110861e-02 1.523468673395797610e+07
3.722222222222221905e-02 1.515528945924548991e+07
3.733333333333333642e-02 1.511741121482538804e+07
3.744444444444443992e-02 1.504017056679399125e+07
3.755555555555555730e-02 1.491446253113597631e+07
3.766666666666666080e-02 1.488497567341387644e+07
3.777777777777777818e-02 1.477024621283544041e+07
3.788888888888888862e-02 1.465515065435395390e+07
3.799999999999999906e-02 1.460184183323596604e+07
3.811111111111110950e-02 1.448960778078954294e+07
3.822222222222221993e-02 1.438720102533053793e+07
3.833333333333333037e-02 1.428583862773898616e+07
3.844444444444444081e-02 1.424657876684873924e+07
3.855555555555555819e-02 1.413738020776924305e+07
3.866666666666666169e-02 1.407483231095758826e+07
3.877777777777777907e-02 1.399810196037261188e+07
3.888888888888888951e-02 1.387742062295090035e+07
3.899999999999999994e-02 1.378826774206536822e+07
3.911111111111111038e-02 1.374417688283050805e+07
3.922222222222222082e-02 1.368412398857992329e+07
3.933333333333333126e-02 1.363992062016360462e+07
3.944444444444444170e-02 1.360303183178904839e+07
3.955555555555555214e-02 1.356178870070402138e+07
3.966666666666666258e-02 1.350375871713082865e+07
3.977777777777777996e-02 1.339915385870071687e+07
3.988888888888888345e-02 1.333581010590462014e+07
4.000000000000000083e-02 1.323675857067651674e+07
4.011111111111111127e-02 1.311835311717040464e+07
4.022222222222222171e-02 1.306846599676231295e+07
4.033333333333333215e-02 1.299429202707678266e+07
4.044444444444444259e-02 1.301148214926746488e+07
4.055555555555555303e-02 1.293174620291331969e+07
4.066666666666666347e-02 1.286602930290996283e+07
4.077777777777778084e-02 1.281076248654972203e+07
4.088888888888888434e-02 1.271482830230588838e+07
4.100000000000000172e-02 1.263841570950782672e+07
4.111111111111110522e-02 1.257977827387044206e+07
4.122222222222222260e-02 1.250548573426052742e+07
4.133333333333333304e-02 1.240988080386135727e+07
4.144444444444444348e-02 1.237078444081177190e+07
4.155555555555555391e-02 1.231909510789815523e+07
4.166666666666666435e-02 1.225960957776788808e+07
4.177777777777777479e-02 1.219487003141396306e+07
4.188888888888888523e-02 1.209804486305452511e+07
4.200000000000000261e-02 1.205865165549574047e+07
4.211111111111110611e-02 1.201971220127309673e+07
4.222222222222221655e-02 1.196536095244710706e+07
4.233333333333333393e-02 1.188091225087289326e+07
4.244444444444444436e-02 1.175257622755929083e+07
4.255555555555554786e-02 1.166028145385895111e+07
4.266666666666666524e-02 1.163189732233387604e+07
4.277777777777777568e-02 1.159577461663057655e+07
4.288888888888888612e-02 1.152170747964528203e+07
4.300000000000000350e-02 1.144275134879037179e+07
4.311111111111110700e-02 1.139243627335715480e+07
4.322222222222221744e-02 1.132526769530374371e+07
4.333333333333333481e-02 1.120075250534026511e+07
4.344444444444444525e-02 1.115844442438191921e+07
4.355555555555554875e-02 1.109353883255283162e+07
4.366666666666666613e-02 1.104693208565850370e+07
4.377777777777777657e-02 1.093991091388378479e+07
4.388888888888888701e-02 1.089263943625194579e+07
4.400000000000000439e-02 1.087181461454186216e+07
4.411111111111110789e-02 1.078809220834783278e+07
4.422222222222221832e-02 1.075960108511119336e+07
4.433333333333333570e-02 1.069149192384124361e+07
4.444444444444444614e-02 1.062940101304182969e+07
4.455555555555554964e-02 1.059072945919014886e+07
4.466666666666666702e-02 1.060242766870519146e+07
4.477777777777777746e-02 1.050990284394032508e+07
4.488888888888888790e-02 1.041753096855860762e+07
4.500000000000000527e-02 1.039520972526584566e+07
4.511111111111110877e-02 1.035042802738029696e+07
4.522222222222221921e-02 1.029478759319446981e+07
4.533333333333332965e-02 1.023879019623921253e+07
4.544444444444444703e-02 1.019726277027645893e+07
4.555555555555555053e-02 1.019489027049862780e+07
4.566666666666666097e-02 1.016079593781470507e+07
4.577777777777777835e-02 1.010020351185950823e+07
4.588888888888888878e-02 1.003809646925728954e+07
4.599999999999999228e-02 1.001389131829652004e+07
4.611111111111110966e-02 9.970230111051540822e+06
4.622222222222222010e-02 9.924435458387553692e+06
4.633333333333333054e-02 9.866423751717351377e+06
4.644444444444444792e-02 9.823606471768490970e+06
4.655555555555555142e-02 9.733126686461914331e+06
4.666666666666666186e-02 9.723930124031310901e+06
4.677777777777777923e-02 9.675368006985709071e+06
4.688888888888888967e-02 9.639763586675778031e+06
4.699999999999999317e-02 9.596318226445844397e+06
4.711111111111111055e-02 9.561645106560874730e+06
4.722222222222222099e-02 9.510679754873577505e+06
4.733333333333333143e-02 9.484572728823067620e+06
4.744444444444444881e-02 9.453223811388151720e+06
4.755555555555555231e-02 9.378910518915580586e+06
4.766666666666666274e-02 9.343202915278049186e+06
4.777777777777778012e-02 9.330822224446594715e+06
4.788888888888889056e-02 9.276700192736476660e+06
4.799999999999999406e-02 9.215472552546499297e+06
4.811111111111111144e-02 9.186811342764411122e+06
4.822222222222222188e-02 9.169197061864493415e+06
4.833333333333333232e-02 9.151265353492137045e+06
4.844444444444444969e-02 9.113778166465004906e+06
4.855555555555555319e-02 9.082914059511419386e+06
4.866666666666666363e-02 9.043052435016117990e+06
4.877777777777777407e-02 9.029035253358164802e+06
4.888888888888889145e-02 8.959500302729832008e+06
4.899999999999999495e-02 8.916527955484056845e+06
4.911111111111110539e-02 8.847743857248598710e+06
4.922222222222222276e-02 8.816423287535343319e+06
4.933333333333333320e-02 8.796901575473345816e+06
4.944444444444443670e-02 8.774474490677669644e+06
4.955555555555555408e-02 8.724203375476591289e+06
4.966666666666666452e-02 8.709112029665449634e+06
4.977777777777777496e-02 8.685294612455844879e+06
4.988888888888889234e-02 8.645280908785035834e+06
4.999999999999999584e-02 8.580055104590965435e+06
5.011111111111110628e-02 8.535399701771188527e+06
5.022222222222222365e-02 8.488064363884909078e+06
5.033333333333333409e-02 8.418413926489615813e+06
5.044444444444443759e-02 8.384570123145832680e+06
5.055555555555555497e-02 8.375036165562334470e+06
5.066666666666666541e-02 8.332054540995217860e+06
5.077777777777777585e-02 8.287407569858266972e+06
5.088888888888889322e-02 8.281767185696440749e+06
5.099999999999999672e-02 8.249708545141985640e+06
5.111111111111110716e-02 8.194624293702450581e+06
5.122222222222222454e-02 8.199121747727885842e+06
5.133333333333333498e-02 8.160823525354807265e+06
5.144444444444443848e-02 8.081560120576805435e+06
5.155555555555555586e-02 8.052122551749594510e+06
5.166666666666666630e-02 8.045348456554315053e+06
5.177777777777777674e-02 8.008611737929618917e+06
5.188888888888888024e-02 7.975985602231733501e+06
5.199999999999999761e-02 7.937097261746395379e+06
5.211111111111110805e-02 7.918437193964085542e+06
5.222222222222221849e-02 7.892750185821519233e+06
5.233333333333333587e-02 7.862005936149566434e+06
5.244444444444443937e-02 7.855378890367232263e+06
5.255555555555554981e-02 7.820295540925382636e+06
5.266666666666666718e-02 7.772846180062544532e+06
5.277777777777777762e-02 7.755633401239026338e+06
5.288888888888888112e-02 7.740362450702211820e+06
5.299999999999999850e-02 7.695647458844431676e+06
5.311111111111110894e-02 7.664492110162152909e+06
5.322222222222221938e-02 7.629743505896568298e+06
5.333333333333333676e-02 7.587036324179084972e+06
5.344444444444444026e-02 7.585103135700849816e+06
5.355555555555555070e-02 7.562863453616017476e+06
5.366666666666666807e-02 7.526545842165498063e+06
5.377777777777777851e-02 7.480746792598788626e+06
5.388888888888888201e-02 7.462658346475306898e+06
5.399999999999999939e-02 7.448395905226395465e+06
5.411111111111110983e-02 7.409602728600300848e+06
5.422222222222222027e-02 7.393281453841353767e+06
5.433333333333333764e-02 7.341348532414817251e+06
5.444444444444444114e-02 7.329149350047920831e+06
5.455555555555555158e-02 7.294949098965845071e+06
5.466666666666666896e-02 7.261983089538058266e+06
5.477777777777777940e-02 7.243106571462790482e+06
5.488888888888888290e-02 7.205387646755396388e+06
5.500000000000000028e-02 7.191710543331101537e+06
5.511111111111111072e-02 7.156558518202540465e+06
5.522222222222222116e-02 7.138491001351034269e+06
5.533333333333332466e-02 7.121590564957702532e+06
5.544444444444444203e-02 7.077132067393215373e+06
5.555555555555555247e-02 7.052729460142781958e+06
5.566666666666666291e-02 7.028474660784300417e+06
5.577777777777778029e-02 7.013280181844661944e+06
5.588888888888888379e-02 6.993711063719852827e+06
5.599999999999999423e-02 6.965942277972210199e+06
5.611111111111111160e-02 6.941703832782062702e+06
5.622222222222222204e-02 6.901692830778526142e+06
5.633333333333332554e-02 6.887943739407235757e+06
5.644444444444444292e-02 6.852529089718002826e+06
5.655555555555555336e-02 6.841518182345854118e+06
5.666666666666666380e-02 6.821085181310978718e+06
5.677777777777778118e-02 6.781709402862525545e+06
5.688888888888888468e-02 6.780730584425498731e+06
5.699999999999999512e-02 6.732659560284668580e+06
5.711111111111111249e-02 6.723439749430969357e+06
5.722222222222222293e-02 6.680026075837691315e+06
5.733333333333332643e-02 6.655939303137035109e+06
5.744444444444444381e-02 6.647918312157134525e+06
5.755555555555555425e-02 6.622573462846600451e+06
5.766666666666666469e-02 6.601214180108950473e+06
5.777777777777778206e-02 6.559405044835187495e+06
5.788888888888888556e-02 6.537700763534765691e+06
5.799999999999999600e-02 6.526746664257629775e+06
5.811111111111111338e-02 6.512038292430426925e+06
5.822222222222222382e-02 6.489346633542221040e+06
5.833333333333332732e-02 6.455934351996402256e+06
5.844444444444444470e-02 6.426583368890446611e+06
5.855555555555555514e-02 6.417536321615206078e+06
5.866666666666666557e-02 6.396839612225357443e+06
5.877777777777776907e-02 6.355382268914965913e+06
5.888888888888888645e-02 6.349345050638093613e+06
5.899999999999999689e-02 6.307744196765437722e+06
5.911111111111110733e-02 6.276181142527940683e+06
5.922222222222222471e-02 6.272635227805425413e+06
5.933333333333332821e-02 6.240543665007476695e+06
5.944444444444443865e-02 6.217069533878490329e+06
5.955555555555555602e-02 6.190169953804034740e+06
5.966666666666666646e-02 6.164897389746421017e+06
5.977777777777776996e-02 6.171940792600657791e+06
5.988888888888888734e-02 6.146359524806088768e+06
5.999999999999999778e-02 6.111677803231685422e+06
6.011111111111110822e-02 6.094444282573323697e+06
6.022222222222222560e-02 6.073456724689974450e+06
6.033333333333332910e-02 6.054583387917766348e+06
6.044444444444443953e-02 6.035525137171337381e+06
6.055555555555555691e-02 6.009746395102255978e+06
6.066666666666666735e-02 5.983675612109774724e+06
6.077777777777777085e-02 5.969520176747480407e+06
6.088888888888888823e-02 5.968676876495389268e+06
6.099999999999999867e-02 5.955138415223843418e+06
6.111111111111110911e-02 5.946796889558452182e+06
6.122222222222222648e-02 5.941673819125566632e+06
6.133333333333332998e-02 5.925843996872904710e+06
6.144444444444444042e-02 5.890690027763792314e+06
6.155555555555555780e-02 5.877810406039227732e+06
6.166666666666666824e-02 5.842675610154816881e+06
6.177777777777777174e-02 5.823471923460312188e+06
6.188888888888888912e-02 5.803778594134191051e+06
6.199999999999999956e-02 5.778181088750207797e+06
6.211111111111110999e-02 5.776466509829255752e+06
6.222222222222221349e-02 5.760657726689360105e+06
6.233333333333333087e-02 5.759735758513614535e+06
6.244444444444444131e-02 5.727653300572491251e+06
6.255555555555554481e-02 5.708255090251295827e+06
6.266666666666666219e-02 5.693683850548983552e+06
6.277777777777777957e-02 5.663741650793546811e+06
6.288888888888888307e-02 5.626004028287227266e+06
6.300000000000000044e-02 5.596724050850940868e+06
6.311111111111110394e-02 5.571882591864788905e+06
6.322222222222222132e-02 5.563609344681670889e+06
6.333333333333333870e-02 5.542501165998294018e+06
6.344444444444444220e-02 5.509698145757092163e+06
6.355555555555554570e-02 5.490096954908795655e+06
6.366666666666666308e-02 5.482420208944541402e+06
6.377777777777778045e-02 5.470154460553879850e+06
6.388888888888888395e-02 5.455340770285353065e+06
6.400000000000000133e-02 5.433078383657475933e+06
6.411111111111110483e-02 5.421094518232666887e+06
6.422222222222222221e-02 5.403972997659201734e+06
6.433333333333333959e-02 5.373268307698840275e+06
6.444444444444444309e-02 5.356634086145244539e+06
6.455555555555554659e-02 5.336548686529183760e+06
6.466666666666666397e-02 5.329248314850955270e+06
6.477777777777778134e-02 5.306863716209867038e+06
6.488888888888888484e-02 5.305590261554967612e+06
6.500000000000000222e-02 5.300048986863937229e+06
6.511111111111110572e-02 5.288447519815925509e+06
6.522222222222222310e-02 5.258492086640097201e+06
6.533333333333332660e-02 5.251108987235321663e+06
6.544444444444444398e-02 5.237823349282741547e+06
6.555555555555554748e-02 5.216774169050007127e+06
6.566666666666666485e-02 5.180394729303371161e+06
6.577777777777778223e-02 5.157830566155985929e+06
6.588888888888888573e-02 5.148504587089729495e+06
6.599999999999998923e-02 5.133987808698040433e+06
6.611111111111110661e-02 5.118596181378697045e+06
6.622222222222222399e-02 5.095109150725189596e+06
6.633333333333332749e-02 5.096182670054581948e+06
6.644444444444444486e-02 5.097955413013213314e+06
6.655555555555554836e-02 5.064356155394256115e+06
6.666666666666666574e-02 5.057056097792873159e+06
6.677777777777778312e-02 5.035183178375424817e+06
6.688888888888888662e-02 5.029150803279083222e+06
6.699999999999999012e-02 5.006040454097688198e+06
6.711111111111110750e-02 5.005355076797758229e+06
6.722222222222222487e-02 4.977148604274568148e+06
6.733333333333332837e-02 4.954759690640303306e+06
6.744444444444444575e-02 4.965791309989498928e+06
6.755555555555554925e-02 4.948888956418545917e+06
6.766666666666666663e-02 4.933758918044198304e+06
6.777777777777778401e-02 4.912924104366453364e+06
6.788888888888888751e-02 4.927801427667082287e+06
6.799999999999999101e-02 4.927692734355413355e+06
6.811111111111110838e-02 4.911342665133461356e+06
6.822222222222222576e-02 4.900533948426008224e+06
6.833333333333332926e-02 4.892222081187786534e+06
6.844444444444444664e-02 4.868304751420811750e+06
6.855555555555555014e-02 4.841583163444241509e+06
6.866666666666666752e-02 4.848737975439939648e+06
6.877777777777777102e-02 4.847296379723941907e+06
6.888888888888888840e-02 4.837322732474279590e+06
6.899999999999999190e-02 4.831722094015751034e+06
6.911111111111110927e-02 4.810119379359786399e+06
6.922222222222222665e-02 4.790249749789715745e+06
6.933333333333333015e-02 4.789992236150609329e+06
6.944444444444443365e-02 4.775653166367658414e+06
6.955555555555555103e-02 4.768596146426982246e+06
6.966666666666666841e-02 4.756174149883746170e+06
6.977777777777777191e-02 4.728185323795028962e+06
6.988888888888888928e-02 4.714408079343450256e+06
6.999999999999999278e-02 4.701533773525069468e+06
7.011111111111111016e-02 4.689757370636863634e+06
7.022222222222222754e-02 4.680903744117322378e+06
7.033333333333333104e-02 4.672120407988170162e+06
7.044444444444443454e-02 4.666194120812575333e+06
7.055555555555555192e-02 4.652120101866897196e+06
7.066666666666666929e-02 4.643290183978702873e+06
7.077777777777777279e-02 4.616408443645436317e+06
7.088888888888889017e-02 4.611660613715300336e+06
7.099999999999999367e-02 4.598158676729386672e+06
7.111111111111111105e-02 4.598268088650935329e+06
7.122222222222222843e-02 4.594429396533916704e+06
7.133333333333333193e-02 4.571362327204947360e+06
7.144444444444443543e-02 4.561514991699723527e+06
7.155555555555555280e-02 4.544896872123735957e+06
7.166666666666667018e-02 4.519441318220922723e+06
7.177777777777777368e-02 4.499560326923899353e+06
7.188888888888889106e-02 4.482418375517565757e+06
7.199999999999999456e-02 4.466247224619771354e+06
7.211111111111111194e-02 4.445585811005759984e+06
7.222222222222221544e-02 4.425178550463712774e+06
7.233333333333333282e-02 4.422982113793561235e+06
7.244444444444443632e-02 4.414968020721264184e+06
7.255555555555555369e-02 4.400395005791369826e+06
7.266666666666667107e-02 4.392992445128493942e+06
7.277777777777777457e-02 4.364294438341736794e+06
7.288888888888887807e-02 4.369884604906518944e+06
7.299999999999999545e-02 4.361589066892635077e+06
7.311111111111111283e-02 4.354224957860256545e+06
7.322222222222221633e-02 4.333350008227858692e+06
7.333333333333333370e-02 4.331955314317222685e+06
7.344444444444443720e-02 4.324695146433627233e+06
7.355555555555555458e-02 4.306124809879091568e+06
7.366666666666667196e-02 4.301049882996045053e+06
7.377777777777777546e-02 4.274471570891704410e+06
7.388888888888887896e-02 4.262018924865116365e+06
7.399999999999999634e-02 4.245382052506664768e+06
7.411111111111111371e-02 4.223885641369682737e+06
7.422222222222221721e-02 4.208722284357820638e+06
7.433333333333333459e-02 4.191044968136070296e+06
7.444444444444443809e-02 4.196835309453037567e+06
7.455555555555555547e-02 4.191717898196394090e+06
7.466666666666667285e-02 4.192637110875417478e+06
7.477777777777777635e-02 4.177059097213417757e+06
7.488888888888887985e-02 4.162154580878268462e+06
7.499999999999999722e-02 4.152116958417462651e+06
7.511111111111111460e-02 4.134829307244488504e+06
7.522222222222221810e-02 4.138747464264061768e+06
7.533333333333332160e-02 4.132115254119636957e+06
7.544444444444443898e-02 4.123301096411471721e+06
7.555555555555555636e-02 4.123260210942809470e+06
7.566666666666665986e-02 4.101333550237986259e+06
7.577777777777777724e-02 4.104978079119296279e+06
7.588888888888888073e-02 4.073244672555071302e+06
7.599999999999999811e-02 4.051969043098045979e+06
7.611111111111111549e-02 4.049313279082883615e+06
7.622222222222221899e-02 4.036124401725257281e+06
7.633333333333332249e-02 4.022040421148519032e+06
7.644444444444443987e-02 4.033676651595187839e+06
7.655555555555555725e-02 4.034272713574230205e+06
7.666666666666666075e-02 4.026571483942405321e+06
7.677777777777777812e-02 4.012988928299362306e+06
7.688888888888888162e-02 4.000151160470921546e+06
7.699999999999999900e-02 3.994331871435439214e+06
7.711111111111111638e-02 3.989077343591891695e+06
7.722222222222221988e-02 4.006246725426679477e+06
7.733333333333332338e-02 4.002474912348358426e+06
7.744444444444444076e-02 3.986612027045609895e+06
7.755555555555555813e-02 3.979091100482377689e+06
7.766666666666666163e-02 3.973762887026597746e+06
7.777777777777777901e-02 3.969410638065403793e+06
7.788888888888888251e-02 3.969851780287333764e+06
7.799999999999999989e-02 3.944798015785378404e+06
7.811111111111111727e-02 3.924680400873764884e+06
7.822222222222222077e-02 3.922632020188290626e+06
7.833333333333332427e-02 3.913759534138984978e+06
7.844444444444444164e-02 3.904960411916243844e+06
7.855555555555555902e-02 3.903581565895775333e+06
7.866666666666666252e-02 3.904196810346145649e+06
7.877777777777776602e-02 3.898632765969712287e+06
7.888888888888888340e-02 3.875541127710673027e+06
7.900000000000000078e-02 3.877966913294056896e+06
7.911111111111110428e-02 3.859668114921993576e+06
7.922222222222222165e-02 3.853059891736595891e+06
7.933333333333332515e-02 3.862517214665231295e+06
7.944444444444444253e-02 3.842664314174150117e+06
7.955555555555555991e-02 3.844557025317356922e+06
7.966666666666666341e-02 3.840255476202026010e+06
7.977777777777776691e-02 3.826929671352605801e+06
7.988888888888888429e-02 3.821302566928712185e+06
8.000000000000000167e-02 3.819916785338493064e+06
8.011111111111110517e-02 3.809658575470422395e+06
8.022222222222222254e-02 3.795575047724938020e+06
8.033333333333332604e-02 3.786641369697581511e+06
8.044444444444444342e-02 3.798314531184202991e+06
8.055555555555556080e-02 3.789935800656979904e+06
8.066666666666666430e-02 3.793945814370947890e+06
8.077777777777776780e-02 3.786489105622279923e+06
8.088888888888888518e-02 3.759926519353806041e+06
8.100000000000000255e-02 3.769420893957934342e+06
8.111111111111110605e-02 3.746070655374023132e+06
8.122222222222222343e-02 3.735781624480514787e+06
8.133333333333332693e-02 3.731148027872150298e+06
8.144444444444444431e-02 3.733705363493299577e+06
8.155555555555556169e-02 3.725425444997825660e+06
8.166666666666666519e-02 3.725165440011414234e+06
8.177777777777776869e-02 3.717581388693061657e+06
8.188888888888888606e-02 3.701750988578141201e+06
8.200000000000000344e-02 3.701374351154992357e+06
8.211111111111110694e-02 3.688808516594636254e+06
8.222222222222221044e-02 3.682954961896908004e+06
8.233333333333332782e-02 3.677813861209655646e+06
8.244444444444444520e-02 3.662107273562737741e+06
8.255555555555554870e-02 3.650843031715981197e+06
8.266666666666666607e-02 3.643613856595878955e+06
8.277777777777776957e-02 3.645858131418623030e+06
8.288888888888888695e-02 3.647499960237820633e+06
8.300000000000000433e-02 3.654096584675681777e+06
8.311111111111110783e-02 3.625193362933125347e+06
8.322222222222221133e-02 3.616031442663485650e+06
8.333333333333332871e-02 3.613574322733612731e+06
8.344444444444444609e-02 3.613457954493229743e+06
8.355555555555554959e-02 3.602835577836972661e+06
8.366666666666666696e-02 3.594314114627308212e+06
8.377777777777777046e-02 3.585677990990274120e+06
8.388888888888888784e-02 3.575531922572361305e+06
8.400000000000000522e-02 3.564664458580861799e+06
8.411111111111109484e-02 3.553285914454222657e+06
8.422222222222221222e-02 3.550698080703429878e+06
8.433333333333332960e-02 3.529191691170983948e+06
8.444444444444443310e-02 3.521702896910256241e+06
8.455555555555555047e-02 3.511229550269778818e+06
8.466666666666666785e-02 3.507215703721199650e+06
8.477777777777777135e-02 3.485656763437119778e+06
8.488888888888888873e-02 3.471911116626430303e+06
8.500000000000000611e-02 3.465811144827080425e+06
8.511111111111109573e-02 3.452005371943756938e+06
8.522222222222221311e-02 3.447244082811702974e+06
8.533333333333333048e-02 3.430857801685939077e+06
8.544444444444443398e-02 3.429086491220899392e+06
8.555555555555555136e-02 3.417973840812610928e+06
8.566666666666666874e-02 3.408266001272303984e+06
8.577777777777777224e-02 3.402467357755277772e+06
8.588888888888888962e-02 3.381277523691433016e+06
8.600000000000000699e-02 3.379758103768307250e+06
8.611111111111109662e-02 3.376843707303156611e+06
8.622222222222221399e-02 3.372695589078807272e+06
8.633333333333333137e-02 3.366170792346844450e+06
8.644444444444443487e-02 3.346774666245854460e+06
8.655555555555555225e-02 3.349368879232310690e+06
8.666666666666666963e-02 3.333777592994455714e+06
8.677777777777777313e-02 3.339365940720738377e+06
8.688888888888889050e-02 3.335426366727139335e+06
8.700000000000000788e-02 3.342109174357190728e+06
8.711111111111109750e-02 3.334151525255800225e+06
8.722222222222221488e-02 3.315540941542209592e+06
8.733333333333333226e-02 3.319104372492971830e+06
8.744444444444443576e-02 3.313904020507976878e+06
8.755555555555555314e-02 3.309935582687849179e+06
8.766666666666667052e-02 3.297259414581987076e+06
8.777777777777777402e-02 3.282732658544324338e+06
8.788888888888889139e-02 3.271923589061699342e+06
8.800000000000000877e-02 3.261055424410134554e+06
8.811111111111109839e-02 3.268443976501697209e+06
8.822222222222221577e-02 3.252896816606109962e+06
8.833333333333333315e-02 3.255619479676216841e+06
8.844444444444443665e-02 3.250880368041047826e+06
8.855555555555555403e-02 3.254102967615870293e+06
8.866666666666667140e-02 3.237733938835032284e+06
8.877777777777777490e-02 3.223504962528816424e+06
8.888888888888889228e-02 3.228415976924275979e+06
8.900000000000000966e-02 3.230636754684254527e+06
8.911111111111109928e-02 3.222440391715546604e+06
8.922222222222221666e-02 3.192258296989339404e+06
8.933333333333333404e-02 3.197557642772718798e+06
8.944444444444443754e-02 3.207690541798489634e+06
8.955555555555555491e-02 3.199146795314075425e+06
8.966666666666667229e-02 3.198004839351046830e+06
8.977777777777777579e-02 3.195575706141132861e+06
8.988888888888889317e-02 3.200398257870212197e+06
9.000000000000001055e-02 3.193034732196555007e+06
9.011111111111110017e-02 3.195027564316454809e+06
9.022222222222221755e-02 3.178560112668170128e+06
9.033333333333333492e-02 3.177982855161815416e+06
9.044444444444443842e-02 3.165557421802002005e+06
9.055555555555555580e-02 3.159632857958340086e+06
9.066666666666665930e-02 3.163280301304338034e+06
9.077777777777777668e-02 3.157888102588548325e+06
9.088888888888889406e-02 3.168191309056999162e+06
9.099999999999998368e-02 3.151301095738500822e+06
9.111111111111110106e-02 3.148727559442187659e+06
9.122222222222221844e-02 3.158100572189929895e+06
9.133333333333332194e-02 3.138503916874838062e+06
9.144444444444443931e-02 3.146990891556907911e+06
9.155555555555555669e-02 3.138138528709870763e+06
9.166666666666666019e-02 3.148649404436926823e+06
9.177777777777777757e-02 3.147619033880274277e+06
9.188888888888889495e-02 3.145726748152788263e+06
9.199999999999998457e-02 3.143604178720556665e+06
9.211111111111110195e-02 3.127786885466059670e+06
9.222222222222221932e-02 3.134322219450355042e+06
9.233333333333332282e-02 3.114800323680597357e+06
9.244444444444444020e-02 3.119063589504456148e+06
9.255555555555555758e-02 3.127050060868311673e+06
9.266666666666666108e-02 3.126705312994211912e+06
9.277777777777777846e-02 3.116720046820986085e+06
9.288888888888889583e-02 3.107930974585030228e+06
9.299999999999998546e-02 3.101844983873687685e+06
9.311111111111110283e-02 3.099719559957510792e+06
9.322222222222222021e-02 3.077863639849415049e+06
9.333333333333332371e-02 3.072130823484853376e+06
9.344444444444444109e-02 3.066923821949955076e+06
9.355555555555555847e-02 3.065626836143342312e+06
9.366666666666666197e-02 3.069308087971079163e+06
9.377777777777777934e-02 3.048796411157741211e+06
9.388888888888889672e-02 3.055246697265411261e+06
9.399999999999998634e-02 3.037941378887420520e+06
9.411111111111110372e-02 3.040097936610544566e+06
9.422222222222222110e-02 3.051328651187584735e+06
9.433333333333332460e-02 3.036146775813686661e+06
9.444444444444444198e-02 3.026736892254873179e+06
9.455555555555555935e-02 3.012670596945987549e+06
9.466666666666666285e-02 3.022398050854144152e+06
9.477777777777778023e-02 3.002717213552888948e+06
9.488888888888889761e-02 3.005641135760985315e+06
9.499999999999998723e-02 3.001374617963945493e+06
9.511111111111110461e-02 3.005249534034941345e+06
9.522222222222222199e-02 3.005465087777124718e+06
9.533333333333332549e-02 3.009583282735993154e+06
9.544444444444444287e-02 3.005067765210223850e+06
9.555555555555556024e-02 3.007512623725854326e+06
9.566666666666666374e-02 2.999155625156319235e+06
9.577777777777778112e-02 3.023025573263055645e+06
9.588888888888889850e-02 3.011196534264794085e+06
9.599999999999998812e-02 2.996249757283477578e+06
9.611111111111110550e-02 2.982291832280602306e+06
9.622222222222222288e-02 2.973336462595967576e+06
9.633333333333332638e-02 2.977247321477962192e+06
9.644444444444444375e-02 2.980127156109205913e+06
9.655555555555556113e-02 2.979719160924302880e+06
9.666666666666666463e-02 2.984436441418171395e+06
9.677777777777778201e-02 2.981061447562091984e+06
9.688888888888889939e-02 2.977807678006528411e+06
9.699999999999998901e-02 2.992272365564911161e+06
9.711111111111110639e-02 2.984414848813129123e+06
9.722222222222220989e-02 2.974969717775374651e+06
9.733333333333332726e-02 2.958660019579020794e+06
9.744444444444444464e-02 2.933939340549692046e+06
9.755555555555554814e-02 2.936412481083864812e+06
9.766666666666666552e-02 2.943016214624057990e+06
9.777777777777778290e-02 2.949420743351485115e+06
9.788888888888887252e-02 2.975433828352641780e+06
9.799999999999998990e-02 2.968693700430621393e+06
9.811111111111110727e-02 2.966519556518584490e+06
9.822222222222221077e-02 2.966132491590695456e+06
9.833333333333332815e-02 2.968270630306394305e+06
9.844444444444444553e-02 2.958767515727100428e+06
9.855555555555554903e-02 2.953951862081263680e+06
9.866666666666666641e-02 2.941934410687526222e+06
9.877777777777778379e-02 2.925986714403703809e+06
9.888888888888887341e-02 2.922971970575047191e+06
9.899999999999999079e-02 2.902106376404603478e+06
9.911111111111110816e-02 2.920258196577982511e+06
9.922222222222221166e-02 2.908696799573965371e+06
9.933333333333332904e-02 2.884415624493564479e+06
9.944444444444444642e-02 2.883179891870613210e+06
9.955555555555554992e-02 2.855365715574963018e+06
9.966666666666666730e-02 2.874875572870998643e+06
9.977777777777778467e-02 2.873019603508268949e+06
9.988888888888887430e-02 2.867227918562520295e+06
9.999999999999999167e-02 2.857136149490344338e+06
1.001111111111111091e-01 2.849826838509561028e+06
1.002222222222222126e-01 2.835619262398382649e+06
1.003333333333333299e-01 2.813312595148795284e+06
1.004444444444444473e-01 2.819451270939249080e+06
1.005555555555555508e-01 2.817655881550138816e+06
1.006666666666666682e-01 2.816103728582403623e+06
1.007777777777777856e-01 2.823396690436123405e+06
1.008888888888888752e-01 2.828855114757928997e+06
1.009999999999999926e-01 2.808182942115808837e+06
1.011111111111111099e-01 2.784598336212059949e+06
1.012222222222222134e-01 2.803764002938756719e+06
1.013333333333333308e-01 2.789974039292915724e+06
1.014444444444444482e-01 2.788171496717052069e+06
1.015555555555555517e-01 2.791232706053217873e+06
1.016666666666666691e-01 2.792778030721312854e+06
1.017777777777777864e-01 2.768905230744752102e+06
1.018888888888888761e-01 2.761710633754685521e+06
1.019999999999999934e-01 2.756476035954339895e+06
1.021111111111111108e-01 2.756181406969691627e+06
1.022222222222222143e-01 2.751983323237234727e+06
1.023333333333333317e-01 2.730220417544780765e+06
1.024444444444444491e-01 2.714161745923380367e+06
1.025555555555555526e-01 2.691652579957989510e+06
1.026666666666666700e-01 2.680878271897694096e+06
1.027777777777777873e-01 2.669557010337276384e+06
1.028888888888888770e-01 2.646856044133063406e+06
1.029999999999999943e-01 2.665443008569714613e+06
1.031111111111111117e-01 2.669738029524075333e+06
1.032222222222222152e-01 2.689010189472993370e+06
1.033333333333333326e-01 2.687720219707055949e+06
1.034444444444444500e-01 2.673675350334650371e+06
1.035555555555555535e-01 2.657886539744901471e+06
1.036666666666666708e-01 2.668763949348296970e+06
1.037777777777777605e-01 2.675580736246971879e+06
1.038888888888888778e-01 2.698471064420354553e+06
1.039999999999999952e-01 2.713761051260130946e+06
1.041111111111110987e-01 2.734738379664951935e+06
1.042222222222222161e-01 2.719738707041439600e+06
1.043333333333333335e-01 2.698731597004850395e+06
1.044444444444444370e-01 2.723801996998575050e+06
1.045555555555555544e-01 2.723947329159834888e+06
1.046666666666666717e-01 2.687697028892324306e+06
1.047777777777777614e-01 2.681058639678726438e+06
1.048888888888888787e-01 2.690044036441284232e+06
1.049999999999999961e-01 2.692760008953575511e+06
1.051111111111110996e-01 2.686539175638298970e+06
1.052222222222222170e-01 2.689507987792502157e+06
1.053333333333333344e-01 2.672935893446933012e+06
1.054444444444444379e-01 2.692362108981450554e+06
1.055555555555555552e-01 2.703436177132626064e+06
1.056666666666666726e-01 2.694588468579340260e+06
1.057777777777777622e-01 2.689309997045993339e+06
1.058888888888888796e-01 2.676829572687128093e+06
1.059999999999999970e-01 2.692152749947802164e+06
1.061111111111111005e-01 2.717626570923654363e+06
1.062222222222222179e-01 2.722837073437390383e+06
1.063333333333333353e-01 2.726448358362348285e+06
1.064444444444444388e-01 2.711249300383382011e+06
1.065555555555555561e-01 2.695413353957175277e+06
1.066666666666666735e-01 2.683820669742723461e+06
1.067777777777777631e-01 2.671627310604660772e+06
1.068888888888888805e-01 2.650225797302831896e+06
1.069999999999999979e-01 2.625427740459263325e+06
1.071111111111111014e-01 2.644540448406475130e+06
1.072222222222222188e-01 2.651504390763945412e+06
1.073333333333333361e-01 2.706567973064729013e+06
1.074444444444444396e-01 2.705348228849775624e+06
1.075555555555555570e-01 2.734565703434819821e+06
1.076666666666666744e-01 2.692721375047172885e+06
1.077777777777777640e-01 2.656313449212507345e+06
1.078888888888888814e-01 2.668531997739428654e+06
1.079999999999999988e-01 2.662539666408435907e+06
1.081111111111111023e-01 2.681046152288754005e+06
1.082222222222222197e-01 2.644869416877621319e+06
1.083333333333333370e-01 2.636746120973114390e+06
1.084444444444444405e-01 2.593896819219513796e+06
1.085555555555555579e-01 2.589946091249063611e+06
1.086666666666666753e-01 2.572919867234555073e+06
1.087777777777777649e-01 2.549025799843498040e+06
1.088888888888888823e-01 2.557253464211429004e+06
1.089999999999999997e-01 2.559627620665723924e+06
1.091111111111111032e-01 2.540825470270830207e+06
1.092222222222222205e-01 2.518653053100626916e+06
1.093333333333333379e-01 2.519575250849912409e+06
1.094444444444444414e-01 2.514203920316369273e+06
1.095555555555555588e-01 2.514961674105441663e+06
1.096666666666666762e-01 2.498290786052545067e+06
1.097777777777777658e-01 2.500655898128583562e+06
1.098888888888888832e-01 2.507463350167875178e+06
1.100000000000000006e-01 2.520734697360631078e+06
1.101111111111111041e-01 2.497278659536764026e+06
1.102222222222222214e-01 2.491600971326997969e+06
1.103333333333333388e-01 2.485379978681351990e+06
1.104444444444444423e-01 2.470669872219178360e+06
1.105555555555555597e-01 2.452915531200805213e+06
1.106666666666666493e-01 2.443682010182685684e+06
1.107777777777777667e-01 2.454200779577259906e+06
1.108888888888888841e-01 2.439259795526496135e+06
1.109999999999999876e-01 2.435395902287993114e+06
1.111111111111111049e-01 2.432754388272651006e+06
1.112222222222222223e-01 2.425336675468002912e+06
1.113333333333333258e-01 2.424435152884908952e+06
1.114444444444444432e-01 2.435311174993894063e+06
1.115555555555555606e-01 2.416976519265910145e+06
1.116666666666666502e-01 2.426689214185191784e+06
1.117777777777777676e-01 2.434074018354554661e+06
1.118888888888888850e-01 2.442799151067244820e+06
1.119999999999999885e-01 2.444004250338566024e+06
1.121111111111111058e-01 2.440659428945566993e+06
1.122222222222222232e-01 2.458345199293479789e+06
1.123333333333333267e-01 2.440069994656516705e+06
1.124444444444444441e-01 2.423954843549645040e+06
1.125555555555555615e-01 2.414214719947246369e+06
1.126666666666666511e-01 2.428705561991562601e+06
1.127777777777777685e-01 2.418975186769641470e+06
1.128888888888888858e-01 2.413786612827370409e+06
1.129999999999999893e-01 2.414516319567346945e+06
1.131111111111111067e-01 2.434116664658823051e+06
1.132222222222222241e-01 2.442290726885359269e+06
1.133333333333333276e-01 2.443567894424069673e+06
1.134444444444444450e-01 2.429139578618512023e+06
1.135555555555555624e-01 2.451176260435982142e+06
1.136666666666666520e-01 2.445993097255242988e+06
1.137777777777777694e-01 2.444709612773095723e+06
1.138888888888888867e-01 2.466981866492160596e+06
1.139999999999999902e-01 2.462414076842491515e+06
1.141111111111111076e-01 2.496125754798035603e+06
1.142222222222222250e-01 2.479665575960023329e+06
1.143333333333333285e-01 2.482654377245275769e+06
1.144444444444444459e-01 2.459682730734615587e+06
1.145555555555555632e-01 2.481287719395206776e+06
1.146666666666666529e-01 2.511294354187932797e+06
1.147777777777777702e-01 2.484870148781935684e+06
1.148888888888888876e-01 2.478470568904471584e+06
1.149999999999999911e-01 2.420357482889305335e+06
1.151111111111111085e-01 2.386435090005593374e+06
1.152222222222222259e-01 2.370646657456940971e+06
1.153333333333333294e-01 2.389080563798164017e+06
1.154444444444444468e-01 2.416242016493782401e+06
1.155555555555555641e-01 2.425308968574224506e+06
1.156666666666666538e-01 2.428829704378020484e+06
1.157777777777777711e-01 2.433246394277729560e+06
1.158888888888888885e-01 2.442795797290263232e+06
1.159999999999999920e-01 2.433151400192261674e+06
1.161111111111111094e-01 2.425761677004768047e+06
1.162222222222222268e-01 2.401110134965668432e+06
1.163333333333333303e-01 2.377517670042046811e+06
1.164444444444444476e-01 2.382738075190299191e+06
1.165555555555555650e-01 2.379924185055629350e+06
1.166666666666666546e-01 2.386132779384987894e+06
1.167777777777777720e-01 2.360849376582745463e+06
1.168888888888888894e-01 2.333912409664559644e+06
1.169999999999999929e-01 2.345720076175326481e+06
1.171111111111111103e-01 2.344430599920096342e+06
1.172222222222222138e-01 2.344587188077308238e+06
1.173333333333333311e-01 2.331828031168443151e+06
1.174444444444444485e-01 2.327294611526431050e+06
1.175555555555555381e-01 2.326123192841381300e+06
1.176666666666666555e-01 2.344794336826890241e+06
1.177777777777777729e-01 2.339814778698954731e+06
1.178888888888888764e-01 2.317281177288564388e+06
1.179999999999999938e-01 2.327740888521207031e+06
1.181111111111111112e-01 2.332886415161214303e+06
1.182222222222222147e-01 2.308359984273107722e+06
1.183333333333333320e-01 2.293181379484685604e+06
1.184444444444444494e-01 2.267529458264181390e+06
1.185555555555555390e-01 2.265748998437629547e+06
1.186666666666666564e-01 2.250071798151201569e+06
1.187777777777777738e-01 2.254642955683004111e+06
1.188888888888888773e-01 2.260048930672016460e+06
1.189999999999999947e-01 2.252330464930118527e+06
1.191111111111111120e-01 2.234184782333193813e+06
1.192222222222222155e-01 2.225029192877443507e+06
1.193333333333333329e-01 2.200238259396438487e+06
1.194444444444444503e-01 2.213307147843945771e+06
1.195555555555555399e-01 2.217036752053770237e+06
1.196666666666666573e-01 2.224769647319897544e+06
1.197777777777777747e-01 2.232449059258034918e+06
1.198888888888888782e-01 2.233192633483114652e+06
1.199999999999999956e-01 2.254110006311673205e+06
1.201111111111111129e-01 2.258512584295429289e+06
1.202222222222222164e-01 2.250230034476387780e+06
1.203333333333333338e-01 2.249671608323540539e+06
1.204444444444444512e-01 2.252692703346271534e+06
1.205555555555555408e-01 2.262089642454786226e+06
1.206666666666666582e-01 2.257742191356200259e+06
1.207777777777777756e-01 2.254401431569681037e+06
1.208888888888888791e-01 2.243984847724508028e+06
1.209999999999999964e-01 2.250667375132804736e+06
1.211111111111111138e-01 2.230581757516311016e+06
1.212222222222222173e-01 2.244128180591926444e+06
1.213333333333333347e-01 2.256108625542548485e+06
1.214444444444444521e-01 2.246747519518000539e+06
1.215555555555555417e-01 2.236226004158812575e+06
1.216666666666666591e-01 2.228682971686731558e+06
1.217777777777777765e-01 2.225049700919009745e+06
1.218888888888888800e-01 2.214477046704628505e+06
1.219999999999999973e-01 2.226606621390685905e+06
1.221111111111111147e-01 2.230756874588329811e+06
1.222222222222222182e-01 2.229041343219176400e+06
1.223333333333333356e-01 2.231553687042442616e+06
1.224444444444444530e-01 2.232787285566045903e+06
1.225555555555555426e-01 2.230169401860157959e+06
1.226666666666666600e-01 2.214484265816956293e+06
1.227777777777777773e-01 2.227575678857875522e+06
1.228888888888888808e-01 2.221323138648671564e+06
1.229999999999999982e-01 2.238530798473360017e+06
1.231111111111111156e-01 2.239398873561189976e+06
1.232222222222222191e-01 2.221964329109524842e+06
1.233333333333333365e-01 2.228463263404770754e+06
1.234444444444444539e-01 2.224008083559674211e+06
1.235555555555555435e-01 2.229639819889425300e+06
1.236666666666666609e-01 2.231691008603802882e+06
1.237777777777777782e-01 2.232956177461251616e+06
1.238888888888888817e-01 2.237897469947488979e+06
1.239999999999999991e-01 2.226696909075011034e+06
1.241111111111111026e-01 2.221820977688758634e+06
1.242222222222222200e-01 2.214463798063440714e+06
1.243333333333333374e-01 2.213230821232300717e+06
1.244444444444444270e-01 2.199410684558589011e+06
1.245555555555555444e-01 2.191294553540492896e+06
1.246666666666666617e-01 2.179078816433799453e+06
1.247777777777777652e-01 2.175112608859478030e+06
1.248888888888888826e-01 2.178687608682350721e+06
1.250000000000000000e-01 2.189893196679257788e+06
1.251111111111110896e-01 2.190072970285238232e+06
1.252222222222222070e-01 2.188551387717128731e+06
1.253333333333333244e-01 2.175048037004237995e+06
1.254444444444444418e-01 2.171466154190406203e+06
1.255555555555555591e-01 2.170750496671474073e+06
1.256666666666666765e-01 2.160494569186482579e+06
1.257777777777777661e-01 2.158673704354332760e+06
1.258888888888888835e-01 2.148102690122973174e+06
1.260000000000000009e-01 2.138163003221516963e+06
1.261111111111110905e-01 2.136955322482462972e+06
1.262222222222222079e-01 2.138806808791831136e+06
1.263333333333333253e-01 2.147185481637821533e+06
1.264444444444444426e-01 2.146957694307387341e+06
1.265555555555555600e-01 2.122890372935676016e+06
1.266666666666666774e-01 2.125115536160615273e+06
1.267777777777777670e-01 2.116909860229878686e+06
1.268888888888888844e-01 2.116890671429709066e+06
1.270000000000000018e-01 2.111225700771229807e+06
1.271111111111110914e-01 2.107669285494053271e+06
1.272222222222222088e-01 2.100562085651479196e+06
1.273333333333333262e-01 2.095721766853713896e+06
1.274444444444444435e-01 2.088002285728601040e+06
1.275555555555555609e-01 2.091681735193270259e+06
1.276666666666666783e-01 2.079378834737253375e+06
1.277777777777777679e-01 2.084512743389454437e+06
1.278888888888888853e-01 2.085107471797278849e+06
1.280000000000000027e-01 2.090092959233252564e+06
1.281111111111110923e-01 2.081196014931247570e+06
1.282222222222222097e-01 2.075474750856369967e+06
1.283333333333333270e-01 2.078944583384888014e+06
1.284444444444444444e-01 2.070881043723591603e+06
1.285555555555555618e-01 2.076075700817729812e+06
1.286666666666666792e-01 2.074115907939697849e+06
1.287777777777777688e-01 2.073685759539665887e+06
1.288888888888888862e-01 2.068983831947626546e+06
1.290000000000000036e-01 2.064452514618877321e+06
1.291111111111110932e-01 2.069570186703239335e+06
1.292222222222222106e-01 2.070684302510857582e+06
1.293333333333333279e-01 2.066278807096601231e+06
1.294444444444444453e-01 2.067418749766251538e+06
1.295555555555555627e-01 2.072216564293646021e+06
1.296666666666666801e-01 2.063379402388563845e+06
1.297777777777777697e-01 2.057186907474762527e+06
1.298888888888888871e-01 2.052607140279924031e+06
1.300000000000000044e-01 2.056242263237480074e+06
1.301111111111110941e-01 2.046288534227794735e+06
1.302222222222222114e-01 2.048344742679215036e+06
1.303333333333333288e-01 2.045606933474787511e+06
1.304444444444444462e-01 2.042536829441326903e+06
1.305555555555555636e-01 2.038565261329715140e+06
1.306666666666666532e-01 2.029771950773099670e+06
1.307777777777777706e-01 2.026658172964995261e+06
1.308888888888888880e-01 2.020286648517610505e+06
1.309999999999999776e-01 2.022531927530485205e+06
1.311111111111110950e-01 2.012855566592026269e+06
1.312222222222222123e-01 2.009773478088194039e+06
1.313333333333333297e-01 2.009714325783825712e+06
1.314444444444444471e-01 2.005309446226959117e+06
1.315555555555555645e-01 2.002129315605389420e+06
1.316666666666666541e-01 1.994023502173183253e+06
1.317777777777777715e-01 1.994689027031026548e+06
1.318888888888888888e-01 1.998398317790821427e+06
1.319999999999999785e-01 1.993058375666604610e+06
1.321111111111110958e-01 1.996726864369295072e+06
1.322222222222222132e-01 1.993580501227380941e+06
1.323333333333333306e-01 1.991397079590489855e+06
1.324444444444444480e-01 1.983429632057154784e+06
1.325555555555555654e-01 1.979954442503680708e+06
1.326666666666666550e-01 1.978347177025914891e+06
1.327777777777777724e-01 1.975646519855581690e+06
1.328888888888888897e-01 1.962963170124139404e+06
1.329999999999999793e-01 1.957702387180534424e+06
1.331111111111110967e-01 1.967588509331825655e+06
1.332222222222222141e-01 1.969280011484828079e+06
1.333333333333333315e-01 1.962718621541204397e+06
1.334444444444444489e-01 1.955691779685876332e+06
1.335555555555555662e-01 1.961901601400462911e+06
1.336666666666666559e-01 1.964584172374748625e+06
1.337777777777777732e-01 1.957589097630288918e+06
1.338888888888888906e-01 1.953895082623121561e+06
1.339999999999999802e-01 1.947817511951769469e+06
1.341111111111110976e-01 1.949595263831369579e+06
1.342222222222222150e-01 1.942514982941198861e+06
1.343333333333333324e-01 1.943253008707507281e+06
1.344444444444444497e-01 1.946821671792450594e+06
1.345555555555555671e-01 1.951570133865006268e+06
1.346666666666666567e-01 1.954305201140314341e+06
1.347777777777777741e-01 1.950337425170018803e+06
1.348888888888888915e-01 1.946702748280674685e+06
1.349999999999999811e-01 1.942714389859490562e+06
1.351111111111110985e-01 1.943360291021313984e+06
1.352222222222222159e-01 1.940595100893932628e+06
1.353333333333333333e-01 1.932341933606718900e+06
1.354444444444444506e-01 1.932453256655029254e+06
1.355555555555555680e-01 1.926529233362258412e+06
1.356666666666666576e-01 1.931181223195918836e+06
1.357777777777777750e-01 1.926372199363071937e+06
1.358888888888888924e-01 1.932026049321562750e+06
1.359999999999999820e-01 1.930167071989322547e+06
1.361111111111110994e-01 1.930424142936717719e+06
1.362222222222222168e-01 1.926247304579439107e+06
1.363333333333333341e-01 1.917656635749048786e+06
1.364444444444444515e-01 1.920907690677544568e+06
1.365555555555555689e-01 1.922012523347149137e+06
1.366666666666666585e-01 1.923483487064582296e+06
1.367777777777777759e-01 1.927526004718202865e+06
1.368888888888888933e-01 1.921141226757974364e+06
1.369999999999999829e-01 1.925266226037027081e+06
1.371111111111111003e-01 1.923990472527828068e+06
1.372222222222222177e-01 1.925364047483706847e+06
1.373333333333333350e-01 1.924661116568960948e+06
1.374444444444444524e-01 1.928894993442808976e+06
1.375555555555555420e-01 1.931093701385264285e+06
1.376666666666666594e-01 1.934193794583946699e+06
1.377777777777777768e-01 1.932523921926230658e+06
1.378888888888888664e-01 1.933735249435177306e+06
1.379999999999999838e-01 1.937353980037790257e+06
1.381111111111111012e-01 1.934336504086546833e+06
1.382222222222222185e-01 1.935955492260642117e+06
1.383333333333333359e-01 1.934954565703167580e+06
1.384444444444444533e-01 1.934828431787150213e+06
1.385555555555555429e-01 1.935527108123959973e+06
1.386666666666666603e-01 1.936438523923143744e+06
1.387777777777777777e-01 1.936161970294077648e+06
1.388888888888888673e-01 1.930262321872848785e+06
1.389999999999999847e-01 1.926520306318854215e+06
1.391111111111111021e-01 1.926062521636584308e+06
1.392222222222222194e-01 1.931439399432919454e+06
1.393333333333333368e-01 1.925246353062142385e+06
1.394444444444444542e-01 1.917572715301217977e+06
1.395555555555555438e-01 1.915041342022826197e+06
1.396666666666666612e-01 1.912944431000404758e+06
1.397777777777777786e-01 1.913532517190350452e+06
1.398888888888888682e-01 1.917521699903827161e+06
1.399999999999999856e-01 1.914660585997967049e+06
1.401111111111111029e-01 1.912481933347814716e+06
1.402222222222222203e-01 1.917691047048220877e+06
1.403333333333333377e-01 1.908649296794476453e+06
1.404444444444444551e-01 1.913965932970978087e+06
1.405555555555555447e-01 1.911835170170811703e+06
1.406666666666666621e-01 1.906278249695865437e+06
1.407777777777777795e-01 1.907127208053680835e+06
1.408888888888888691e-01 1.898671739225926809e+06
1.409999999999999865e-01 1.895737072180941235e+06
1.411111111111111038e-01 1.894943860609572381e+06
1.412222222222222212e-01 1.895264868647858035e+06
1.413333333333333386e-01 1.896119547711916734e+06
1.414444444444444560e-01 1.899286836006949423e+06
1.415555555555555456e-01 1.900435712345538661e+06
1.416666666666666630e-01 1.892795151346097700e+06
1.417777777777777803e-01 1.890970774979222566e+06
1.418888888888888700e-01 1.881458452684085118e+06
1.419999999999999873e-01 1.882732846585536608e+06
1.421111111111111047e-01 1.882513805733036017e+06
1.422222222222222221e-01 1.881347235364589840e+06
1.423333333333333395e-01 1.876348703194588888e+06
1.424444444444444569e-01 1.874432149460264249e+06
1.425555555555555465e-01 1.874534388292265125e+06
1.426666666666666639e-01 1.870373565315326676e+06
1.427777777777777812e-01 1.865304896783231525e+06
1.428888888888888709e-01 1.868368824339267099e+06
1.429999999999999882e-01 1.863072275230437750e+06
1.431111111111111056e-01 1.861697308551268652e+06
1.432222222222222230e-01 1.862782116347302450e+06
1.433333333333333404e-01 1.857501323887312552e+06
1.434444444444444577e-01 1.861699130940314149e+06
1.435555555555555474e-01 1.861952688326973701e+06
1.436666666666666647e-01 1.854083104810938705e+06
1.437777777777777821e-01 1.849955496380842989e+06
1.438888888888888717e-01 1.850025035522965947e+06
1.439999999999999891e-01 1.848513384120471776e+06
1.441111111111111065e-01 1.844386794918154366e+06
1.442222222222222239e-01 1.848526747066865442e+06
1.443333333333333413e-01 1.855179567600188777e+06
1.444444444444444309e-01 1.853329619171672501e+06
1.445555555555555483e-01 1.850346800368713448e+06
1.446666666666666656e-01 1.847075057870615274e+06
1.447777777777777553e-01 1.846680092514854157e+06
1.448888888888888726e-01 1.849367074981415877e+06
1.449999999999999900e-01 1.844957761770895217e+06
1.451111111111111074e-01 1.834645443406683858e+06
1.452222222222222248e-01 1.829541739989380585e+06
1.453333333333333421e-01 1.825786270646236371e+06
1.454444444444444318e-01 1.825508344930842286e+06
1.455555555555555491e-01 1.826656099891770864e+06
1.456666666666666665e-01 1.823132263780025998e+06
1.457777777777777561e-01 1.819392498186922166e+06
1.458888888888888735e-01 1.808808484600994270e+06
1.459999999999999909e-01 1.809519696635853732e+06
1.461111111111111083e-01 1.811535555486690952e+06
1.462222222222222257e-01 1.807232617744491901e+06
1.463333333333333430e-01 1.812804371741687180e+06
1.464444444444444327e-01 1.816894251905026613e+06
1.465555555555555500e-01 1.811998581123317126e+06
1.466666666666666674e-01 1.814539420219424879e+06
1.467777777777777570e-01 1.809777390299409162e+06
1.468888888888888744e-01 1.809463213788908673e+06
1.469999999999999918e-01 1.807449490612174617e+06
1.471111111111111092e-01 1.801893260849334067e+06
1.472222222222222265e-01 1.804024243573666085e+06
1.473333333333333439e-01 1.804308692332986277e+06
1.474444444444444335e-01 1.805716814932084875e+06
1.475555555555555509e-01 1.807394415252146544e+06
1.476666666666666683e-01 1.801395920649494044e+06
1.477777777777777579e-01 1.797377011780886212e+06
1.478888888888888753e-01 1.790859594231346855e+06
1.479999999999999927e-01 1.793152508745894302e+06
1.481111111111111101e-01 1.794547399958898779e+06
1.482222222222222274e-01 1.796238090099314461e+06
1.483333333333333448e-01 1.798292957932928344e+06
1.484444444444444344e-01 1.797923612465195591e+06
1.485555555555555518e-01 1.803305860484179109e+06
1.486666666666666692e-01 1.801774592402662383e+06
1.487777777777777588e-01 1.804807572981209261e+06
1.488888888888888762e-01 1.802915405225682538e+06
1.489999999999999936e-01 1.798682979073151713e+06
1.491111111111111109e-01 1.800505608567205258e+06
1.492222222222222283e-01 1.798738505072013009e+06
1.493333333333333457e-01 1.795637585143696982e+06
1.494444444444444353e-01 1.789158636304304702e+06
1.495555555555555527e-01 1.790997510617823573e+06
1.496666666666666701e-01 1.790952684609701624e+06
1.497777777777777597e-01 1.791726510645523435e+06
1.498888888888888771e-01 1.790733366410334827e+06
1.499999999999999944e-01 1.786482111708804732e+06
1.501111111111111118e-01 1.788495984681328991e+06
1.502222222222222292e-01 1.791501184955037665e+06
1.503333333333333466e-01 1.792824830295578809e+06
1.504444444444444362e-01 1.795359025827145670e+06
1.505555555555555536e-01 1.797712345594957704e+06
1.506666666666666432e-01 1.800939858317173319e+06
1.507777777777777606e-01 1.802727988108116668e+06
1.508888888888888780e-01 1.801008377350075403e+06
1.509999999999999953e-01 1.803999198007686995e+06
1.511111111111111127e-01 1.800575644732241286e+06
1.512222222222222301e-01 1.794720344534765463e+06
1.513333333333333197e-01 1.795939213360655820e+06
1.514444444444444371e-01 1.792938398922374472e+06
1.515555555555555545e-01 1.797524869228886906e+06
1.516666666666666441e-01 1.795320641733570257e+06
1.517777777777777615e-01 1.796041865355382441e+06
1.518888888888888788e-01 1.794663928058840800e+06
1.519999999999999962e-01 1.792824211577797541e+06
1.521111111111111136e-01 1.791042634659811389e+06
1.522222222222222310e-01 1.790193533404536312e+06
1.523333333333333206e-01 1.790564026006874396e+06
1.524444444444444380e-01 1.789347831095630303e+06
1.525555555555555554e-01 1.792784304146651877e+06
1.526666666666666450e-01 1.792383351389290998e+06
1.527777777777777624e-01 1.789638508137992816e+06
1.528888888888888797e-01 1.789499682443711674e+06
1.529999999999999971e-01 1.785078698189393152e+06
1.531111111111111145e-01 1.785991476393173682e+06
1.532222222222222319e-01 1.786977965760608437e+06
1.533333333333333215e-01 1.787660648340811022e+06
1.534444444444444389e-01 1.786184567108949879e+06
1.535555555555555562e-01 1.780677233088628855e+06
1.536666666666666459e-01 1.771569156121194828e+06
1.537777777777777632e-01 1.774408850246323505e+06
1.538888888888888806e-01 1.777643870173902018e+06
1.539999999999999980e-01 1.774391962844660738e+06
1.541111111111111154e-01 1.770149533546545310e+06
1.542222222222222328e-01 1.769768204006239306e+06
1.543333333333333224e-01 1.766478304355630185e+06
1.544444444444444398e-01 1.757225158074826002e+06
1.545555555555555571e-01 1.757536145551748341e+06
1.546666666666666468e-01 1.757949418014073977e+06
1.547777777777777641e-01 1.757917668394208886e+06
1.548888888888888815e-01 1.751158918334080605e+06
1.549999999999999989e-01 1.752792819045334589e+06
1.551111111111111163e-01 1.756725497980472166e+06
1.552222222222222336e-01 1.752765195702012395e+06
1.553333333333333233e-01 1.754414558441865025e+06
1.554444444444444406e-01 1.751931466273609083e+06
1.555555555555555580e-01 1.751776661575767910e+06
1.556666666666666476e-01 1.747642708136443514e+06
1.557777777777777650e-01 1.753841686583800009e+06
1.558888888888888824e-01 1.748565600390987704e+06
1.559999999999999998e-01 1.743021322588154115e+06
1.561111111111111172e-01 1.747038790238828398e+06
1.562222222222222345e-01 1.747188195287120994e+06
1.563333333333333242e-01 1.746332485260920366e+06
1.564444444444444415e-01 1.746355554373046150e+06
1.565555555555555589e-01 1.747395207219788572e+06
1.566666666666666485e-01 1.751400990781052504e+06
1.567777777777777659e-01 1.752636149263217812e+06
1.568888888888888833e-01 1.752537968343952904e+06
1.570000000000000007e-01 1.750444153184637194e+06
1.571111111111111180e-01 1.753695265819259221e+06
1.572222222222222354e-01 1.751985633814585162e+06
1.573333333333333250e-01 1.750393723223293899e+06
1.574444444444444424e-01 1.748521550327913603e+06
1.575555555555555320e-01 1.749578062382409349e+06
1.576666666666666494e-01 1.744246800740186824e+06
1.577777777777777668e-01 1.745221442314382177e+06
1.578888888888888842e-01 1.745702531053710496e+06
1.580000000000000016e-01 1.748081589251991129e+06
1.581111111111111189e-01 1.746162744665133767e+06
1.582222222222222086e-01 1.745035332613034174e+06
1.583333333333333259e-01 1.747502213642190676e+06
1.584444444444444433e-01 1.745479913397843018e+06
1.585555555555555329e-01 1.746139859418868320e+06
1.586666666666666503e-01 1.744155770180079620e+06
1.587777777777777677e-01 1.743348581050949637e+06
1.588888888888888851e-01 1.747357095246446319e+06
1.590000000000000024e-01 1.747888123979096068e+06
1.591111111111111198e-01 1.745283692481164588e+06
1.592222222222222094e-01 1.748316415575786959e+06
1.593333333333333268e-01 1.751460877046220936e+06
1.594444444444444442e-01 1.758024569260182790e+06
1.595555555555555338e-01 1.758162569799076999e+06
1.596666666666666512e-01 1.759131604969183914e+06
1.597777777777777686e-01 1.759528718502398580e+06
1.598888888888888860e-01 1.762387109200254316e+06
1.600000000000000033e-01 1.756351510790563421e+06
1.601111111111111207e-01 1.754350750742063625e+06
1.602222222222222103e-01 1.751778608636206016e+06
1.603333333333333277e-01 1.750214554908233695e+06
1.604444444444444451e-01 1.751772253023998113e+06
1.605555555555555347e-01 1.753205697247262113e+06
1.606666666666666521e-01 1.757128556303221267e+06
1.607777777777777695e-01 1.757773580640390282e+06
1.608888888888888868e-01 1.759805231426355895e+06
1.610000000000000042e-01 1.758546444989005569e+06
1.611111111111111216e-01 1.753019699263175018e+06
1.612222222222222112e-01 1.749931647513664095e+06
1.613333333333333286e-01 1.747552587066475069e+06
1.614444444444444460e-01 1.741622442364991177e+06
1.615555555555555356e-01 1.740193228669737931e+06
1.616666666666666530e-01 1.741495824384937296e+06
1.617777777777777704e-01 1.744594283521000296e+06
1.618888888888888877e-01 1.742889553826864110e+06
1.620000000000000051e-01 1.742277303978282493e+06
1.621111111111111225e-01 1.743076721956633963e+06
1.622222222222222121e-01 1.741341700463558547e+06
1.623333333333333295e-01 1.748702485934315016e+06
1.624444444444444469e-01 1.748404956488636322e+06
1.625555555555555365e-01 1.739907035762332147e+06
1.626666666666666539e-01 1.740327677994786995e+06
1.627777777777777712e-01 1.743071314909769222e+06
1.628888888888888886e-01 1.741960455208798405e+06
1.630000000000000060e-01 1.740850846242233412e+06
1.631111111111111234e-01 1.740063767996192211e+06
1.632222222222222130e-01 1.743591489638983738e+06
1.633333333333333304e-01 1.747437221961311530e+06
1.634444444444444478e-01 1.744587408130729338e+06
1.635555555555555374e-01 1.750240224891763646e+06
1.636666666666666548e-01 1.751069449032281293e+06
1.637777777777777721e-01 1.746575256780985743e+06
1.638888888888888895e-01 1.749024684012742480e+06
1.640000000000000069e-01 1.751455940974892816e+06
1.641111111111110965e-01 1.749520972829266218e+06
1.642222222222222139e-01 1.748816439864445943e+06
1.643333333333333313e-01 1.745848295045974897e+06
1.644444444444444209e-01 1.744587628933142172e+06
1.645555555555555383e-01 1.746672842238120036e+06
1.646666666666666556e-01 1.747737183254685486e+06
1.647777777777777730e-01 1.748640065232641762e+06
1.648888888888888904e-01 1.746493718853496248e+06
1.650000000000000078e-01 1.747084575018886942e+06
1.651111111111110974e-01 1.751203486687640892e+06
1.652222222222222148e-01 1.750495991173751652e+06
1.653333333333333321e-01 1.752189119854663033e+06
1.654444444444444218e-01 1.745751969873216702e+06
1.655555555555555391e-01 1.748259963581648655e+06
1.656666666666666565e-01 1.747708866111214971e+06
1.657777777777777739e-01 1.745605476158546750e+06
1.658888888888888913e-01 1.748022673507677391e+06
1.660000000000000087e-01 1.744874594833017094e+06
1.661111111111110983e-01 1.747895480899770046e+06
1.662222222222222157e-01 1.747451403952958062e+06
1.663333333333333330e-01 1.748795737379134400e+06
1.664444444444444227e-01 1.749294181595692877e+06
1.665555555555555400e-01 1.744329399199940963e+06
