0.000000000000000000e+00 7.018711006882926449e+05
1.333333333333333397e-04 8.294043185118012130e+06
2.666666666666666794e-04 2.946538279322467744e+07
4.000000000000000192e-04 6.336564501639441401e+07
5.333333333333333589e-04 1.373560934271726906e+08
6.666666666666666444e-04 1.765988854345118403e+08
8.000000000000000383e-04 2.813176390765708089e+08
9.333333333333333239e-04 3.784273811523814201e+08
1.066666666666666718e-03 5.195750904583685398e+08
1.200000000000000112e-03 8.969386384758656025e+08
1.333333333333333289e-03 1.008623056784448862e+09
1.466666666666666683e-03 1.268622823016484737e+09
1.600000000000000077e-03 1.921950737486630678e+09
1.733333333333333471e-03 2.712893976140593052e+09
1.866666666666666648e-03 4.133043170057529926e+09
2.000000000000000042e-03 4.552861810010199547e+09
2.133333333333333436e-03 7.014487173527229309e+09
2.266666666666666829e-03 9.946615113042367935e+09
2.400000000000000223e-03 1.729371986072475052e+10
2.533333333333333184e-03 1.165195492553992462e+10
2.666666666666666578e-03 9.669155641182535172e+09
2.800000000000000405e-03 1.042490945777370071e+10
2.933333333333333365e-03 5.327974567629280090e+09
3.066666666666666759e-03 9.936961363859680176e+09
3.200000000000000153e-03 7.003981187517922401e+09
3.333333333333333547e-03 4.876204959819396019e+09
3.466666666666666941e-03 1.017761341719704056e+10
3.600000000000000335e-03 1.372817250177412796e+10
3.733333333333333295e-03 2.076079766644429016e+10
3.866666666666667123e-03 1.463069137789935684e+10
4.000000000000000083e-03 9.928368592179424286e+09
4.133333333333333477e-03 5.556064044502064705e+09
4.266666666666666871e-03 3.725656264799764633e+09
4.400000000000000265e-03 2.672584502578771591e+09
4.533333333333333659e-03 2.074859159883054018e+09
4.666666666666667053e-03 1.736187262186716557e+09
4.800000000000000447e-03 1.643233436776743650e+09
4.933333333333333841e-03 1.618440766024991035e+09
5.066666666666666367e-03 1.612832389104956150e+09
5.200000000000000629e-03 1.533564343060300827e+09
5.333333333333333155e-03 1.478504764596983910e+09
5.466666666666667417e-03 1.405807775409942150e+09
5.600000000000000810e-03 1.380596178864144802e+09
5.733333333333333337e-03 1.278057506681588650e+09
5.866666666666666731e-03 1.379906323121414423e+09
6.000000000000000992e-03 1.278630291736624479e+09
6.133333333333333519e-03 1.164818272837063789e+09
6.266666666666666913e-03 1.099434540167113781e+09
6.400000000000000307e-03 9.836964596330010891e+08
6.533333333333332833e-03 9.425129990036402941e+08
6.666666666666667095e-03 8.645196154569343328e+08
6.800000000000000488e-03 7.630436168138918877e+08
6.933333333333333882e-03 7.248680680537170172e+08
7.066666666666666409e-03 6.508249345183727741e+08
7.200000000000000670e-03 5.889595595902445316e+08
7.333333333333334064e-03 5.741016302697103024e+08
7.466666666666666591e-03 5.531824534443717003e+08
7.599999999999999985e-03 5.285006481429502368e+08
7.733333333333334246e-03 5.442218600469990969e+08
7.866666666666665905e-03 5.307001121277128458e+08
8.000000000000000167e-03 5.161313387002151012e+08
8.133333333333334428e-03 4.972445874090163112e+08
8.266666666666666954e-03 4.659668593701767921e+08
8.399999999999999481e-03 4.772283029939211607e+08
8.533333333333333742e-03 4.651612149519344568e+08
8.666666666666668004e-03 4.475942708000572324e+08
8.800000000000000530e-03 4.222889633356845379e+08
8.933333333333333057e-03 3.816721274929870963e+08
9.066666666666667318e-03 4.077427656043367386e+08
9.200000000000001579e-03 3.732556273563582301e+08
9.333333333333334106e-03 3.733889919468459487e+08
9.466666666666666632e-03 3.472113015215417743e+08
9.600000000000000894e-03 3.317264470643650889e+08
9.733333333333333420e-03 3.319765846912199259e+08
9.866666666666667682e-03 3.151015181984665990e+08
1.000000000000000021e-02 2.969939104462286830e+08
1.013333333333333273e-02 2.894025145689770579e+08
1.026666666666666700e-02 2.786478479300915003e+08
1.040000000000000126e-02 2.683900086267144680e+08
1.053333333333333378e-02 2.610059650818553269e+08
1.066666666666666631e-02 2.545360657651106417e+08
1.079999999999999884e-02 2.502422279816983342e+08
1.093333333333333483e-02 2.492982973774093986e+08
1.106666666666666736e-02 2.396606249601756036e+08
1.120000000000000162e-02 2.426005039066232443e+08
1.133333333333333415e-02 2.366910725625027716e+08
1.146666666666666667e-02 2.357931279853093922e+08
1.160000000000000094e-02 2.232556314784686565e+08
1.173333333333333346e-02 2.110061225397563577e+08
1.186666666666666599e-02 2.021668465497000515e+08
1.200000000000000198e-02 1.957676314409872293e+08
1.213333333333333451e-02 1.919581258184949458e+08
1.226666666666666704e-02 1.823565202091816664e+08
1.240000000000000130e-02 1.749766662250881791e+08
1.253333333333333383e-02 1.720750676452057362e+08
1.266666666666666635e-02 1.645845398153616488e+08
1.280000000000000061e-02 1.657071443287910521e+08
1.293333333333333314e-02 1.588437521586288810e+08
1.306666666666666567e-02 1.551360323973957002e+08
1.320000000000000166e-02 1.524629515212444961e+08
1.333333333333333419e-02 1.485111207702464163e+08
1.346666666666666845e-02 1.419316506960303187e+08
1.360000000000000098e-02 1.406694764811825454e+08
1.373333333333333350e-02 1.416931830991769731e+08
1.386666666666666776e-02 1.412226338300433755e+08
1.400000000000000029e-02 1.383395602886863947e+08
1.413333333333333282e-02 1.331885681794983000e+08
1.426666666666666881e-02 1.314840731094316393e+08
1.440000000000000134e-02 1.309609164092600644e+08
1.453333333333333387e-02 1.297059279503715783e+08
1.466666666666666813e-02 1.265584223109353483e+08
1.480000000000000066e-02 1.223775985958783776e+08
1.493333333333333318e-02 1.198450409731395543e+08
1.506666666666666744e-02 1.156298814336599112e+08
1.519999999999999997e-02 1.121515782575321943e+08
1.533333333333333250e-02 1.110675423203892857e+08
1.546666666666666849e-02 1.084599246383645684e+08
1.560000000000000102e-02 1.073278212825367600e+08
1.573333333333333181e-02 1.050697550450339615e+08
1.586666666666666781e-02 1.034352467805751860e+08
1.600000000000000033e-02 1.002908205262609571e+08
1.613333333333333633e-02 9.767647168459632993e+07
1.626666666666666886e-02 9.566222967891895771e+07
1.640000000000000138e-02 9.391775804811047018e+07
1.653333333333333391e-02 9.224958163916604221e+07
1.666666666666666644e-02 9.008004788813303411e+07
1.679999999999999896e-02 8.844078495502756536e+07
1.693333333333333496e-02 8.700246605572056770e+07
1.706666666666666748e-02 8.552028465957009792e+07
1.720000000000000001e-02 8.416713607838508487e+07
1.733333333333333601e-02 8.219094850383056700e+07
1.746666666666666853e-02 8.112196167462259531e+07
1.760000000000000106e-02 7.966396471768058836e+07
1.773333333333333359e-02 7.836611712493857741e+07
1.786666666666666611e-02 7.711158879700562358e+07
1.799999999999999864e-02 7.607547156813830137e+07
1.813333333333333464e-02 7.502281843015472591e+07
1.826666666666666716e-02 7.398958423739190400e+07
1.840000000000000316e-02 7.233634353940013051e+07
1.853333333333333569e-02 7.135802949353384972e+07
1.866666666666666821e-02 7.030201085885693133e+07
1.880000000000000074e-02 6.931290501479528844e+07
1.893333333333333326e-02 6.800366456230133772e+07
1.906666666666666579e-02 6.673351996256896853e+07
1.920000000000000179e-02 6.620177629853012413e+07
1.933333333333333431e-02 6.562722131575375050e+07
1.946666666666666684e-02 6.472525041011084616e+07
1.960000000000000284e-02 6.371189440711703151e+07
1.973333333333333536e-02 6.241540641159536690e+07
1.986666666666666789e-02 6.119017091425231844e+07
2.000000000000000042e-02 6.006110014324454218e+07
2.013333333333333294e-02 5.921668934154328704e+07
2.026666666666666547e-02 5.818249272234518826e+07
2.040000000000000147e-02 5.747962923436768353e+07
2.053333333333333399e-02 5.680014079726977646e+07
2.066666666666666652e-02 5.610706639492617548e+07
2.080000000000000251e-02 5.533109343488103151e+07
2.093333333333333504e-02 5.485722964047273993e+07
2.106666666666666757e-02 5.413347908875431865e+07
2.120000000000000009e-02 5.355069534430047870e+07
2.133333333333333262e-02 5.268232094663827866e+07
2.146666666666666515e-02 5.214017864214036614e+07
2.159999999999999767e-02 5.171606003288017213e+07
2.173333333333333714e-02 5.104284292741291225e+07
2.186666666666666967e-02 5.051618958783102036e+07
2.200000000000000219e-02 4.990397576554518938e+07
2.213333333333333472e-02 4.916114514426500350e+07
2.226666666666666725e-02 4.858453981488203257e+07
2.240000000000000324e-02 4.768606861746808141e+07
2.253333333333333577e-02 4.702915494481599331e+07
2.266666666666666829e-02 4.640358050666192174e+07
2.280000000000000082e-02 4.571796915658760816e+07
2.293333333333333335e-02 4.512155822402672470e+07
2.306666666666666587e-02 4.457377597827820480e+07
2.320000000000000187e-02 4.423353166370344907e+07
2.333333333333333440e-02 4.361987143569409102e+07
2.346666666666666692e-02 4.318423398746602237e+07
2.359999999999999945e-02 4.254524895577768981e+07
2.373333333333333198e-02 4.188321293362747878e+07
2.386666666666666450e-02 4.143895475666683912e+07
2.400000000000000397e-02 4.087174476687739044e+07
2.413333333333333650e-02 4.036561798830705136e+07
2.426666666666666902e-02 3.971441774820744991e+07
2.440000000000000155e-02 3.928523402068028599e+07
2.453333333333333408e-02 3.889918195064739883e+07
2.466666666666667007e-02 3.842620421407914907e+07
2.480000000000000260e-02 3.818175869879001379e+07
2.493333333333333512e-02 3.776355513730378449e+07
2.506666666666666765e-02 3.730431494673491269e+07
2.520000000000000018e-02 3.710005050394120067e+07
2.533333333333333270e-02 3.660899228070522845e+07
2.546666666666666870e-02 3.609374684361283481e+07
2.560000000000000123e-02 3.564912379204866290e+07
2.573333333333333375e-02 3.523414549793624133e+07
2.586666666666666628e-02 3.493312951622247696e+07
2.599999999999999881e-02 3.482661615052028745e+07
2.613333333333333133e-02 3.458073067273610830e+07
2.626666666666667080e-02 3.418125196013373882e+07
2.640000000000000333e-02 3.394011498948865384e+07
2.653333333333333585e-02 3.355529893483190984e+07
2.666666666666666838e-02 3.303107387813449651e+07
2.680000000000000090e-02 3.265477521303003654e+07
2.693333333333333690e-02 3.227542233692556247e+07
2.706666666666666943e-02 3.193870669896058366e+07
2.720000000000000195e-02 3.158497605174448341e+07
2.733333333333333448e-02 3.125238796893026680e+07
2.746666666666666701e-02 3.095293023932338506e+07
2.759999999999999953e-02 3.071642268053655326e+07
2.773333333333333553e-02 3.048331333669511229e+07
2.786666666666666806e-02 3.000210100001117960e+07
2.800000000000000058e-02 2.979562413595127314e+07
2.813333333333333311e-02 2.949062485941443592e+07
2.826666666666666564e-02 2.911664612639555335e+07
2.839999999999999816e-02 2.876994781532898545e+07
2.853333333333333763e-02 2.846569409364404157e+07
2.866666666666667015e-02 2.826225435270649940e+07
2.880000000000000268e-02 2.794562662761557475e+07
2.893333333333333521e-02 2.765034558058965579e+07
2.906666666666666773e-02 2.746509915625719726e+07
2.920000000000000026e-02 2.724904925846977159e+07
2.933333333333333626e-02 2.700170574464095384e+07
2.946666666666666878e-02 2.668720842444685102e+07
2.960000000000000131e-02 2.637125121709038317e+07
2.973333333333333384e-02 2.619582283319841325e+07
2.986666666666666636e-02 2.591444006005153805e+07
3.000000000000000236e-02 2.565554539845837653e+07
3.013333333333333489e-02 2.538766766487254947e+07
3.026666666666666741e-02 2.514671145866263658e+07
3.039999999999999994e-02 2.484007001446476951e+07
3.053333333333333247e-02 2.458697260753045231e+07
3.066666666666666499e-02 2.433992237322221696e+07
3.080000000000000446e-02 2.410911745353302360e+07
3.093333333333333698e-02 2.381471085973829404e+07
3.106666666666666951e-02 2.368737227367377654e+07
3.120000000000000204e-02 2.350271015247277543e+07
3.133333333333333109e-02 2.326961745124524832e+07
3.146666666666666362e-02 2.314395829753437266e+07
3.160000000000000309e-02 2.296865114962592348e+07
3.173333333333333561e-02 2.272525667231335491e+07
3.186666666666666814e-02 2.250303533515064046e+07
3.200000000000000067e-02 2.226321764209755883e+07
3.213333333333333319e-02 2.207825814463846385e+07
3.226666666666667266e-02 2.189169818013037741e+07
3.240000000000000518e-02 2.167155999045405537e+07
3.253333333333333771e-02 2.143680039614810050e+07
3.266666666666667024e-02 2.128192648020613566e+07
3.280000000000000276e-02 2.110762716718243808e+07
3.293333333333333529e-02 2.093055195964031667e+07
3.306666666666666782e-02 2.076775421731184050e+07
3.320000000000000034e-02 2.055993533842983842e+07
3.333333333333333287e-02 2.037203775615914539e+07
3.346666666666666540e-02 2.020394283916771784e+07
3.359999999999999792e-02 1.999885412018627673e+07
3.373333333333333045e-02 1.990122335640648007e+07
3.386666666666666992e-02 1.971252409837138280e+07
3.400000000000000244e-02 1.951032824397822097e+07
3.413333333333333497e-02 1.935951153830983490e+07
3.426666666666666750e-02 1.920753262456720322e+07
3.440000000000000002e-02 1.904047973759906739e+07
3.453333333333333949e-02 1.889236286908053979e+07
3.466666666666667201e-02 1.876657795580981299e+07
3.480000000000000454e-02 1.862963519768594578e+07
3.493333333333333707e-02 1.852350596063691005e+07
3.506666666666666959e-02 1.843659169441624358e+07
3.520000000000000212e-02 1.829938455708157644e+07
3.533333333333333465e-02 1.812919213502248377e+07
3.546666666666666717e-02 1.799889910102978349e+07
3.559999999999999970e-02 1.786890330234196782e+07
3.573333333333333223e-02 1.772523274552809075e+07
3.586666666666666475e-02 1.757903656336481497e+07
3.599999999999999728e-02 1.750994863045018911e+07
3.613333333333333675e-02 1.734071882084470987e+07
3.626666666666666927e-02 1.719775301495900378e+07
3.640000000000000180e-02 1.707900546269256249e+07
3.653333333333333433e-02 1.696161719044510648e+07
3.666666666666666685e-02 1.684085892190995812e+07
3.680000000000000632e-02 1.670818903272059560e+07
3.693333333333333884e-02 1.657900130496778339e+07
3.706666666666667137e-02 1.645524557527071983e+07
3.720000000000000390e-02 1.632497969625317305e+07
3.733333333333333642e-02 1.621086957970797829e+07
3.746666666666666895e-02 1.610264284255723283e+07
3.760000000000000148e-02 1.601640363840833306e+07
3.773333333333333400e-02 1.586455809479230456e+07
3.786666666666666653e-02 1.570668501515446790e+07
3.799999999999999906e-02 1.558982427807881311e+07
3.813333333333333158e-02 1.549935603362337686e+07
3.826666666666666411e-02 1.540673691055025719e+07
3.840000000000000357e-02 1.533547560379561968e+07
3.853333333333333610e-02 1.523951032570891269e+07
3.866666666666666863e-02 1.514213540454752557e+07
3.880000000000000115e-02 1.501172569335644692e+07
3.893333333333333368e-02 1.489735659890906513e+07
3.906666666666667315e-02 1.481823190007560700e+07
3.920000000000000567e-02 1.472850674341121502e+07
3.933333333333333820e-02 1.462694140433643013e+07
3.946666666666667073e-02 1.450882391738056019e+07
3.960000000000000325e-02 1.441131348030993901e+07
3.973333333333333578e-02 1.430238865919570625e+07
3.986666666666666831e-02 1.416280840421668813e+07
4.000000000000000083e-02 1.408106986493147723e+07
4.013333333333333336e-02 1.399225893079805560e+07
4.026666666666666589e-02 1.388643692990793101e+07
4.039999999999999841e-02 1.375439632834069245e+07
4.053333333333333094e-02 1.365949687580332905e+07
4.066666666666667040e-02 1.354545492919079401e+07
4.080000000000000293e-02 1.344603721043613367e+07
4.093333333333333546e-02 1.339818624149148911e+07
4.106666666666666798e-02 1.331468334896004200e+07
4.120000000000000051e-02 1.322248956558391824e+07
4.133333333333333304e-02 1.311073530333599634e+07
4.146666666666667250e-02 1.303943113219971023e+07
4.160000000000000503e-02 1.293063875845500082e+07
4.173333333333333756e-02 1.286483958881316893e+07
4.186666666666667008e-02 1.278787273577818833e+07
4.200000000000000261e-02 1.271153297889431752e+07
4.213333333333333514e-02 1.263485612310711667e+07
4.226666666666666766e-02 1.254612862881531008e+07
4.240000000000000019e-02 1.244600530645865016e+07
4.253333333333333965e-02 1.238415307941221073e+07
4.266666666666666524e-02 1.234010613623247109e+07
4.280000000000000471e-02 1.227610815296697803e+07
4.293333333333333030e-02 1.221778467928077281e+07
4.306666666666666976e-02 1.215575631218683720e+07
4.319999999999999535e-02 1.206845458715053275e+07
4.333333333333333481e-02 1.198720582809161209e+07
4.346666666666667428e-02 1.190230121404628083e+07
4.359999999999999987e-02 1.182628449562964775e+07
4.373333333333333933e-02 1.177198862443087623e+07
4.386666666666666492e-02 1.165962514947012626e+07
4.400000000000000439e-02 1.157523956197673455e+07
4.413333333333333691e-02 1.154641329661516100e+07
4.426666666666666944e-02 1.145664414330628142e+07
4.440000000000000197e-02 1.133560631212444603e+07
4.453333333333333449e-02 1.131537450819195248e+07
4.466666666666666702e-02 1.124182964540556818e+07
4.480000000000000648e-02 1.119764284637521766e+07
4.493333333333333207e-02 1.113930234061382152e+07
4.506666666666667154e-02 1.108573215847685561e+07
4.519999999999999712e-02 1.100452118995611370e+07
4.533333333333333659e-02 1.094928109060359001e+07
4.546666666666666218e-02 1.087284763663852215e+07
4.560000000000000164e-02 1.080852709679502621e+07
4.573333333333334111e-02 1.077116154244985059e+07
4.586666666666666670e-02 1.070713896274050698e+07
4.600000000000000616e-02 1.062856434532293864e+07
4.613333333333333175e-02 1.059148871377079375e+07
4.626666666666667121e-02 1.054847877989560924e+07
4.640000000000000374e-02 1.048189019730279222e+07
4.653333333333333627e-02 1.041708742659121752e+07
4.666666666666666879e-02 1.037735723716739379e+07
4.680000000000000132e-02 1.030203140746189840e+07
4.693333333333333385e-02 1.024731014881175756e+07
4.706666666666667331e-02 1.021430467880316824e+07
4.719999999999999890e-02 1.014321751144704223e+07
4.733333333333333837e-02 1.008290756145118177e+07
4.746666666666666395e-02 1.003286966228489019e+07
4.760000000000000342e-02 9.994536278261063620e+06
4.773333333333332901e-02 9.939354822259927168e+06
4.786666666666666847e-02 9.877328243927452713e+06
4.800000000000000794e-02 9.839174794772710651e+06
4.813333333333333353e-02 9.788483046152774245e+06
4.826666666666667299e-02 9.735870673259206116e+06
4.839999999999999858e-02 9.687417635746194050e+06
4.853333333333333804e-02 9.644337252333872020e+06
4.866666666666667057e-02 9.580379552916198969e+06
4.880000000000000310e-02 9.542040679342847317e+06
4.893333333333333562e-02 9.492133169006504118e+06
4.906666666666666815e-02 9.445438579159174114e+06
4.920000000000000068e-02 9.387823632079847157e+06
4.933333333333334014e-02 9.342188723991550505e+06
4.946666666666666573e-02 9.294148656506707892e+06
4.960000000000000520e-02 9.245033813374724239e+06
4.973333333333333078e-02 9.196550001308729872e+06
4.986666666666667025e-02 9.153967619974512607e+06
4.999999999999999584e-02 9.126385729321515188e+06
5.013333333333333530e-02 9.095770659272257239e+06
5.026666666666667477e-02 9.043878882200596854e+06
5.040000000000000036e-02 8.996657281441053376e+06
5.053333333333333982e-02 8.949287983163569123e+06
5.066666666666666541e-02 8.899963599783688784e+06
5.080000000000000487e-02 8.840852056288203225e+06
5.093333333333333740e-02 8.797187048590926453e+06
5.106666666666666993e-02 8.749275429846620187e+06
5.120000000000000245e-02 8.699017969744367525e+06
5.133333333333333498e-02 8.633693355833942071e+06
5.146666666666666751e-02 8.588518335682097822e+06
5.160000000000000697e-02 8.571491161405723542e+06
5.173333333333333256e-02 8.523988828048061579e+06
5.186666666666667203e-02 8.459744170378981158e+06
5.199999999999999761e-02 8.420912218366837129e+06
5.213333333333333708e-02 8.372968723393709399e+06
5.226666666666666267e-02 8.327387068278644234e+06
5.240000000000000213e-02 8.274730582205283456e+06
5.253333333333334160e-02 8.248439751019747928e+06
5.266666666666666718e-02 8.200326706086547114e+06
5.280000000000000665e-02 8.159745689349739812e+06
5.293333333333333224e-02 8.142195859715125524e+06
5.306666666666667170e-02 8.113739330410498194e+06
5.320000000000000423e-02 8.084603871300278232e+06
5.333333333333333676e-02 8.051235650423448533e+06
5.346666666666666928e-02 8.006819081659508869e+06
5.360000000000000181e-02 7.974044994315565564e+06
5.373333333333333434e-02 7.933781901167881675e+06
5.386666666666667380e-02 7.911970168041613884e+06
5.399999999999999939e-02 7.896284837785717100e+06
5.413333333333333885e-02 7.856070664900210686e+06
5.426666666666666444e-02 7.820309083935454488e+06
5.440000000000000391e-02 7.793384489891123027e+06
5.453333333333332950e-02 7.762880799761735834e+06
5.466666666666666896e-02 7.725369864302881062e+06
5.480000000000000843e-02 7.705094050185444765e+06
5.493333333333333401e-02 7.659226207894714549e+06
5.506666666666667348e-02 7.622790628810917959e+06
5.519999999999999907e-02 7.577524933967863210e+06
5.533333333333333853e-02 7.540708303151573986e+06
5.546666666666667106e-02 7.504444930749421939e+06
5.560000000000000359e-02 7.468947581564651802e+06
5.573333333333333611e-02 7.448774156986520626e+06
5.586666666666666864e-02 7.413390654326830991e+06
5.600000000000000117e-02 7.368833748505934142e+06
5.613333333333334063e-02 7.333591841995482333e+06
5.626666666666666622e-02 7.304215802179762162e+06
5.640000000000000568e-02 7.267526105278821662e+06
5.653333333333333127e-02 7.237413936079584062e+06
5.666666666666667074e-02 7.205224580732041970e+06
5.679999999999999633e-02 7.187080577998577617e+06
5.693333333333333579e-02 7.157328631599687040e+06
5.706666666666667526e-02 7.127599045657798648e+06
5.720000000000000084e-02 7.097013463306749240e+06
5.733333333333334031e-02 7.065973093186068349e+06
5.746666666666666590e-02 7.043513144538536668e+06
5.760000000000000536e-02 7.005501605512965471e+06
5.773333333333333789e-02 6.985333883794444613e+06
5.786666666666667042e-02 6.954308703634023666e+06
5.800000000000000294e-02 6.925682002533413470e+06
5.813333333333333547e-02 6.900649427099611610e+06
5.826666666666666800e-02 6.861075074148654938e+06
5.840000000000000052e-02 6.829894841484554112e+06
5.853333333333333305e-02 6.793223827266464010e+06
5.866666666666667251e-02 6.749832700102197938e+06
5.879999999999999810e-02 6.716097397309397347e+06
5.893333333333333757e-02 6.679102645953360014e+06
5.906666666666666315e-02 6.650460644756250083e+06
5.920000000000000262e-02 6.622224448357982561e+06
5.933333333333334209e-02 6.584731262589656748e+06
5.946666666666666767e-02 6.559455952331735753e+06
5.960000000000000714e-02 6.534379246697120368e+06
5.973333333333333273e-02 6.515469374546747655e+06
5.986666666666667219e-02 6.489947537487573922e+06
6.000000000000000472e-02 6.467162368283892050e+06
6.013333333333333725e-02 6.429604708706494421e+06
6.026666666666666977e-02 6.415195239868982695e+06
6.040000000000000230e-02 6.373337491662813351e+06
6.053333333333333482e-02 6.346326550672408193e+06
6.066666666666666735e-02 6.329747458895767108e+06
6.079999999999999988e-02 6.303377164567969739e+06
6.093333333333333934e-02 6.297392747344099917e+06
6.106666666666666493e-02 6.271260746898336336e+06
6.120000000000000440e-02 6.251126185523050837e+06
6.133333333333332998e-02 6.223286011681981385e+06
6.146666666666666945e-02 6.197357584549744613e+06
6.160000000000000892e-02 6.167982571522551589e+06
6.173333333333333450e-02 6.144268845268904231e+06
6.186666666666667397e-02 6.121553586844141595e+06
6.199999999999999956e-02 6.097324151277849451e+06
6.213333333333333902e-02 6.085103860292144120e+06
6.226666666666667155e-02 6.063697369984003715e+06
6.240000000000000407e-02 6.042306007060747594e+06
6.253333333333334354e-02 6.015079389622895978e+06
6.266666666666666219e-02 5.988836114632840268e+06
6.280000000000000859e-02 5.967533479657040909e+06
6.293333333333332724e-02 5.934088010373649187e+06
6.306666666666667365e-02 5.904777077024749480e+06
6.320000000000000617e-02 5.885536633478945121e+06
6.333333333333333870e-02 5.864258355404263362e+06
6.346666666666667123e-02 5.848438095214455388e+06
6.360000000000000375e-02 5.833245952118110843e+06
6.373333333333333628e-02 5.813558017942311242e+06
6.386666666666666881e-02 5.786785821956014261e+06
6.400000000000000133e-02 5.782226609113205224e+06
6.413333333333333386e-02 5.763911929855509661e+06
6.426666666666666639e-02 5.745428979260114953e+06
6.439999999999999891e-02 5.721832589844091795e+06
6.453333333333334532e-02 5.713222207880663686e+06
6.466666666666666397e-02 5.691909899172838777e+06
6.480000000000001037e-02 5.681467098018708639e+06
6.493333333333332902e-02 5.665813794848018326e+06
6.506666666666667542e-02 5.649759443439273164e+06
6.519999999999999407e-02 5.635914935676986352e+06
6.533333333333334048e-02 5.608207152458068915e+06
6.546666666666667300e-02 5.599782339363431558e+06
6.560000000000000553e-02 5.576961426133195870e+06
6.573333333333333806e-02 5.563079156067879871e+06
6.586666666666667058e-02 5.545677296939744614e+06
6.600000000000000311e-02 5.517641574554068036e+06
6.613333333333333564e-02 5.500635842873077840e+06
6.626666666666666816e-02 5.475861565883394331e+06
6.640000000000000069e-02 5.450264551084455103e+06
6.653333333333333321e-02 5.421243734376205131e+06
6.666666666666666574e-02 5.401090816372869536e+06
6.680000000000001215e-02 5.378318785156794824e+06
6.693333333333333079e-02 5.357894117622012272e+06
6.706666666666667720e-02 5.344942599784938619e+06
6.719999999999999585e-02 5.329934473875856027e+06
6.733333333333334225e-02 5.311579115835513920e+06
6.746666666666666090e-02 5.283977167426270433e+06
6.760000000000000731e-02 5.268648110936469398e+06
6.773333333333333983e-02 5.255404537427604198e+06
6.786666666666667236e-02 5.238662081228935160e+06
6.800000000000000488e-02 5.224804234775313176e+06
6.813333333333333741e-02 5.205682274494086392e+06
6.826666666666666994e-02 5.195940223400246352e+06
6.840000000000000246e-02 5.182807782311298884e+06
6.853333333333333499e-02 5.172508419200654142e+06
6.866666666666666752e-02 5.159690692789985798e+06
6.880000000000000004e-02 5.141257321239830926e+06
6.893333333333333257e-02 5.126512702636114322e+06
6.906666666666667898e-02 5.111827744658399373e+06
6.919999999999999762e-02 5.103014569707326591e+06
6.933333333333334403e-02 5.093800125269538723e+06
6.946666666666666268e-02 5.083131933662095107e+06
6.960000000000000908e-02 5.073242641751947813e+06
6.973333333333332773e-02 5.056597722014216706e+06
6.986666666666667413e-02 5.036573382153226994e+06
7.000000000000000666e-02 5.020667272334258072e+06
7.013333333333333919e-02 5.003642443970842287e+06
7.026666666666667171e-02 4.980308180322266184e+06
7.040000000000000424e-02 4.956153331155618653e+06
7.053333333333333677e-02 4.946826341461781412e+06
7.066666666666666929e-02 4.932377921453713439e+06
7.080000000000000182e-02 4.913877542053388432e+06
7.093333333333333435e-02 4.896546438008797355e+06
7.106666666666666687e-02 4.881841566047949716e+06
7.119999999999999940e-02 4.867245166530722752e+06
7.133333333333334580e-02 4.850798688021251000e+06
7.146666666666666445e-02 4.841175029658108018e+06
7.160000000000001086e-02 4.820811461559551768e+06
7.173333333333332951e-02 4.797598720023741014e+06
7.186666666666667591e-02 4.775286841531051323e+06
7.199999999999999456e-02 4.759235623094519600e+06
7.213333333333334096e-02 4.744281188423567452e+06
7.226666666666667349e-02 4.734467232664687559e+06
7.240000000000000602e-02 4.721270291154312901e+06
7.253333333333333854e-02 4.707833308793681674e+06
7.266666666666667107e-02 4.697757417927093804e+06
7.280000000000000360e-02 4.682447178675788455e+06
7.293333333333333612e-02 4.676220203598104417e+06
7.306666666666666865e-02 4.664491991163676605e+06
7.320000000000000118e-02 4.654497982617709786e+06
7.333333333333333370e-02 4.637530556376003660e+06
7.346666666666666623e-02 4.620976203156646341e+06
7.360000000000001263e-02 4.607232229989822954e+06
7.373333333333333128e-02 4.598894232503114268e+06
7.386666666666667769e-02 4.585122551133650355e+06
7.399999999999999634e-02 4.579874454173781909e+06
7.413333333333334274e-02 4.575628819284816273e+06
7.426666666666666139e-02 4.553989783625341021e+06
7.440000000000000779e-02 4.542940311984484084e+06
7.453333333333334032e-02 4.527248142731529661e+06
7.466666666666667285e-02 4.510161348598077893e+06
7.480000000000000537e-02 4.496042105974592268e+06
7.493333333333333790e-02 4.472439013401696458e+06
7.506666666666667043e-02 4.461770035994358361e+06
7.520000000000000295e-02 4.453605871363074519e+06
7.533333333333333548e-02 4.445543388720152900e+06
7.546666666666666801e-02 4.430022080285170116e+06
7.560000000000000053e-02 4.417362453403718770e+06
7.573333333333333306e-02 4.408644537118503824e+06
7.586666666666667946e-02 4.388316774785807356e+06
7.599999999999999811e-02 4.376753414750799537e+06
7.613333333333334452e-02 4.355661783712058328e+06
7.626666666666666317e-02 4.338782794638989493e+06
7.640000000000000957e-02 4.327994933875137009e+06
7.653333333333332822e-02 4.310683148394921795e+06
7.666666666666667462e-02 4.300049792280890048e+06
7.680000000000000715e-02 4.286743756184564903e+06
7.693333333333333968e-02 4.275313808218957856e+06
7.706666666666667220e-02 4.265765549468207173e+06
7.720000000000000473e-02 4.249428765524118207e+06
7.733333333333333726e-02 4.238254020269224420e+06
7.746666666666666978e-02 4.222378227589842863e+06
7.760000000000000231e-02 4.211330865169271827e+06
7.773333333333333484e-02 4.199881437271710485e+06
7.786666666666666736e-02 4.190179898318479769e+06
7.799999999999999989e-02 4.176738956707301084e+06
7.813333333333334629e-02 4.171385799506259616e+06
7.826666666666666494e-02 4.166571954409919214e+06
7.840000000000001135e-02 4.162859026913888287e+06
7.853333333333333000e-02 4.151486943421678152e+06
7.866666666666667640e-02 4.138248609934376553e+06
7.879999999999999505e-02 4.128561563018640038e+06
7.893333333333334145e-02 4.119123382509385701e+06
7.906666666666667398e-02 4.107230627165241633e+06
7.920000000000000651e-02 4.089565713317316957e+06
7.933333333333333903e-02 4.075513694821836893e+06
7.946666666666667156e-02 4.061685292654876597e+06
7.960000000000000409e-02 4.049324497950801160e+06
7.973333333333333661e-02 4.044267292242807336e+06
7.986666666666666914e-02 4.029588946389723569e+06
8.000000000000000167e-02 4.021867207014810760e+06
8.013333333333333419e-02 4.019456816974496469e+06
8.026666666666666672e-02 4.011739312923971564e+06
8.039999999999999925e-02 3.996921763099869248e+06
8.053333333333333177e-02 3.978959593850060366e+06
8.066666666666667818e-02 3.969058096366155427e+06
8.079999999999999682e-02 3.957114445181623567e+06
8.093333333333334323e-02 3.949613016597189941e+06
8.106666666666666188e-02 3.943052179286468308e+06
8.120000000000000828e-02 3.938642994572741911e+06
8.133333333333334081e-02 3.929458690681994893e+06
8.146666666666667334e-02 3.920786275041640271e+06
8.160000000000000586e-02 3.912438473322622012e+06
8.173333333333333839e-02 3.898988450056937058e+06
8.186666666666667092e-02 3.889744428239009809e+06
8.200000000000000344e-02 3.878056256966407876e+06
8.213333333333333597e-02 3.864193018936812878e+06
8.226666666666666849e-02 3.855218374640817288e+06
8.240000000000000102e-02 3.845535740542354994e+06
8.253333333333333355e-02 3.839772463131272700e+06
8.266666666666666607e-02 3.826998468788621947e+06
8.279999999999999860e-02 3.824091692573598586e+06
8.293333333333334501e-02 3.813817895660685841e+06
8.306666666666666365e-02 3.799957482820907608e+06
8.320000000000001006e-02 3.787911603552170563e+06
8.333333333333332871e-02 3.782350371509330347e+06
8.346666666666667511e-02 3.775046239852781408e+06
8.360000000000000764e-02 3.759850065250257030e+06
8.373333333333334016e-02 3.751272149547294714e+06
8.386666666666665881e-02 3.743160774635119829e+06
8.400000000000000522e-02 3.733103599619864020e+06
8.413333333333333774e-02 3.722551804163925815e+06
8.426666666666667027e-02 3.717062938620585017e+06
8.440000000000001668e-02 3.708487132504355628e+06
8.453333333333333532e-02 3.698627005697084591e+06
8.466666666666666785e-02 3.693444513011031318e+06
8.480000000000000038e-02 3.683225686194134876e+06
8.493333333333334678e-02 3.669969187608710025e+06
8.506666666666667931e-02 3.658320581788800657e+06
8.519999999999999796e-02 3.652050753675784916e+06
8.533333333333333048e-02 3.642778959877547808e+06
8.546666666666667689e-02 3.632904647860863246e+06
8.560000000000000941e-02 3.623853030635542236e+06
8.573333333333334194e-02 3.618611713739428669e+06
8.586666666666666059e-02 3.609845586580095347e+06
8.600000000000000699e-02 3.598786886179198977e+06
8.613333333333333952e-02 3.587218406613894273e+06
8.626666666666667205e-02 3.576178336206398904e+06
8.639999999999999070e-02 3.565052848997546826e+06
8.653333333333333710e-02 3.554465559022577479e+06
8.666666666666666963e-02 3.546749975464752410e+06
8.680000000000000215e-02 3.539391915986699052e+06
8.693333333333334856e-02 3.529204342459412757e+06
8.706666666666666721e-02 3.525796793734942563e+06
8.719999999999999973e-02 3.517253601282169111e+06
8.733333333333333226e-02 3.506963977503817528e+06
8.746666666666667866e-02 3.494271604777246248e+06
8.760000000000001119e-02 3.485949186864408664e+06
8.773333333333332984e-02 3.475927715248704422e+06
8.786666666666666237e-02 3.462225023204885423e+06
8.800000000000000877e-02 3.455956981445237994e+06
8.813333333333334130e-02 3.448852503263943829e+06
8.826666666666667382e-02 3.439549233888699673e+06
8.839999999999999247e-02 3.433680188924053684e+06
8.853333333333333888e-02 3.423906123481508344e+06
8.866666666666667140e-02 3.415331138174667954e+06
8.880000000000000393e-02 3.404484326586452778e+06
8.893333333333335033e-02 3.395713765218581539e+06
8.906666666666666898e-02 3.386907157085392624e+06
8.920000000000000151e-02 3.382280861785615794e+06
8.933333333333333404e-02 3.376776382415689062e+06
8.946666666666668044e-02 3.369734295479699038e+06
8.960000000000001297e-02 3.362919132868379354e+06
8.973333333333333162e-02 3.349633648542795330e+06
8.986666666666666414e-02 3.344959337709764950e+06
9.000000000000001055e-02 3.334235384092021268e+06
9.013333333333334307e-02 3.318935084251671098e+06
9.026666666666667560e-02 3.311946450658930466e+06
9.039999999999999425e-02 3.304062145000132266e+06
9.053333333333334065e-02 3.294256352129204664e+06
9.066666666666667318e-02 3.285851647265829146e+06
9.080000000000000571e-02 3.281396475653775036e+06
9.093333333333332436e-02 3.275890515338666271e+06
9.106666666666667076e-02 3.269232632543070242e+06
9.120000000000000329e-02 3.266590182220137678e+06
9.133333333333333581e-02 3.259751547047401778e+06
9.146666666666668222e-02 3.252430967034084257e+06
9.160000000000000087e-02 3.244788706135880202e+06
9.173333333333333339e-02 3.238874005089075770e+06
9.186666666666666592e-02 3.229690402321974281e+06
9.200000000000001232e-02 3.220464247266639490e+06
9.213333333333334485e-02 3.211067612849696074e+06
9.226666666666666350e-02 3.207074869147229008e+06
9.239999999999999603e-02 3.200662649550173897e+06
9.253333333333334243e-02 3.194571714161647018e+06
9.266666666666667496e-02 3.188479103353571612e+06
9.280000000000000748e-02 3.177692220058284234e+06
9.293333333333332613e-02 3.171130934013282880e+06
9.306666666666667254e-02 3.162990238734605722e+06
9.320000000000000506e-02 3.150627074196812697e+06
9.333333333333333759e-02 3.144550790250212885e+06
9.346666666666668399e-02 3.134100249973936006e+06
9.360000000000000264e-02 3.128865525319475215e+06
9.373333333333333517e-02 3.123243702706436627e+06
9.386666666666666770e-02 3.119310564558185637e+06
9.400000000000001410e-02 3.112937620391691569e+06
9.413333333333334663e-02 3.103312590943057090e+06
9.426666666666666528e-02 3.100084059110854752e+06
9.439999999999999780e-02 3.093312563423661515e+06
9.453333333333334421e-02 3.086744777986919507e+06
9.466666666666667673e-02 3.077338197784402408e+06
9.479999999999999538e-02 3.070879462136966176e+06
9.493333333333332791e-02 3.062294184564642608e+06
9.506666666666667431e-02 3.055000279210366309e+06
9.520000000000000684e-02 3.047253018232652452e+06
9.533333333333333937e-02 3.040166614268381614e+06
9.546666666666665801e-02 3.039972243327978533e+06
9.560000000000000442e-02 3.035665806857089046e+06
9.573333333333333695e-02 3.029081852010553703e+06
9.586666666666666947e-02 3.019093768549366388e+06
9.600000000000001588e-02 3.014889613370365929e+06
9.613333333333333452e-02 3.011165412192014512e+06
9.626666666666666705e-02 3.003922630560797174e+06
9.639999999999999958e-02 2.998667661340782885e+06
9.653333333333334598e-02 2.992497587257385720e+06
9.666666666666667851e-02 2.990750282993287314e+06
9.679999999999999716e-02 2.984853083926022984e+06
9.693333333333332968e-02 2.980687758528694976e+06
9.706666666666667609e-02 2.979804089996399824e+06
9.720000000000000862e-02 2.974021648082972970e+06
9.733333333333334114e-02 2.971696231668181252e+06
9.746666666666665979e-02 2.961269323065067641e+06
9.760000000000000620e-02 2.952754323654656298e+06
9.773333333333333872e-02 2.946278435080707073e+06
9.786666666666667125e-02 2.938709721814407036e+06
9.800000000000001765e-02 2.931411921532520093e+06
9.813333333333333630e-02 2.925523346754057799e+06
9.826666666666666883e-02 2.918786858692687936e+06
9.840000000000000135e-02 2.909234882190728094e+06
9.853333333333334776e-02 2.906030162692290731e+06
9.866666666666668029e-02 2.901607870167252142e+06
9.879999999999999893e-02 2.893946086304853670e+06
9.893333333333333146e-02 2.887740500128283165e+06
9.906666666666667787e-02 2.881207998798523098e+06
9.920000000000001039e-02 2.873358056951707229e+06
9.933333333333332904e-02 2.868736589935249649e+06
9.946666666666666157e-02 2.863360707491440233e+06
9.960000000000000797e-02 2.860607692618120927e+06
9.973333333333334050e-02 2.852835563040068373e+06
9.986666666666667302e-02 2.850508912909617648e+06
9.999999999999999167e-02 2.848538122900832444e+06
1.001333333333333381e-01 2.842889791937557049e+06
1.002666666666666706e-01 2.835019257463739719e+06
1.004000000000000031e-01 2.832006985654150601e+06
1.005333333333333495e-01 2.827807179480602033e+06
1.006666666666666682e-01 2.822150931970643811e+06
1.008000000000000007e-01 2.817965126775135286e+06
1.009333333333333332e-01 2.811696233147127554e+06
1.010666666666666796e-01 2.807411704455710016e+06
1.012000000000000122e-01 2.802508925522945356e+06
1.013333333333333308e-01 2.798124666065922938e+06
1.014666666666666633e-01 2.791380967416128609e+06
1.016000000000000097e-01 2.784682133053477388e+06
1.017333333333333423e-01 2.777498193850663956e+06
1.018666666666666748e-01 2.770615275921719614e+06
1.019999999999999934e-01 2.761850711701182183e+06
1.021333333333333399e-01 2.755943020120634697e+06
1.022666666666666724e-01 2.751788704830863979e+06
1.024000000000000049e-01 2.748707055857613217e+06
1.025333333333333513e-01 2.744719460509137716e+06
1.026666666666666700e-01 2.738240423284060322e+06
1.028000000000000025e-01 2.733482874446665868e+06
1.029333333333333350e-01 2.724808434658237733e+06
1.030666666666666814e-01 2.715249849295455031e+06
1.032000000000000139e-01 2.710838090045592748e+06
1.033333333333333326e-01 2.702910155658151954e+06
1.034666666666666651e-01 2.694333431470807642e+06
1.036000000000000115e-01 2.688364741330184508e+06
1.037333333333333441e-01 2.684068158300568815e+06
1.038666666666666627e-01 2.679295008037707768e+06
1.039999999999999952e-01 2.673643931392355356e+06
1.041333333333333416e-01 2.672637249403582420e+06
1.042666666666666742e-01 2.663257837659785524e+06
1.044000000000000067e-01 2.659726330335220788e+06
1.045333333333333253e-01 2.653351174021213315e+06
1.046666666666666717e-01 2.648210849253313616e+06
1.048000000000000043e-01 2.640209068092366215e+06
1.049333333333333368e-01 2.634154148939571809e+06
1.050666666666666832e-01 2.631788480293011293e+06
1.052000000000000018e-01 2.627361028350617737e+06
1.053333333333333344e-01 2.624918626659053843e+06
1.054666666666666669e-01 2.621205695554213133e+06
1.056000000000000133e-01 2.617693528861007653e+06
1.057333333333333458e-01 2.614915882139748428e+06
1.058666666666666645e-01 2.607581155879193917e+06
1.059999999999999970e-01 2.604590983337802812e+06
1.061333333333333434e-01 2.596485154530673753e+06
1.062666666666666759e-01 2.591898717838035431e+06
1.064000000000000085e-01 2.586930114828451071e+06
1.065333333333333271e-01 2.582430675632786937e+06
1.066666666666666735e-01 2.578261379510034807e+06
1.068000000000000060e-01 2.572162779204037506e+06
1.069333333333333386e-01 2.570206166623985860e+06
1.070666666666666850e-01 2.566755596963746008e+06
1.072000000000000036e-01 2.564659850894358475e+06
1.073333333333333361e-01 2.560461714819947723e+06
1.074666666666666687e-01 2.551622379599365871e+06
1.076000000000000151e-01 2.548581155800862703e+06
1.077333333333333476e-01 2.542595695329135749e+06
1.078666666666666663e-01 2.537900399090701248e+06
1.079999999999999988e-01 2.534090576847775374e+06
1.081333333333333452e-01 2.534008999624799937e+06
1.082666666666666777e-01 2.532022094752692617e+06
1.083999999999999964e-01 2.527661300153031014e+06
1.085333333333333289e-01 2.523107775774269830e+06
1.086666666666666753e-01 2.517429110937378835e+06
1.088000000000000078e-01 2.515211479748351499e+06
1.089333333333333403e-01 2.509586010485601146e+06
1.090666666666666590e-01 2.504145489390383475e+06
1.092000000000000054e-01 2.498613988512864336e+06
1.093333333333333379e-01 2.494507837521262933e+06
1.094666666666666704e-01 2.489730407211360522e+06
1.096000000000000169e-01 2.485822396889052354e+06
1.097333333333333355e-01 2.482960133377845399e+06
1.098666666666666680e-01 2.477711887345328927e+06
1.100000000000000006e-01 2.473426627994282171e+06
1.101333333333333470e-01 2.466931735760572832e+06
1.102666666666666795e-01 2.461420948872789741e+06
1.103999999999999981e-01 2.456344337123002391e+06
1.105333333333333307e-01 2.452395894655792043e+06
1.106666666666666771e-01 2.448620814016242512e+06
1.108000000000000096e-01 2.445793027176557574e+06
1.109333333333333421e-01 2.440970298836290836e+06
1.110666666666666608e-01 2.435825869425705168e+06
1.112000000000000072e-01 2.432843658278402872e+06
1.113333333333333397e-01 2.429680874658698216e+06
1.114666666666666722e-01 2.425456094698704779e+06
1.116000000000000186e-01 2.424321414228070062e+06
1.117333333333333373e-01 2.423135438776418101e+06
1.118666666666666698e-01 2.422034663576133084e+06
1.120000000000000023e-01 2.419096893793935888e+06
1.121333333333333487e-01 2.418822345137640368e+06
1.122666666666666813e-01 2.415571493737772107e+06
1.123999999999999999e-01 2.412966819849193562e+06
1.125333333333333324e-01 2.411840586358727887e+06
1.126666666666666788e-01 2.410570156940607820e+06
1.128000000000000114e-01 2.410617496687175706e+06
1.129333333333333300e-01 2.403225645080863498e+06
1.130666666666666625e-01 2.396947385945122689e+06
1.132000000000000089e-01 2.391835972636626102e+06
1.133333333333333415e-01 2.389326569190661423e+06
1.134666666666666740e-01 2.385595194957833271e+06
1.135999999999999927e-01 2.382541736073573586e+06
1.137333333333333391e-01 2.380531297395738307e+06
1.138666666666666716e-01 2.376012067644886672e+06
1.140000000000000041e-01 2.373968627119918354e+06
1.141333333333333505e-01 2.370827049701371230e+06
1.142666666666666692e-01 2.370760329671798740e+06
1.144000000000000017e-01 2.366490272793371696e+06
1.145333333333333342e-01 2.361877716031482909e+06
1.146666666666666806e-01 2.359225317589843180e+06
1.148000000000000131e-01 2.355110330788641702e+06
1.149333333333333318e-01 2.352353251268807333e+06
1.150666666666666643e-01 2.352592386577501893e+06
1.152000000000000107e-01 2.354198787441494409e+06
1.153333333333333433e-01 2.350205119069981854e+06
1.154666666666666758e-01 2.348066585943915416e+06
1.155999999999999944e-01 2.343848886972445529e+06
1.157333333333333408e-01 2.339745934143545106e+06
1.158666666666666734e-01 2.335631679991036654e+06
1.160000000000000059e-01 2.333083412229797803e+06
1.161333333333333523e-01 2.330711047764824238e+06
1.162666666666666709e-01 2.327547325695093721e+06
1.164000000000000035e-01 2.327779382507591508e+06
1.165333333333333360e-01 2.324282497170169372e+06
1.166666666666666824e-01 2.322446489877129905e+06
1.168000000000000010e-01 2.319983933504056185e+06
1.169333333333333336e-01 2.316217202201950364e+06
1.170666666666666661e-01 2.314551994934813119e+06
1.172000000000000125e-01 2.310519729055892676e+06
1.173333333333333450e-01 2.307385393980664201e+06
1.174666666666666637e-01 2.304660293174841907e+06
1.175999999999999962e-01 2.301823749916372821e+06
1.177333333333333426e-01 2.300996348838886246e+06
1.178666666666666751e-01 2.298054445900030434e+06
1.180000000000000077e-01 2.295856211798212491e+06
1.181333333333333263e-01 2.292057719481824432e+06
1.182666666666666727e-01 2.289762975140364375e+06
1.184000000000000052e-01 2.288675767172589898e+06
1.185333333333333378e-01 2.284390217480080668e+06
1.186666666666666842e-01 2.284077650645751972e+06
1.188000000000000028e-01 2.281011563009520061e+06
1.189333333333333353e-01 2.279178994663554709e+06
1.190666666666666679e-01 2.274380787659216672e+06
1.192000000000000143e-01 2.271554579564018641e+06
1.193333333333333468e-01 2.270026051018381957e+06
1.194666666666666655e-01 2.268409982430974953e+06
1.195999999999999980e-01 2.268655350025445689e+06
1.197333333333333444e-01 2.266783318979725707e+06
1.198666666666666769e-01 2.264930720907880925e+06
1.200000000000000094e-01 2.261911126806933433e+06
1.201333333333333281e-01 2.257298904741033446e+06
1.202666666666666745e-01 2.255762038804409560e+06
1.204000000000000070e-01 2.253186761069492903e+06
1.205333333333333395e-01 2.252418269239255227e+06
1.206666666666666859e-01 2.250758698192280717e+06
1.208000000000000046e-01 2.247403958945938852e+06
1.209333333333333371e-01 2.244864808692023158e+06
1.210666666666666696e-01 2.243833028973995708e+06
1.212000000000000161e-01 2.241907444779980928e+06
1.213333333333333347e-01 2.238035946187210735e+06
1.214666666666666672e-01 2.235153512963447720e+06
1.215999999999999998e-01 2.230603611880146433e+06
1.217333333333333462e-01 2.226796103801095393e+06
1.218666666666666787e-01 2.222776793389466591e+06
1.219999999999999973e-01 2.220561074761515483e+06
1.221333333333333299e-01 2.218694178411595989e+06
1.222666666666666763e-01 2.216756064089553896e+06
1.224000000000000088e-01 2.213802991303736344e+06
1.225333333333333413e-01 2.212624364987078588e+06
1.226666666666666600e-01 2.209596631907735020e+06
1.228000000000000064e-01 2.204417969080714509e+06
1.229333333333333389e-01 2.201627909518374596e+06
1.230666666666666714e-01 2.199423806982721202e+06
1.232000000000000178e-01 2.196524061468507629e+06
1.233333333333333365e-01 2.196856212774296291e+06
1.234666666666666690e-01 2.197257628775120713e+06
1.236000000000000015e-01 2.196039633018031716e+06
1.237333333333333479e-01 2.195689233022086322e+06
1.238666666666666805e-01 2.195006437449298799e+06
1.239999999999999991e-01 2.194235620095858350e+06
1.241333333333333316e-01 2.192979683267823420e+06
1.242666666666666780e-01 2.189845881769455504e+06
1.244000000000000106e-01 2.190168280742651317e+06
1.245333333333333431e-01 2.186565487870525569e+06
1.246666666666666617e-01 2.184524481273864862e+06
1.248000000000000081e-01 2.180776364389848895e+06
1.249333333333333407e-01 2.180060198214236647e+06
1.250666666666666871e-01 2.178762793380716350e+06
1.252000000000000057e-01 2.175343504451006651e+06
1.253333333333333244e-01 2.174488420518526342e+06
1.254666666666666708e-01 2.173875423336099833e+06
1.256000000000000172e-01 2.168938380395209417e+06
1.257333333333333358e-01 2.166994238291548565e+06
1.258666666666666545e-01 2.164000566570537165e+06
1.260000000000000009e-01 2.162952677697289735e+06
1.261333333333333473e-01 2.158734072316536214e+06
1.262666666666666659e-01 2.157471818919561803e+06
1.264000000000000123e-01 2.156226454368884210e+06
1.265333333333333310e-01 2.156670521663229447e+06
1.266666666666666774e-01 2.156218544353297912e+06
1.267999999999999960e-01 2.152448352024670225e+06
1.269333333333333425e-01 2.151022845406743698e+06
1.270666666666666889e-01 2.148487927641423885e+06
1.272000000000000075e-01 2.143370001316659618e+06
1.273333333333333262e-01 2.141822914962967858e+06
1.274666666666666726e-01 2.138651250950493384e+06
1.276000000000000190e-01 2.137196451688378118e+06
1.277333333333333376e-01 2.134633784955238923e+06
1.278666666666666563e-01 2.134019842398873996e+06
1.280000000000000027e-01 2.132779368622202426e+06
1.281333333333333491e-01 2.131266859987594653e+06
1.282666666666666677e-01 2.130256058636239264e+06
1.284000000000000141e-01 2.129402370379028842e+06
1.285333333333333328e-01 2.127652221319895703e+06
1.286666666666666792e-01 2.122978922866049688e+06
1.287999999999999978e-01 2.119876351363810711e+06
1.289333333333333442e-01 2.118340492551179603e+06
1.290666666666666906e-01 2.115623553036581259e+06
1.292000000000000093e-01 2.113904198995283805e+06
1.293333333333333279e-01 2.111991989100907464e+06
1.294666666666666743e-01 2.110480271046728361e+06
1.296000000000000207e-01 2.109231882224538829e+06
1.297333333333333394e-01 2.106168420586207882e+06
1.298666666666666580e-01 2.103925920546669513e+06
1.300000000000000044e-01 2.100322074035397731e+06
1.301333333333333508e-01 2.099001967100522015e+06
1.302666666666666695e-01 2.097282238252389710e+06
1.303999999999999881e-01 2.094352863037201343e+06
1.305333333333333345e-01 2.092840591434261762e+06
1.306666666666666810e-01 2.092140823823679239e+06
1.307999999999999996e-01 2.091549440227092709e+06
1.309333333333333460e-01 2.089649128238923149e+06
1.310666666666666647e-01 2.087588456394470064e+06
1.312000000000000111e-01 2.085020087237288943e+06
1.313333333333333297e-01 2.084502940718210302e+06
1.314666666666666761e-01 2.081198151705344208e+06
1.316000000000000225e-01 2.078465887471190887e+06
1.317333333333333412e-01 2.076647187877217308e+06
1.318666666666666598e-01 2.074624498229539255e+06
1.320000000000000062e-01 2.073915485200692201e+06
1.321333333333333526e-01 2.072535402014712803e+06
1.322666666666666713e-01 2.072532784910262795e+06
1.323999999999999899e-01 2.072009152711812174e+06
1.325333333333333363e-01 2.070974455903349910e+06
1.326666666666666827e-01 2.068616808470574906e+06
1.328000000000000014e-01 2.066472383755549090e+06
1.329333333333333478e-01 2.063671809402214130e+06
1.330666666666666664e-01 2.060181465966797899e+06
1.332000000000000128e-01 2.057975814881075639e+06
1.333333333333333315e-01 2.057336711998447543e+06
1.334666666666666779e-01 2.057047234408168588e+06
1.336000000000000243e-01 2.057454673723425018e+06
1.337333333333333429e-01 2.058400809096212266e+06
1.338666666666666616e-01 2.057381496227019699e+06
1.340000000000000080e-01 2.057362900213904912e+06
1.341333333333333544e-01 2.054958381227809237e+06
1.342666666666666730e-01 2.051108165746001061e+06
1.343999999999999917e-01 2.048588427784080617e+06
1.345333333333333381e-01 2.046257418237209320e+06
1.346666666666666845e-01 2.041997086237764452e+06
1.348000000000000032e-01 2.041054945629484486e+06
1.349333333333333218e-01 2.040420678292473778e+06
1.350666666666666682e-01 2.039231614346346585e+06
1.352000000000000146e-01 2.040084574489600491e+06
1.353333333333333333e-01 2.041452880027738633e+06
1.354666666666666797e-01 2.039760778365562670e+06
1.355999999999999983e-01 2.037330903251099633e+06
1.357333333333333447e-01 2.035289802433779696e+06
1.358666666666666634e-01 2.031876584703213302e+06
1.360000000000000098e-01 2.030029464939931175e+06
1.361333333333333562e-01 2.028086789261967409e+06
1.362666666666666748e-01 2.027706515163135715e+06
1.363999999999999935e-01 2.027567571336829802e+06
1.365333333333333399e-01 2.027288251682367874e+06
1.366666666666666863e-01 2.026342848045268096e+06
1.368000000000000049e-01 2.024333012765716063e+06
1.369333333333333236e-01 2.021684405417443253e+06
1.370666666666666700e-01 2.019582500617774203e+06
1.372000000000000164e-01 2.017837385626209667e+06
1.373333333333333350e-01 2.014641678368743043e+06
1.374666666666666814e-01 2.011818385909050470e+06
1.376000000000000001e-01 2.011243949810929364e+06
1.377333333333333465e-01 2.009884769177189097e+06
1.378666666666666651e-01 2.006525095156376949e+06
1.380000000000000115e-01 2.005905451971715549e+06
1.381333333333333580e-01 2.004397367251551477e+06
1.382666666666666766e-01 2.004376834697115235e+06
1.383999999999999952e-01 2.000723420699836453e+06
1.385333333333333417e-01 1.999148230813459028e+06
1.386666666666666881e-01 1.998139554994320264e+06
1.388000000000000067e-01 1.996878006588770077e+06
1.389333333333333254e-01 1.994006585271751508e+06
1.390666666666666718e-01 1.992919849164109677e+06
1.392000000000000182e-01 1.993299799669916043e+06
1.393333333333333368e-01 1.992360250862608664e+06
1.394666666666666555e-01 1.990353975739978720e+06
1.396000000000000019e-01 1.990528755804980872e+06
1.397333333333333483e-01 1.990494697067377158e+06
1.398666666666666669e-01 1.989501868715990800e+06
1.400000000000000133e-01 1.988147077090469655e+06
1.401333333333333320e-01 1.986124428346565925e+06
1.402666666666666784e-01 1.984060486828472232e+06
1.403999999999999970e-01 1.982598607411905192e+06
1.405333333333333434e-01 1.980372565713591408e+06
1.406666666666666898e-01 1.979585970625646645e+06
1.408000000000000085e-01 1.979898792485261103e+06
1.409333333333333271e-01 1.978327353693463607e+06
1.410666666666666735e-01 1.977001621535136830e+06
1.412000000000000199e-01 1.977307124935208354e+06
1.413333333333333386e-01 1.975175422003658256e+06
1.414666666666666572e-01 1.972753362636337057e+06
1.416000000000000036e-01 1.969777478182115825e+06
1.417333333333333500e-01 1.969665593685157131e+06
1.418666666666666687e-01 1.967854794818314491e+06
1.420000000000000151e-01 1.965953026152244071e+06
1.421333333333333337e-01 1.965726154747217428e+06
1.422666666666666802e-01 1.964299154406054644e+06
1.423999999999999988e-01 1.964576198931604857e+06
1.425333333333333452e-01 1.963450170702252770e+06
1.426666666666666916e-01 1.961995089317691512e+06
1.428000000000000103e-01 1.958578040548154619e+06
1.429333333333333289e-01 1.954978894219476031e+06
1.430666666666666753e-01 1.952469303965148982e+06
1.432000000000000217e-01 1.950432837207006291e+06
1.433333333333333404e-01 1.948621080374357291e+06
1.434666666666666590e-01 1.949086387875669869e+06
1.436000000000000054e-01 1.949694877630776260e+06
1.437333333333333518e-01 1.948626814128820552e+06
1.438666666666666705e-01 1.946637939714200795e+06
1.439999999999999891e-01 1.945935732805015985e+06
1.441333333333333355e-01 1.944047370220321463e+06
1.442666666666666819e-01 1.943290421390486183e+06
1.444000000000000006e-01 1.942526570457371650e+06
1.445333333333333470e-01 1.939655128088997910e+06
1.446666666666666656e-01 1.938221402217596071e+06
1.448000000000000120e-01 1.938274011997853173e+06
1.449333333333333307e-01 1.937811136307726847e+06
1.450666666666666771e-01 1.937980070655600401e+06
1.452000000000000235e-01 1.937309718079633079e+06
1.453333333333333421e-01 1.935762078715594718e+06
1.454666666666666608e-01 1.934539797850207426e+06
1.456000000000000072e-01 1.933414126348248217e+06
1.457333333333333536e-01 1.930797837785737356e+06
1.458666666666666722e-01 1.928361448762756074e+06
1.459999999999999909e-01 1.925938556055814261e+06
1.461333333333333373e-01 1.924501782467030454e+06
1.462666666666666837e-01 1.924255082964260131e+06
1.464000000000000024e-01 1.923889474409813527e+06
1.465333333333333488e-01 1.922478297038919525e+06
1.466666666666666674e-01 1.922461313112483826e+06
1.468000000000000138e-01 1.920658411561655812e+06
1.469333333333333325e-01 1.918870893079434754e+06
1.470666666666666789e-01 1.915315257093749242e+06
1.472000000000000253e-01 1.913730242626011139e+06
1.473333333333333439e-01 1.912972214646822307e+06
1.474666666666666626e-01 1.912362921411793213e+06
1.476000000000000090e-01 1.910002091191144893e+06
1.477333333333333554e-01 1.909901151479729451e+06
1.478666666666666740e-01 1.910021178723233519e+06
1.479999999999999927e-01 1.909311068858537124e+06
1.481333333333333391e-01 1.908477320465636207e+06
1.482666666666666855e-01 1.906885163950386923e+06
1.484000000000000041e-01 1.904087703670242801e+06
1.485333333333333228e-01 1.902795735583534930e+06
1.486666666666666692e-01 1.902943649486721260e+06
1.488000000000000156e-01 1.899472818078398006e+06
1.489333333333333342e-01 1.897799538492318941e+06
1.490666666666666806e-01 1.897107840132686077e+06
1.491999999999999993e-01 1.896921974601899739e+06
1.493333333333333457e-01 1.897161153785258532e+06
1.494666666666666643e-01 1.896851747209487017e+06
1.496000000000000107e-01 1.896125289546213578e+06
1.497333333333333572e-01 1.894166482113168342e+06
1.498666666666666758e-01 1.892136074902555207e+06
1.499999999999999944e-01 1.889113342858062359e+06
1.501333333333333409e-01 1.885574879394014366e+06
1.502666666666666873e-01 1.883685454363529803e+06
1.504000000000000059e-01 1.883143114690528484e+06
1.505333333333333246e-01 1.882656066469322424e+06
1.506666666666666710e-01 1.882207870824208949e+06
1.508000000000000174e-01 1.880841324158637784e+06
1.509333333333333360e-01 1.881906201467139181e+06
1.510666666666666824e-01 1.880647753056546906e+06
1.512000000000000011e-01 1.880107300074456027e+06
1.513333333333333475e-01 1.878796596499928506e+06
1.514666666666666661e-01 1.878228397835076787e+06
1.516000000000000125e-01 1.874985818570205709e+06
1.517333333333333589e-01 1.871693760619604960e+06
1.518666666666666776e-01 1.871114732621673960e+06
1.519999999999999962e-01 1.869562310855680844e+06
1.521333333333333426e-01 1.868419867484640330e+06
1.522666666666666890e-01 1.868296453819997841e+06
1.524000000000000077e-01 1.868865663379841018e+06
1.525333333333333263e-01 1.868068069623103132e+06
1.526666666666666727e-01 1.865347802382586058e+06
1.528000000000000191e-01 1.863676436108699301e+06
1.529333333333333378e-01 1.862041055104375817e+06
1.530666666666666564e-01 1.861474127158673480e+06
1.532000000000000028e-01 1.858722394042630913e+06
1.533333333333333492e-01 1.856975984484361252e+06
1.534666666666666679e-01 1.857273407123624347e+06
1.536000000000000143e-01 1.857248962998678442e+06
1.537333333333333329e-01 1.857588110537101515e+06
1.538666666666666794e-01 1.856759688634835416e+06
1.539999999999999980e-01 1.856467176270741271e+06
1.541333333333333444e-01 1.855031407859564992e+06
1.542666666666666908e-01 1.853410227072436130e+06
1.544000000000000095e-01 1.851932860736828530e+06
1.545333333333333281e-01 1.850381596877772594e+06
1.546666666666666745e-01 1.850643106110792141e+06
1.548000000000000209e-01 1.850886953827355755e+06
1.549333333333333396e-01 1.849398242727455450e+06
1.550666666666666582e-01 1.847673369493313367e+06
1.552000000000000046e-01 1.845344716352758231e+06
1.553333333333333510e-01 1.844409091107475106e+06
1.554666666666666697e-01 1.843408421754781622e+06
1.556000000000000161e-01 1.841000555623035179e+06
1.557333333333333347e-01 1.839918880863217870e+06
1.558666666666666811e-01 1.837490597997910809e+06
1.559999999999999998e-01 1.835232170722521143e+06
1.561333333333333462e-01 1.833616873532339465e+06
1.562666666666666926e-01 1.833444801290399395e+06
1.564000000000000112e-01 1.833693184640726540e+06
1.565333333333333299e-01 1.833912159767226549e+06
1.566666666666666763e-01 1.833694061832583742e+06
1.568000000000000227e-01 1.832423259598388104e+06
1.569333333333333413e-01 1.832125510357626015e+06
1.570666666666666600e-01 1.830927365219513187e+06
1.572000000000000064e-01 1.828836589730816660e+06
1.573333333333333528e-01 1.828594182047749870e+06
1.574666666666666714e-01 1.827777112016744679e+06
1.575999999999999901e-01 1.828587985358891310e+06
1.577333333333333365e-01 1.827904802864151774e+06
1.578666666666666829e-01 1.828986131898255320e+06
1.580000000000000016e-01 1.829558455214251531e+06
1.581333333333333480e-01 1.828213070234718500e+06
1.582666666666666666e-01 1.829119704330146546e+06
1.584000000000000130e-01 1.827850597488634987e+06
1.585333333333333317e-01 1.827458206723838812e+06
1.586666666666666781e-01 1.825460412820650265e+06
1.588000000000000245e-01 1.823231479133362416e+06
1.589333333333333431e-01 1.823097539085821947e+06
1.590666666666666618e-01 1.821035080933904508e+06
1.592000000000000082e-01 1.821588876935630338e+06
1.593333333333333546e-01 1.820524013532042736e+06
1.594666666666666732e-01 1.821378067484292202e+06
1.595999999999999919e-01 1.821668233417291427e+06
1.597333333333333383e-01 1.822060120254797861e+06
1.598666666666666847e-01 1.820810727100492455e+06
1.600000000000000033e-01 1.819505309233646374e+06
1.601333333333333497e-01 1.819494111852624221e+06
1.602666666666666684e-01 1.818631745994897094e+06
1.604000000000000148e-01 1.816752490412903950e+06
1.605333333333333334e-01 1.817447734539406840e+06
1.606666666666666798e-01 1.816624864878708264e+06
1.607999999999999985e-01 1.816449901169242337e+06
1.609333333333333449e-01 1.816765316137752961e+06
1.610666666666666635e-01 1.816357871538114036e+06
1.612000000000000099e-01 1.815104648252019659e+06
1.613333333333333564e-01 1.813389973053598311e+06
1.614666666666666750e-01 1.814107722980702529e+06
1.615999999999999936e-01 1.813140052667555865e+06
1.617333333333333401e-01 1.813280456495412858e+06
1.618666666666666865e-01 1.810991956996418070e+06
1.620000000000000051e-01 1.811589194126321003e+06
1.621333333333333238e-01 1.811801183712852886e+06
1.622666666666666702e-01 1.810016269162079552e+06
1.624000000000000166e-01 1.811320827041336335e+06
1.625333333333333352e-01 1.813522752388421679e+06
1.626666666666666816e-01 1.814624026136007626e+06
1.628000000000000003e-01 1.813202213506774511e+06
1.629333333333333467e-01 1.813043589282582514e+06
1.630666666666666653e-01 1.811536407241074368e+06
1.632000000000000117e-01 1.810509492023933213e+06
1.633333333333333581e-01 1.811708939036192140e+06
1.634666666666666768e-01 1.811842684360998450e+06
1.635999999999999954e-01 1.813545208897378063e+06
1.637333333333333418e-01 1.814377370905142743e+06
1.638666666666666882e-01 1.812121816075547133e+06
1.640000000000000069e-01 1.811437786419030046e+06
1.641333333333333255e-01 1.810347670741149690e+06
1.642666666666666719e-01 1.810464307086852612e+06
1.644000000000000183e-01 1.810658714637181954e+06
1.645333333333333370e-01 1.811307248987518484e+06
1.646666666666666834e-01 1.812018454219173407e+06
1.648000000000000020e-01 1.812735242580374004e+06
1.649333333333333484e-01 1.811906796595334308e+06
1.650666666666666671e-01 1.812183986834252020e+06
1.652000000000000135e-01 1.812536480589938350e+06
1.653333333333333321e-01 1.812865785844471771e+06
1.654666666666666786e-01 1.810889761540498585e+06
1.655999999999999972e-01 1.811308140861072345e+06
1.657333333333333436e-01 1.810662335966655286e+06
1.658666666666666900e-01 1.809095870403751964e+06
1.660000000000000087e-01 1.809395942629711470e+06
1.661333333333333273e-01 1.808854067564286524e+06
1.662666666666666737e-01 1.808850047741977265e+06
1.664000000000000201e-01 1.809669817958570784e+06
1.665333333333333388e-01 1.809989635010785423e+06
