0.000000000000000000e+00 1.842822011603242252e+06
1.333333333333333397e-04 8.110722817729098722e+06
2.666666666666666794e-04 2.869534717730405182e+07
4.000000000000000192e-04 6.960623541124711931e+07
5.333333333333333589e-04 1.283354404808578938e+08
6.666666666666666444e-04 2.302285932983672321e+08
8.000000000000000383e-04 2.435707916120698452e+08
9.333333333333333239e-04 4.378108266049855351e+08
1.066666666666666718e-03 7.406195097879761457e+08
1.200000000000000112e-03 9.460608893727329969e+08
1.333333333333333289e-03 1.137579952103826523e+09
1.466666666666666683e-03 2.083193694955163002e+09
1.600000000000000077e-03 2.627020732402739048e+09
1.733333333333333471e-03 3.533970213423131466e+09
1.866666666666666648e-03 4.458777695213745117e+09
2.000000000000000042e-03 6.987799562198606491e+09
2.133333333333333436e-03 1.082022897639393616e+10
2.266666666666666829e-03 1.368660995534854507e+10
2.400000000000000223e-03 1.398970685852942848e+10
2.533333333333333184e-03 8.655628771551763535e+09
2.666666666666666578e-03 9.704381485905206680e+09
2.800000000000000405e-03 8.684070460634687424e+09
2.933333333333333365e-03 6.797943857922261238e+09
3.066666666666666759e-03 8.114891887000131607e+09
3.200000000000000153e-03 7.029215561360407829e+09
3.333333333333333547e-03 1.048851506852600098e+10
3.466666666666666941e-03 1.482917211673749352e+10
3.600000000000000335e-03 1.635085238761962700e+10
3.733333333333333295e-03 1.238374051259365654e+10
3.866666666666667123e-03 8.185249047848765373e+09
4.000000000000000083e-03 5.078484665489849091e+09
4.133333333333333477e-03 3.749697163304585457e+09
4.266666666666666871e-03 2.775864153441106796e+09
4.400000000000000265e-03 2.261806216338955879e+09
4.533333333333333659e-03 2.019183211121088028e+09
4.666666666666667053e-03 2.032709264098358870e+09
4.800000000000000447e-03 1.907766542420764208e+09
4.933333333333333841e-03 1.774098802730799913e+09
5.066666666666666367e-03 1.758945642876547813e+09
5.200000000000000629e-03 1.484967781052764893e+09
5.333333333333333155e-03 1.471595002026578426e+09
5.466666666666667417e-03 1.440546527249495983e+09
5.600000000000000810e-03 1.258570689579178572e+09
5.733333333333333337e-03 1.232837010071746111e+09
5.866666666666666731e-03 1.146726779707433701e+09
6.000000000000000992e-03 1.022583874434878349e+09
6.133333333333333519e-03 9.318356967716581821e+08
6.266666666666666913e-03 8.402975672623900175e+08
6.400000000000000307e-03 8.032694148299726248e+08
6.533333333333332833e-03 7.596393257809652090e+08
6.666666666666667095e-03 6.951158944806994200e+08
6.800000000000000488e-03 6.681378812757360935e+08
6.933333333333333882e-03 6.222529087247557640e+08
7.066666666666666409e-03 5.738405344113370180e+08
7.200000000000000670e-03 5.591087833742316961e+08
7.333333333333334064e-03 5.081052699992957711e+08
7.466666666666666591e-03 5.093840815078065395e+08
7.599999999999999985e-03 4.844115370290082693e+08
7.733333333333334246e-03 4.666401315786712170e+08
7.866666666666665905e-03 4.612315270209698081e+08
8.000000000000000167e-03 4.290365634634954929e+08
8.133333333333334428e-03 4.221581472677984834e+08
8.266666666666666954e-03 4.065183621807596087e+08
8.399999999999999481e-03 4.023909145811823606e+08
8.533333333333333742e-03 3.917693203457118869e+08
8.666666666666668004e-03 3.721651170496890545e+08
8.800000000000000530e-03 3.480210860323021412e+08
8.933333333333333057e-03 3.473770103871191144e+08
9.066666666666667318e-03 3.483864722897958159e+08
9.200000000000001579e-03 3.278371961905015111e+08
9.333333333333334106e-03 3.305408223220022917e+08
9.466666666666666632e-03 3.157497980231140852e+08
9.600000000000000894e-03 3.159473632955158353e+08
9.733333333333333420e-03 3.021253198515676856e+08
9.866666666666667682e-03 2.927173407820749283e+08
1.000000000000000021e-02 2.779860390809119344e+08
1.013333333333333273e-02 2.826689661941182017e+08
1.026666666666666700e-02 2.785683944998970032e+08
1.040000000000000126e-02 2.784664305175262690e+08
1.053333333333333378e-02 2.654823947622233629e+08
1.066666666666666631e-02 2.623485592726980448e+08
1.079999999999999884e-02 2.564674242105170488e+08
1.093333333333333483e-02 2.507230378677878082e+08
1.106666666666666736e-02 2.541700740421980023e+08
1.120000000000000162e-02 2.437240239899578691e+08
1.133333333333333415e-02 2.297342854173553586e+08
1.146666666666666667e-02 2.213676840536106229e+08
1.160000000000000094e-02 2.103847204821332693e+08
1.173333333333333346e-02 2.059990151362922788e+08
1.186666666666666599e-02 1.972369351975058317e+08
1.200000000000000198e-02 1.894531857025672495e+08
1.213333333333333451e-02 1.885731418357891738e+08
1.226666666666666704e-02 1.787048376167715192e+08
1.240000000000000130e-02 1.733126411186054051e+08
1.253333333333333383e-02 1.685034746854335368e+08
1.266666666666666635e-02 1.673847731775414348e+08
1.280000000000000061e-02 1.623182163414016366e+08
1.293333333333333314e-02 1.587056311518979967e+08
1.306666666666666567e-02 1.528546932879391909e+08
1.320000000000000166e-02 1.506102853632283509e+08
1.333333333333333419e-02 1.466289419692830741e+08
1.346666666666666845e-02 1.444518338838832676e+08
1.360000000000000098e-02 1.420986192838593721e+08
1.373333333333333350e-02 1.417135511543100178e+08
1.386666666666666776e-02 1.399612879240412116e+08
1.400000000000000029e-02 1.346978627845892608e+08
1.413333333333333282e-02 1.309837774551756382e+08
1.426666666666666881e-02 1.284402736255106926e+08
1.440000000000000134e-02 1.261517802714826912e+08
1.453333333333333387e-02 1.230855079599376768e+08
1.466666666666666813e-02 1.202473779417870045e+08
1.480000000000000066e-02 1.165021903215023279e+08
1.493333333333333318e-02 1.147579677613081783e+08
1.506666666666666744e-02 1.104238651527947634e+08
1.519999999999999997e-02 1.076437406060319692e+08
1.533333333333333250e-02 1.059197389728123248e+08
1.546666666666666849e-02 1.020129205619602948e+08
1.560000000000000102e-02 1.017789835893456042e+08
1.573333333333333181e-02 1.000007474715350121e+08
1.586666666666666781e-02 9.929670249881978333e+07
1.600000000000000033e-02 9.630290463562330604e+07
1.613333333333333633e-02 9.537517079541689157e+07
1.626666666666666886e-02 9.429490724969238043e+07
1.640000000000000138e-02 9.196765974618583918e+07
1.653333333333333391e-02 8.855079549925029278e+07
1.666666666666666644e-02 8.619330082817147672e+07
1.679999999999999896e-02 8.510148699612134695e+07
1.693333333333333496e-02 8.351162150066170096e+07
1.706666666666666748e-02 8.261774827344518900e+07
1.720000000000000001e-02 8.088029919416630268e+07
1.733333333333333601e-02 8.036104374793237448e+07
1.746666666666666853e-02 7.887106651502683759e+07
1.760000000000000106e-02 7.642319146259701252e+07
1.773333333333333359e-02 7.499430167140249908e+07
1.786666666666666611e-02 7.420158809640865028e+07
1.799999999999999864e-02 7.229760544652746618e+07
1.813333333333333464e-02 7.172912313224887848e+07
1.826666666666666716e-02 7.103064326764535904e+07
1.840000000000000316e-02 6.985335699693617225e+07
1.853333333333333569e-02 6.886920820791506767e+07
1.866666666666666821e-02 6.808641173243737221e+07
1.880000000000000074e-02 6.690051300459581614e+07
1.893333333333333326e-02 6.545238364039635658e+07
1.906666666666666579e-02 6.471358454230751842e+07
1.920000000000000179e-02 6.305364415636424720e+07
1.933333333333333431e-02 6.213229851589789242e+07
1.946666666666666684e-02 6.164568237732417881e+07
1.960000000000000284e-02 6.037648076331689954e+07
1.973333333333333536e-02 5.961254747219321132e+07
1.986666666666666789e-02 5.910950534303360432e+07
2.000000000000000042e-02 5.748631062121747434e+07
2.013333333333333294e-02 5.699547857315200567e+07
2.026666666666666547e-02 5.646790833151949197e+07
2.040000000000000147e-02 5.556522744007877260e+07
2.053333333333333399e-02 5.457900065834626555e+07
2.066666666666666652e-02 5.415496511913990974e+07
2.080000000000000251e-02 5.338785741027659923e+07
2.093333333333333504e-02 5.239404029024018347e+07
2.106666666666666757e-02 5.178299741338626295e+07
2.120000000000000009e-02 5.137510275660967082e+07
2.133333333333333262e-02 5.045568596735775471e+07
2.146666666666666515e-02 4.979684735450436920e+07
2.159999999999999767e-02 4.912455869856129587e+07
2.173333333333333714e-02 4.860262353583659232e+07
2.186666666666666967e-02 4.777600181706105918e+07
2.200000000000000219e-02 4.739264952310642600e+07
2.213333333333333472e-02 4.704017812496868521e+07
2.226666666666666725e-02 4.646846547533686459e+07
2.240000000000000324e-02 4.591677761728843302e+07
2.253333333333333577e-02 4.506806255898672342e+07
2.266666666666666829e-02 4.480371645746430755e+07
2.280000000000000082e-02 4.421679003908450156e+07
2.293333333333333335e-02 4.369955756046798080e+07
2.306666666666666587e-02 4.313459772652635723e+07
2.320000000000000187e-02 4.275229321839224547e+07
2.333333333333333440e-02 4.227038294340290129e+07
2.346666666666666692e-02 4.176861097781337798e+07
2.359999999999999945e-02 4.152302943063053489e+07
2.373333333333333198e-02 4.080214299657332897e+07
2.386666666666666450e-02 4.050162105937036872e+07
2.400000000000000397e-02 4.001372202081975341e+07
2.413333333333333650e-02 3.945370874066871405e+07
2.426666666666666902e-02 3.899338581004415452e+07
2.440000000000000155e-02 3.881127511168740690e+07
2.453333333333333408e-02 3.832349709632675350e+07
2.466666666666667007e-02 3.794313366429209709e+07
2.480000000000000260e-02 3.764254130138647556e+07
2.493333333333333512e-02 3.705029679383539408e+07
2.506666666666666765e-02 3.660922301068503410e+07
2.520000000000000018e-02 3.609967693202050030e+07
2.533333333333333270e-02 3.574052987981723249e+07
2.546666666666666870e-02 3.535070124486444890e+07
2.560000000000000123e-02 3.510315462791663408e+07
2.573333333333333375e-02 3.478477374169615656e+07
2.586666666666666628e-02 3.437465892114349455e+07
2.599999999999999881e-02 3.387565714794363827e+07
2.613333333333333133e-02 3.353867058651234955e+07
2.626666666666667080e-02 3.330530855674269050e+07
2.640000000000000333e-02 3.302524541415443271e+07
2.653333333333333585e-02 3.261168589808077738e+07
2.666666666666666838e-02 3.227949871926629916e+07
2.680000000000000090e-02 3.194668837657445297e+07
2.693333333333333690e-02 3.166504214199446142e+07
2.706666666666666943e-02 3.130205188144966960e+07
2.720000000000000195e-02 3.092055748822218925e+07
2.733333333333333448e-02 3.065045498124357685e+07
2.746666666666666701e-02 3.035544920197857171e+07
2.759999999999999953e-02 2.990106653968677297e+07
2.773333333333333553e-02 2.956755460084497929e+07
2.786666666666666806e-02 2.929241004037832841e+07
2.800000000000000058e-02 2.902098840713354945e+07
2.813333333333333311e-02 2.870941063397505879e+07
2.826666666666666564e-02 2.833201886024253070e+07
2.839999999999999816e-02 2.806310983048426732e+07
2.853333333333333763e-02 2.781944250830924511e+07
2.866666666666667015e-02 2.752878018653155491e+07
2.880000000000000268e-02 2.727445384453007951e+07
2.893333333333333521e-02 2.700342221143876389e+07
2.906666666666666773e-02 2.678266326066890731e+07
2.920000000000000026e-02 2.655268215622000769e+07
2.933333333333333626e-02 2.630117161652502790e+07
2.946666666666666878e-02 2.595231443809676170e+07
2.960000000000000131e-02 2.565941936797453091e+07
2.973333333333333384e-02 2.546103384032954648e+07
2.986666666666666636e-02 2.523836308271632716e+07
3.000000000000000236e-02 2.493182996396962926e+07
3.013333333333333489e-02 2.473245236453451589e+07
3.026666666666666741e-02 2.453851446134253591e+07
3.039999999999999994e-02 2.438882434628815204e+07
3.053333333333333247e-02 2.416335217388380691e+07
3.066666666666666499e-02 2.398126593626336008e+07
3.080000000000000446e-02 2.373750880443575978e+07
3.093333333333333698e-02 2.346004680750786141e+07
3.106666666666666951e-02 2.322148038351104036e+07
3.120000000000000204e-02 2.301810968144522980e+07
3.133333333333333109e-02 2.283870720051338524e+07
3.146666666666666362e-02 2.264194161808819696e+07
3.160000000000000309e-02 2.241291398149099573e+07
3.173333333333333561e-02 2.225774468966545537e+07
3.186666666666666814e-02 2.199821885232848674e+07
3.200000000000000067e-02 2.177780183746039495e+07
3.213333333333333319e-02 2.158726441927507147e+07
3.226666666666667266e-02 2.145070056646378711e+07
3.240000000000000518e-02 2.127648672134861723e+07
3.253333333333333771e-02 2.109188297951154411e+07
3.266666666666667024e-02 2.090100226917048544e+07
3.280000000000000276e-02 2.064530893710986152e+07
3.293333333333333529e-02 2.047350785647092760e+07
3.306666666666666782e-02 2.029623808212096244e+07
3.320000000000000034e-02 2.015320647387640923e+07
3.333333333333333287e-02 2.001116348163135350e+07
3.346666666666666540e-02 1.978218496183865890e+07
3.359999999999999792e-02 1.957427621380081028e+07
3.373333333333333045e-02 1.940454383847664669e+07
3.386666666666666992e-02 1.923699228312912211e+07
3.400000000000000244e-02 1.899882444260231405e+07
3.413333333333333497e-02 1.883816717976761982e+07
3.426666666666666750e-02 1.871933764516273886e+07
3.440000000000000002e-02 1.860279722425444424e+07
3.453333333333333949e-02 1.849343059462921694e+07
3.466666666666667201e-02 1.842333081109724194e+07
3.480000000000000454e-02 1.826130059073423594e+07
3.493333333333333707e-02 1.812507053227999806e+07
3.506666666666666959e-02 1.805128471868856996e+07
3.520000000000000212e-02 1.790287801500600576e+07
3.533333333333333465e-02 1.778247959930211678e+07
3.546666666666666717e-02 1.760113164461396262e+07
3.559999999999999970e-02 1.742858958928193524e+07
3.573333333333333223e-02 1.731546229573911428e+07
3.586666666666666475e-02 1.715648504825334996e+07
3.599999999999999728e-02 1.699700325292193145e+07
3.613333333333333675e-02 1.686859321362254769e+07
3.626666666666666927e-02 1.672681780402479693e+07
3.640000000000000180e-02 1.660727678164958581e+07
3.653333333333333433e-02 1.646883796950531192e+07
3.666666666666666685e-02 1.636381927315218560e+07
3.680000000000000632e-02 1.626345760384017229e+07
3.693333333333333884e-02 1.615199747877130099e+07
3.706666666666667137e-02 1.603134855423122458e+07
3.720000000000000390e-02 1.591234199887528643e+07
3.733333333333333642e-02 1.582957637038789503e+07
3.746666666666666895e-02 1.572767841975519247e+07
3.760000000000000148e-02 1.560442361729897186e+07
3.773333333333333400e-02 1.553995778791300766e+07
3.786666666666666653e-02 1.545768799929031916e+07
3.799999999999999906e-02 1.531240631404718012e+07
3.813333333333333158e-02 1.521770364553937316e+07
3.826666666666666411e-02 1.514239629427579418e+07
3.840000000000000357e-02 1.504570026448717527e+07
3.853333333333333610e-02 1.492729600149488449e+07
3.866666666666666863e-02 1.484504777196819894e+07
3.880000000000000115e-02 1.477312250626737438e+07
3.893333333333333368e-02 1.468822933935069107e+07
3.906666666666667315e-02 1.456715991261440143e+07
3.920000000000000567e-02 1.449464971298415214e+07
3.933333333333333820e-02 1.439705432988777198e+07
3.946666666666667073e-02 1.430246687505818717e+07
3.960000000000000325e-02 1.420041717410133034e+07
3.973333333333333578e-02 1.411199425372315198e+07
3.986666666666666831e-02 1.402827297169377841e+07
4.000000000000000083e-02 1.394159771353575401e+07
4.013333333333333336e-02 1.384442459618538432e+07
4.026666666666666589e-02 1.377314706188522652e+07
4.039999999999999841e-02 1.370260563544762321e+07
4.053333333333333094e-02 1.364397920358296670e+07
4.066666666666667040e-02 1.359195432280809432e+07
4.080000000000000293e-02 1.352320673341170512e+07
4.093333333333333546e-02 1.345116335983031802e+07
4.106666666666666798e-02 1.334983666171932220e+07
4.120000000000000051e-02 1.326126083033442497e+07
4.133333333333333304e-02 1.318766755922633596e+07
4.146666666666667250e-02 1.309329441903171130e+07
4.160000000000000503e-02 1.302805764013512619e+07
4.173333333333333756e-02 1.294709360775182210e+07
4.186666666666667008e-02 1.288410250317393243e+07
4.200000000000000261e-02 1.276315982675139233e+07
4.213333333333333514e-02 1.267473283260529675e+07
4.226666666666666766e-02 1.259453455840031430e+07
4.240000000000000019e-02 1.249905495165891759e+07
4.253333333333333965e-02 1.245123388413278013e+07
4.266666666666666524e-02 1.235698875210318528e+07
4.280000000000000471e-02 1.226886954823343828e+07
4.293333333333333030e-02 1.219046546104580536e+07
4.306666666666666976e-02 1.208591567621440627e+07
4.319999999999999535e-02 1.201706283040421084e+07
4.333333333333333481e-02 1.193840823075280711e+07
4.346666666666667428e-02 1.186770251674425229e+07
4.359999999999999987e-02 1.179353208504757471e+07
4.373333333333333933e-02 1.172257075631932542e+07
4.386666666666666492e-02 1.163648938785501197e+07
4.400000000000000439e-02 1.154152983541577123e+07
4.413333333333333691e-02 1.147761590368901007e+07
4.426666666666666944e-02 1.142175982822327688e+07
4.440000000000000197e-02 1.138190192683768645e+07
4.453333333333333449e-02 1.130222169423649088e+07
4.466666666666666702e-02 1.123370409136293828e+07
4.480000000000000648e-02 1.113978772880809568e+07
4.493333333333333207e-02 1.107414980065472797e+07
4.506666666666667154e-02 1.103222095274175890e+07
4.519999999999999712e-02 1.096298143562281318e+07
4.533333333333333659e-02 1.089668241480400972e+07
4.546666666666666218e-02 1.083649885755177401e+07
4.560000000000000164e-02 1.079877827053573914e+07
4.573333333333334111e-02 1.070963315025718324e+07
4.586666666666666670e-02 1.063024341545612365e+07
4.600000000000000616e-02 1.056936373628139310e+07
4.613333333333333175e-02 1.054210686314718984e+07
4.626666666666667121e-02 1.049613374021125399e+07
4.640000000000000374e-02 1.044880935639142990e+07
4.653333333333333627e-02 1.038361424079862423e+07
4.666666666666666879e-02 1.032308052345410176e+07
4.680000000000000132e-02 1.025410814729520679e+07
4.693333333333333385e-02 1.018540725460985675e+07
4.706666666666667331e-02 1.014062960435482487e+07
4.719999999999999890e-02 1.008880564782237448e+07
4.733333333333333837e-02 1.005234660977046937e+07
4.746666666666666395e-02 9.997607962226696312e+06
4.760000000000000342e-02 9.959940795697940513e+06
4.773333333333332901e-02 9.895108285749403760e+06
4.786666666666666847e-02 9.859581670248027891e+06
4.800000000000000794e-02 9.793042410363299772e+06
4.813333333333333353e-02 9.734499076587716118e+06
4.826666666666667299e-02 9.689848276647580788e+06
4.839999999999999858e-02 9.626054824179440737e+06
4.853333333333333804e-02 9.550082006548780948e+06
4.866666666666667057e-02 9.498382836425527930e+06
4.880000000000000310e-02 9.443485196732306853e+06
4.893333333333333562e-02 9.396310739362696186e+06
4.906666666666666815e-02 9.348350023236986250e+06
4.920000000000000068e-02 9.315034019005801529e+06
4.933333333333334014e-02 9.270562511474285275e+06
4.946666666666666573e-02 9.228509576543256640e+06
4.960000000000000520e-02 9.192192532085515559e+06
4.973333333333333078e-02 9.137945774738840759e+06
4.986666666666667025e-02 9.073282619721191004e+06
4.999999999999999584e-02 9.048185459982711822e+06
5.013333333333333530e-02 9.006264928759623319e+06
5.026666666666667477e-02 8.945523871557580307e+06
5.040000000000000036e-02 8.888818173982877284e+06
5.053333333333333982e-02 8.844864712977446616e+06
5.066666666666666541e-02 8.790438412502162158e+06
5.080000000000000487e-02 8.758802742821175605e+06
5.093333333333333740e-02 8.719586017822572961e+06
5.106666666666666993e-02 8.655071224527649581e+06
5.120000000000000245e-02 8.625406849514128640e+06
5.133333333333333498e-02 8.590226831507081166e+06
5.146666666666666751e-02 8.548837521040881053e+06
5.160000000000000697e-02 8.513114225071633235e+06
5.173333333333333256e-02 8.469993473611975089e+06
5.186666666666667203e-02 8.430047924032913521e+06
5.199999999999999761e-02 8.411818041443623602e+06
5.213333333333333708e-02 8.368331837852527387e+06
5.226666666666666267e-02 8.334434051623577252e+06
5.240000000000000213e-02 8.293825749375458807e+06
5.253333333333334160e-02 8.273676881464793347e+06
5.266666666666666718e-02 8.245119182328061201e+06
5.280000000000000665e-02 8.206631371509543620e+06
5.293333333333333224e-02 8.171600743418551050e+06
5.306666666666667170e-02 8.143038463057664223e+06
5.320000000000000423e-02 8.104091252919309773e+06
5.333333333333333676e-02 8.061478487474337220e+06
5.346666666666666928e-02 8.031678369632455520e+06
5.360000000000000181e-02 8.002767453627681360e+06
5.373333333333333434e-02 7.969800759048175998e+06
5.386666666666667380e-02 7.935979927919120528e+06
5.399999999999999939e-02 7.893540076084915549e+06
5.413333333333333885e-02 7.863901162728182971e+06
5.426666666666666444e-02 7.835335508942227811e+06
5.440000000000000391e-02 7.789809902457428165e+06
5.453333333333332950e-02 7.764857424461576156e+06
5.466666666666666896e-02 7.726147243663829751e+06
5.480000000000000843e-02 7.696962421185285784e+06
5.493333333333333401e-02 7.665939307630646043e+06
5.506666666666667348e-02 7.626139816474832594e+06
5.519999999999999907e-02 7.582055750599191524e+06
5.533333333333333853e-02 7.555038254238519818e+06
5.546666666666667106e-02 7.519940175659710541e+06
5.560000000000000359e-02 7.499271221443900838e+06
5.573333333333333611e-02 7.467331049269294366e+06
5.586666666666666864e-02 7.429190507398851216e+06
5.600000000000000117e-02 7.394355632431478240e+06
5.613333333333334063e-02 7.355151278350065462e+06
5.626666666666666622e-02 7.330575957985200919e+06
5.640000000000000568e-02 7.291524522022069432e+06
5.653333333333333127e-02 7.252200380876931362e+06
5.666666666666667074e-02 7.220226327324564569e+06
5.679999999999999633e-02 7.202192489454629831e+06
5.693333333333333579e-02 7.179395085384221748e+06
5.706666666666667526e-02 7.145532961486334912e+06
5.720000000000000084e-02 7.121518175244699232e+06
5.733333333333334031e-02 7.081858512393194251e+06
5.746666666666666590e-02 7.049093282845078036e+06
5.760000000000000536e-02 7.012614443779412657e+06
5.773333333333333789e-02 6.979950159654067829e+06
5.786666666666667042e-02 6.939243499811711721e+06
5.800000000000000294e-02 6.907179813763597980e+06
5.813333333333333547e-02 6.869181275641961023e+06
5.826666666666666800e-02 6.851068795996338129e+06
5.840000000000000052e-02 6.815693018794358708e+06
5.853333333333333305e-02 6.789034064459701069e+06
5.866666666666667251e-02 6.755348395100555383e+06
5.879999999999999810e-02 6.721064571454521269e+06
5.893333333333333757e-02 6.697833326416630298e+06
5.906666666666666315e-02 6.679707640679513104e+06
5.920000000000000262e-02 6.647720160223163664e+06
5.933333333333334209e-02 6.631119034210712649e+06
5.946666666666666767e-02 6.603368797440184280e+06
5.960000000000000714e-02 6.581436561041770503e+06
5.973333333333333273e-02 6.557366475568016991e+06
5.986666666666667219e-02 6.532218302761338651e+06
6.000000000000000472e-02 6.505027969577509910e+06
6.013333333333333725e-02 6.477489446827781387e+06
6.026666666666666977e-02 6.455308310519892722e+06
6.040000000000000230e-02 6.427220427910873666e+06
6.053333333333333482e-02 6.406781777828736231e+06
6.066666666666666735e-02 6.378234925997535698e+06
6.079999999999999988e-02 6.346194938661647029e+06
6.093333333333333934e-02 6.325079871156326495e+06
6.106666666666666493e-02 6.296037405138759874e+06
6.120000000000000440e-02 6.274744895211903378e+06
6.133333333333332998e-02 6.238892930222567171e+06
6.146666666666666945e-02 6.213544129461263306e+06
6.160000000000000892e-02 6.188910375066061504e+06
6.173333333333333450e-02 6.164820902009605430e+06
6.186666666666667397e-02 6.143115790419686586e+06
6.199999999999999956e-02 6.123195309699744917e+06
6.213333333333333902e-02 6.097029018605351448e+06
6.226666666666667155e-02 6.072634802292687818e+06
6.240000000000000407e-02 6.046023896893003955e+06
6.253333333333334354e-02 6.025455957669846714e+06
6.266666666666666219e-02 5.993256240616594441e+06
6.280000000000000859e-02 5.965345880959701724e+06
6.293333333333332724e-02 5.954021236305468716e+06
6.306666666666667365e-02 5.935370947139049880e+06
6.320000000000000617e-02 5.923179776784018613e+06
6.333333333333333870e-02 5.900167654560118914e+06
6.346666666666667123e-02 5.884405202895534225e+06
6.360000000000000375e-02 5.862056676622470841e+06
6.373333333333333628e-02 5.836868212015362456e+06
6.386666666666666881e-02 5.818963463336996734e+06
6.400000000000000133e-02 5.794125079457374290e+06
6.413333333333333386e-02 5.785195599532684311e+06
6.426666666666666639e-02 5.770326033512273803e+06
6.439999999999999891e-02 5.750889793596901000e+06
6.453333333333334532e-02 5.728661695122334175e+06
6.466666666666666397e-02 5.712157754114375450e+06
6.480000000000001037e-02 5.685708175188106485e+06
6.493333333333332902e-02 5.673792241043293849e+06
6.506666666666667542e-02 5.652546786903114989e+06
6.519999999999999407e-02 5.634679757266206667e+06
6.533333333333334048e-02 5.608404666616233066e+06
6.546666666666667300e-02 5.596841722948785871e+06
6.560000000000000553e-02 5.587032977038286626e+06
6.573333333333333806e-02 5.564619421412030235e+06
6.586666666666667058e-02 5.549742232293698937e+06
6.600000000000000311e-02 5.526323850044737570e+06
6.613333333333333564e-02 5.508194607076102868e+06
6.626666666666666816e-02 5.490151212441937067e+06
6.640000000000000069e-02 5.471380087918004952e+06
6.653333333333333321e-02 5.443736238780215383e+06
6.666666666666666574e-02 5.420001608016526327e+06
6.680000000000001215e-02 5.402039808042634279e+06
6.693333333333333079e-02 5.395167343945105560e+06
6.706666666666667720e-02 5.371803715265886858e+06
6.719999999999999585e-02 5.354516516124075279e+06
6.733333333333334225e-02 5.330966848037675954e+06
6.746666666666666090e-02 5.302708421093334444e+06
6.760000000000000731e-02 5.286186869356399402e+06
6.773333333333333983e-02 5.278744081970244646e+06
6.786666666666667236e-02 5.254422732897086069e+06
6.800000000000000488e-02 5.231714513511711732e+06
6.813333333333333741e-02 5.205022351044313051e+06
6.826666666666666994e-02 5.190093738221897744e+06
6.840000000000000246e-02 5.177204824803024530e+06
6.853333333333333499e-02 5.155042531093188561e+06
6.866666666666666752e-02 5.140015437530166470e+06
6.880000000000000004e-02 5.120407213348739780e+06
6.893333333333333257e-02 5.107470159556745552e+06
6.906666666666667898e-02 5.088321224541600794e+06
6.919999999999999762e-02 5.068242154892387800e+06
6.933333333333334403e-02 5.050527986091949046e+06
6.946666666666666268e-02 5.034672668791777454e+06
6.960000000000000908e-02 5.022008311444118619e+06
6.973333333333332773e-02 5.001830054084723815e+06
6.986666666666667413e-02 4.986341903958816081e+06
7.000000000000000666e-02 4.970734430476160720e+06
7.013333333333333919e-02 4.958382438351933844e+06
7.026666666666667171e-02 4.944779114894975908e+06
7.040000000000000424e-02 4.924806766188842244e+06
7.053333333333333677e-02 4.913162916393049061e+06
7.066666666666666929e-02 4.894010624946302734e+06
7.080000000000000182e-02 4.878136254338465631e+06
7.093333333333333435e-02 4.861027306494642049e+06
7.106666666666666687e-02 4.842709589903226122e+06
7.119999999999999940e-02 4.824421783899271861e+06
7.133333333333334580e-02 4.805510917596398853e+06
7.146666666666666445e-02 4.783254256753197871e+06
7.160000000000001086e-02 4.772600543179845437e+06
7.173333333333332951e-02 4.753142801625311375e+06
7.186666666666667591e-02 4.735885704778827727e+06
7.199999999999999456e-02 4.719165777124565095e+06
7.213333333333334096e-02 4.700176849295660853e+06
7.226666666666667349e-02 4.685591481567333452e+06
7.240000000000000602e-02 4.666722494656930678e+06
7.253333333333333854e-02 4.653193086457900703e+06
7.266666666666667107e-02 4.632726482799474150e+06
7.280000000000000360e-02 4.618991342782103457e+06
7.293333333333333612e-02 4.608337404737958685e+06
7.306666666666666865e-02 4.596021996847498231e+06
7.320000000000000118e-02 4.581104853143881075e+06
7.333333333333333370e-02 4.568733553065259941e+06
7.346666666666666623e-02 4.546476417775689624e+06
7.360000000000001263e-02 4.539801513479413465e+06
7.373333333333333128e-02 4.527240151850309223e+06
7.386666666666667769e-02 4.513637425527543761e+06
7.399999999999999634e-02 4.499694282175983302e+06
7.413333333333334274e-02 4.486421075429683551e+06
7.426666666666666139e-02 4.480812165320735425e+06
7.440000000000000779e-02 4.465619599770700559e+06
7.453333333333334032e-02 4.448496454731660895e+06
7.466666666666667285e-02 4.444088749874058180e+06
7.480000000000000537e-02 4.432297882020530291e+06
7.493333333333333790e-02 4.427655127364952117e+06
7.506666666666667043e-02 4.415134172310736030e+06
7.520000000000000295e-02 4.402029997728114948e+06
7.533333333333333548e-02 4.390103862061151303e+06
7.546666666666666801e-02 4.379815390525414608e+06
7.560000000000000053e-02 4.365002169086908922e+06
7.573333333333333306e-02 4.349323606673186645e+06
7.586666666666667946e-02 4.333222699467132799e+06
7.599999999999999811e-02 4.328113795805161819e+06
7.613333333333334452e-02 4.318409001448753290e+06
7.626666666666666317e-02 4.312237635408860631e+06
7.640000000000000957e-02 4.296092274022929370e+06
7.653333333333332822e-02 4.282346367161651142e+06
7.666666666666667462e-02 4.268664694244935177e+06
7.680000000000000715e-02 4.245946743681084365e+06
7.693333333333333968e-02 4.228672053534876555e+06
7.706666666666667220e-02 4.210990532048886642e+06
7.720000000000000473e-02 4.194752723060072400e+06
7.733333333333333726e-02 4.191594060666793492e+06
7.746666666666666978e-02 4.183391430323393084e+06
7.760000000000000231e-02 4.170467901552726515e+06
7.773333333333333484e-02 4.165316151805244852e+06
7.786666666666666736e-02 4.154370104051564820e+06
7.799999999999999989e-02 4.144174762790037785e+06
7.813333333333334629e-02 4.130720917768180836e+06
7.826666666666666494e-02 4.117043302080721594e+06
7.840000000000001135e-02 4.099842279744644184e+06
7.853333333333333000e-02 4.088406451442482881e+06
7.866666666666667640e-02 4.077093296704271343e+06
7.879999999999999505e-02 4.067468806959668640e+06
7.893333333333334145e-02 4.059970153587393928e+06
7.906666666666667398e-02 4.047722940177126788e+06
7.920000000000000651e-02 4.042255374563764781e+06
7.933333333333333903e-02 4.029710600757000037e+06
7.946666666666667156e-02 4.021099342133782804e+06
7.960000000000000409e-02 4.010493537691390142e+06
7.973333333333333661e-02 3.997083353086787742e+06
7.986666666666666914e-02 3.985487933078352828e+06
8.000000000000000167e-02 3.974334748864304740e+06
8.013333333333333419e-02 3.960355192490843125e+06
8.026666666666666672e-02 3.948658306413955055e+06
8.039999999999999925e-02 3.938324497712530661e+06
8.053333333333333177e-02 3.927503044284459203e+06
8.066666666666667818e-02 3.916105200934711378e+06
8.079999999999999682e-02 3.901689366991906427e+06
8.093333333333334323e-02 3.893165970435705967e+06
8.106666666666666188e-02 3.879328020390057936e+06
8.120000000000000828e-02 3.871800683224729728e+06
8.133333333333334081e-02 3.858928776431470178e+06
8.146666666666667334e-02 3.846977555725519545e+06
8.160000000000000586e-02 3.833308452395058703e+06
8.173333333333333839e-02 3.820824727737113368e+06
8.186666666666667092e-02 3.811267510094427038e+06
8.200000000000000344e-02 3.801767252896200866e+06
8.213333333333333597e-02 3.790695090135460254e+06
8.226666666666666849e-02 3.782058533662735019e+06
8.240000000000000102e-02 3.771696667014252394e+06
8.253333333333333355e-02 3.757975558148568030e+06
8.266666666666666607e-02 3.749250458660773002e+06
8.279999999999999860e-02 3.738156829078332987e+06
8.293333333333334501e-02 3.728677990905767772e+06
8.306666666666666365e-02 3.722857116920830682e+06
8.320000000000001006e-02 3.712917467707653530e+06
8.333333333333332871e-02 3.701640435894942377e+06
8.346666666666667511e-02 3.689005123751723208e+06
8.360000000000000764e-02 3.681511445044346154e+06
8.373333333333334016e-02 3.675299265332134906e+06
8.386666666666665881e-02 3.665658321031525731e+06
8.400000000000000522e-02 3.653810569232493173e+06
8.413333333333333774e-02 3.640566702453571837e+06
8.426666666666667027e-02 3.629611659570917953e+06
8.440000000000001668e-02 3.620231663712865207e+06
8.453333333333333532e-02 3.608892494471855927e+06
8.466666666666666785e-02 3.601698694311855361e+06
8.480000000000000038e-02 3.588060385478510056e+06
8.493333333333334678e-02 3.583405635764536448e+06
8.506666666666667931e-02 3.576573588807060849e+06
8.519999999999999796e-02 3.569415592868157662e+06
8.533333333333333048e-02 3.558048297657375690e+06
8.546666666666667689e-02 3.548909107161669061e+06
8.560000000000000941e-02 3.541506489912903868e+06
8.573333333333334194e-02 3.535214892049023416e+06
8.586666666666666059e-02 3.529166565424188506e+06
8.600000000000000699e-02 3.521637628502821550e+06
8.613333333333333952e-02 3.510587701362890191e+06
8.626666666666667205e-02 3.500068606604859233e+06
8.639999999999999070e-02 3.491715997363805305e+06
8.653333333333333710e-02 3.481013195649774279e+06
8.666666666666666963e-02 3.474028972828797530e+06
8.680000000000000215e-02 3.463989759467606433e+06
8.693333333333334856e-02 3.456523143517885357e+06
8.706666666666666721e-02 3.441863562152435072e+06
8.719999999999999973e-02 3.438666968425645959e+06
8.733333333333333226e-02 3.432643857204652857e+06
8.746666666666667866e-02 3.425289832804507110e+06
8.760000000000001119e-02 3.420031753626341000e+06
8.773333333333332984e-02 3.412715561912983656e+06
8.786666666666666237e-02 3.402142468693502713e+06
8.800000000000000877e-02 3.394215558646242600e+06
8.813333333333334130e-02 3.383330138614904135e+06
8.826666666666667382e-02 3.375580648427991662e+06
8.839999999999999247e-02 3.365204813535452820e+06
8.853333333333333888e-02 3.358145368023244198e+06
8.866666666666667140e-02 3.351312661761568859e+06
8.880000000000000393e-02 3.342519374886628706e+06
8.893333333333335033e-02 3.333659296698844060e+06
8.906666666666666898e-02 3.327133423084148671e+06
8.920000000000000151e-02 3.321187478424125351e+06
8.933333333333333404e-02 3.317412295866284985e+06
8.946666666666668044e-02 3.310867660472531337e+06
8.960000000000001297e-02 3.297614019351008348e+06
8.973333333333333162e-02 3.289358136192654260e+06
8.986666666666666414e-02 3.280584174255373422e+06
9.000000000000001055e-02 3.271741912028125022e+06
9.013333333333334307e-02 3.263168164229596499e+06
9.026666666666667560e-02 3.255613788985671010e+06
9.039999999999999425e-02 3.248179529557239730e+06
9.053333333333334065e-02 3.241841889160968363e+06
9.066666666666667318e-02 3.232445707374300342e+06
9.080000000000000571e-02 3.228420120030439924e+06
9.093333333333332436e-02 3.220384450815330725e+06
9.106666666666667076e-02 3.212273949923963752e+06
9.120000000000000329e-02 3.207874090924755204e+06
9.133333333333333581e-02 3.200372171946295537e+06
9.146666666666668222e-02 3.190129646129697561e+06
9.160000000000000087e-02 3.182879551487028133e+06
9.173333333333333339e-02 3.176400209926555399e+06
9.186666666666666592e-02 3.172247116410680115e+06
9.200000000000001232e-02 3.164385071350450162e+06
9.213333333333334485e-02 3.158405093948084861e+06
9.226666666666666350e-02 3.152015859084213153e+06
9.239999999999999603e-02 3.147495482994671911e+06
9.253333333333334243e-02 3.140205065329439938e+06
9.266666666666667496e-02 3.134855369847121183e+06
9.280000000000000748e-02 3.128741119745286182e+06
9.293333333333332613e-02 3.121353944801863749e+06
9.306666666666667254e-02 3.110066318802684080e+06
9.320000000000000506e-02 3.103185402193813119e+06
9.333333333333333759e-02 3.097421904029884841e+06
9.346666666666668399e-02 3.091969643792119808e+06
9.360000000000000264e-02 3.086835796658385545e+06
9.373333333333333517e-02 3.080223556288714986e+06
9.386666666666666770e-02 3.074429011749518570e+06
9.400000000000001410e-02 3.063920892208326608e+06
9.413333333333334663e-02 3.055378474442422856e+06
9.426666666666666528e-02 3.050784429413591512e+06
9.439999999999999780e-02 3.044775665166224353e+06
9.453333333333334421e-02 3.038121325514841359e+06
9.466666666666667673e-02 3.031038609405939002e+06
9.479999999999999538e-02 3.019899937747891992e+06
9.493333333333332791e-02 3.014276005034247413e+06
9.506666666666667431e-02 3.011007226626065094e+06
9.520000000000000684e-02 3.007517119167095050e+06
9.533333333333333937e-02 3.002608412791718729e+06
9.546666666666665801e-02 2.989905196741602384e+06
9.560000000000000442e-02 2.984399533597042784e+06
9.573333333333333695e-02 2.980971748892210890e+06
9.586666666666666947e-02 2.976209358288703952e+06
9.600000000000001588e-02 2.971132007168234792e+06
9.613333333333333452e-02 2.964519627302963287e+06
9.626666666666666705e-02 2.955034119004807901e+06
9.639999999999999958e-02 2.951048686177009717e+06
9.653333333333334598e-02 2.946096681642989162e+06
9.666666666666667851e-02 2.940587433382225223e+06
9.679999999999999716e-02 2.933585202389230486e+06
9.693333333333332968e-02 2.928396825992536731e+06
9.706666666666667609e-02 2.922882474931897596e+06
9.720000000000000862e-02 2.914672270066081081e+06
9.733333333333334114e-02 2.905418149104418233e+06
9.746666666666665979e-02 2.896719214626636356e+06
9.760000000000000620e-02 2.889308673131642397e+06
9.773333333333333872e-02 2.887471981760746334e+06
9.786666666666667125e-02 2.885429495324717369e+06
9.800000000000001765e-02 2.879803239077444188e+06
9.813333333333333630e-02 2.874605578943660483e+06
9.826666666666666883e-02 2.867239821217405144e+06
9.840000000000000135e-02 2.862585050631309859e+06
9.853333333333334776e-02 2.857822547488697805e+06
9.866666666666668029e-02 2.850217872055945918e+06
9.879999999999999893e-02 2.848303581409310922e+06
9.893333333333333146e-02 2.842487540072101634e+06
9.906666666666667787e-02 2.834679135624649934e+06
9.920000000000001039e-02 2.832784513161912560e+06
9.933333333333332904e-02 2.827672720602994319e+06
9.946666666666666157e-02 2.823319703551280312e+06
9.960000000000000797e-02 2.815621354822223540e+06
9.973333333333334050e-02 2.813393230458702426e+06
9.986666666666667302e-02 2.810733277448332869e+06
9.999999999999999167e-02 2.803773031436313409e+06
1.001333333333333381e-01 2.796438868653048296e+06
1.002666666666666706e-01 2.791328376763720531e+06
1.004000000000000031e-01 2.786119025495980401e+06
1.005333333333333495e-01 2.781996163197650574e+06
1.006666666666666682e-01 2.776591744548063260e+06
1.008000000000000007e-01 2.771461661790074781e+06
1.009333333333333332e-01 2.766040950521573424e+06
1.010666666666666796e-01 2.760627495908155572e+06
1.012000000000000122e-01 2.754773604072114453e+06
1.013333333333333308e-01 2.750466961004707031e+06
1.014666666666666633e-01 2.749100288129995577e+06
1.016000000000000097e-01 2.742300561999675352e+06
1.017333333333333423e-01 2.738253213196726982e+06
1.018666666666666748e-01 2.732408057940693107e+06
1.019999999999999934e-01 2.728586249571943190e+06
1.021333333333333399e-01 2.722395236875900067e+06
1.022666666666666724e-01 2.718156856535307597e+06
1.024000000000000049e-01 2.713359751351828221e+06
1.025333333333333513e-01 2.707352775126182474e+06
1.026666666666666700e-01 2.706680953161878977e+06
1.028000000000000025e-01 2.701769737307798117e+06
1.029333333333333350e-01 2.695681092032482382e+06
1.030666666666666814e-01 2.692106547572439536e+06
1.032000000000000139e-01 2.688731196429374162e+06
1.033333333333333326e-01 2.684087974517878611e+06
1.034666666666666651e-01 2.679419041636476293e+06
1.036000000000000115e-01 2.676542176890359260e+06
1.037333333333333441e-01 2.671474205524907447e+06
1.038666666666666627e-01 2.665593410690604243e+06
1.039999999999999952e-01 2.659466865381816868e+06
1.041333333333333416e-01 2.656094262204842176e+06
1.042666666666666742e-01 2.652577055161966011e+06
1.044000000000000067e-01 2.652704932894118130e+06
1.045333333333333253e-01 2.648871569821882527e+06
1.046666666666666717e-01 2.643786389164798893e+06
1.048000000000000043e-01 2.640045938667106442e+06
1.049333333333333368e-01 2.633604654852079693e+06
1.050666666666666832e-01 2.630986563465399668e+06
1.052000000000000018e-01 2.625113559166198596e+06
1.053333333333333344e-01 2.620123169507638551e+06
1.054666666666666669e-01 2.616980170094722882e+06
1.056000000000000133e-01 2.611197366335421801e+06
1.057333333333333458e-01 2.607578293462345842e+06
1.058666666666666645e-01 2.603717021527478471e+06
1.059999999999999970e-01 2.597920427649305668e+06
1.061333333333333434e-01 2.597316967290970031e+06
1.062666666666666759e-01 2.592023988338139374e+06
1.064000000000000085e-01 2.587644336045899428e+06
1.065333333333333271e-01 2.582557665073788259e+06
1.066666666666666735e-01 2.579634913944608066e+06
1.068000000000000060e-01 2.575331014175565448e+06
1.069333333333333386e-01 2.570838349990701303e+06
1.070666666666666850e-01 2.566728054475084879e+06
1.072000000000000036e-01 2.563862093295201659e+06
1.073333333333333361e-01 2.560792079690193757e+06
1.074666666666666687e-01 2.557252709921057802e+06
1.076000000000000151e-01 2.552651591770700179e+06
1.077333333333333476e-01 2.548557619852949400e+06
1.078666666666666663e-01 2.545264521266161930e+06
1.079999999999999988e-01 2.541473784963735379e+06
1.081333333333333452e-01 2.538589923260030337e+06
1.082666666666666777e-01 2.532437248904783744e+06
1.083999999999999964e-01 2.531457883997386321e+06
1.085333333333333289e-01 2.528020455917659216e+06
1.086666666666666753e-01 2.525150102123923600e+06
1.088000000000000078e-01 2.521618884704816621e+06
1.089333333333333403e-01 2.518164808536240831e+06
1.090666666666666590e-01 2.515668914060161915e+06
1.092000000000000054e-01 2.510477295584910549e+06
1.093333333333333379e-01 2.505070737701184582e+06
1.094666666666666704e-01 2.501467151458459441e+06
1.096000000000000169e-01 2.500059330293195788e+06
1.097333333333333355e-01 2.495917276905088220e+06
1.098666666666666680e-01 2.492874461397054140e+06
1.100000000000000006e-01 2.487697929268572014e+06
1.101333333333333470e-01 2.484129117029466201e+06
1.102666666666666795e-01 2.482758196922384202e+06
1.103999999999999981e-01 2.477352883663717192e+06
1.105333333333333307e-01 2.473172995122443885e+06
1.106666666666666771e-01 2.467322801255338360e+06
1.108000000000000096e-01 2.463175192541992757e+06
1.109333333333333421e-01 2.458292623027740978e+06
1.110666666666666608e-01 2.456060394569345284e+06
1.112000000000000072e-01 2.449033698135373648e+06
1.113333333333333397e-01 2.445422193093089852e+06
1.114666666666666722e-01 2.440873582042207476e+06
1.116000000000000186e-01 2.437349424948249012e+06
1.117333333333333373e-01 2.434218265661927406e+06
1.118666666666666698e-01 2.429327150760924444e+06
1.120000000000000023e-01 2.426843323527111672e+06
1.121333333333333487e-01 2.423907154393147212e+06
1.122666666666666813e-01 2.420050441420027521e+06
1.123999999999999999e-01 2.416629192126849201e+06
1.125333333333333324e-01 2.413042779258203227e+06
1.126666666666666788e-01 2.408716584420020226e+06
1.128000000000000114e-01 2.406783191633083392e+06
1.129333333333333300e-01 2.402204927983178757e+06
1.130666666666666625e-01 2.399155888171649072e+06
1.132000000000000089e-01 2.395738660756714642e+06
1.133333333333333415e-01 2.394411564671767410e+06
1.134666666666666740e-01 2.391275521859097295e+06
1.135999999999999927e-01 2.388810121570627205e+06
1.137333333333333391e-01 2.383559141136526596e+06
1.138666666666666716e-01 2.379078234417508822e+06
1.140000000000000041e-01 2.376256158466363791e+06
1.141333333333333505e-01 2.375644997609106358e+06
1.142666666666666692e-01 2.372429532881559804e+06
1.144000000000000017e-01 2.368587631902032066e+06
1.145333333333333342e-01 2.366194975746907294e+06
1.146666666666666806e-01 2.364250834031956270e+06
1.148000000000000131e-01 2.362058411898262799e+06
1.149333333333333318e-01 2.361620418166362680e+06
1.150666666666666643e-01 2.358211593733429909e+06
1.152000000000000107e-01 2.354171743522389792e+06
1.153333333333333433e-01 2.350308113491797820e+06
1.154666666666666758e-01 2.349591909877806902e+06
1.155999999999999944e-01 2.347932784171844833e+06
1.157333333333333408e-01 2.346323359226892702e+06
1.158666666666666734e-01 2.339422604749938473e+06
1.160000000000000059e-01 2.338036795293498319e+06
1.161333333333333523e-01 2.335131339718237519e+06
1.162666666666666709e-01 2.332792088717800565e+06
1.164000000000000035e-01 2.328240090789573267e+06
1.165333333333333360e-01 2.327628415296174120e+06
1.166666666666666824e-01 2.323688146576324943e+06
1.168000000000000010e-01 2.321459241620121058e+06
1.169333333333333336e-01 2.318904303522496484e+06
1.170666666666666661e-01 2.314472883721195627e+06
1.172000000000000125e-01 2.309862423317769542e+06
1.173333333333333450e-01 2.307551690910691861e+06
1.174666666666666637e-01 2.305232081308135763e+06
1.175999999999999962e-01 2.303856439465600997e+06
1.177333333333333426e-01 2.300134982791631017e+06
1.178666666666666751e-01 2.295309519566477742e+06
1.180000000000000077e-01 2.291634595897300169e+06
1.181333333333333263e-01 2.290917135629359633e+06
1.182666666666666727e-01 2.288058298903052229e+06
1.184000000000000052e-01 2.288897024837255944e+06
1.185333333333333378e-01 2.285581210901019163e+06
1.186666666666666842e-01 2.282228220697247889e+06
1.188000000000000028e-01 2.279386366633063182e+06
1.189333333333333353e-01 2.278026207968845963e+06
1.190666666666666679e-01 2.275612544861883391e+06
1.192000000000000143e-01 2.273756494959908072e+06
1.193333333333333468e-01 2.271574562584924977e+06
1.194666666666666655e-01 2.269721645298133139e+06
1.195999999999999980e-01 2.268629070948082954e+06
1.197333333333333444e-01 2.264906776804645080e+06
1.198666666666666769e-01 2.260903568237198982e+06
1.200000000000000094e-01 2.256560593266176991e+06
1.201333333333333281e-01 2.255182657504308503e+06
1.202666666666666745e-01 2.251508013776880223e+06
1.204000000000000070e-01 2.248923989698872436e+06
1.205333333333333395e-01 2.246932429745107889e+06
1.206666666666666859e-01 2.242913397486753296e+06
1.208000000000000046e-01 2.240897284715193324e+06
1.209333333333333371e-01 2.239209640693160705e+06
1.210666666666666696e-01 2.236474450191729236e+06
1.212000000000000161e-01 2.234332154002066236e+06
1.213333333333333347e-01 2.231371064644616097e+06
1.214666666666666672e-01 2.228436314378678799e+06
1.215999999999999998e-01 2.225725153737653978e+06
1.217333333333333462e-01 2.222804951367261820e+06
1.218666666666666787e-01 2.222537444324349519e+06
1.219999999999999973e-01 2.216506946515052579e+06
1.221333333333333299e-01 2.212476334730244707e+06
1.222666666666666763e-01 2.211179998128022533e+06
1.224000000000000088e-01 2.207609329794637859e+06
1.225333333333333413e-01 2.206474284324967302e+06
1.226666666666666600e-01 2.203389556071965955e+06
1.228000000000000064e-01 2.200742336789120920e+06
1.229333333333333389e-01 2.198544070014575962e+06
1.230666666666666714e-01 2.196053585843021981e+06
1.232000000000000178e-01 2.194019976416382939e+06
1.233333333333333365e-01 2.190511723819762003e+06
1.234666666666666690e-01 2.189581990240259096e+06
1.236000000000000015e-01 2.186469961009345483e+06
1.237333333333333479e-01 2.182958421450142283e+06
1.238666666666666805e-01 2.181050744898980949e+06
1.239999999999999991e-01 2.178953688319868408e+06
1.241333333333333316e-01 2.177166902883774601e+06
1.242666666666666780e-01 2.175371189819933847e+06
1.244000000000000106e-01 2.174102624525078107e+06
1.245333333333333431e-01 2.173793790973023977e+06
1.246666666666666617e-01 2.170426518424460199e+06
1.248000000000000081e-01 2.169775116364412010e+06
1.249333333333333407e-01 2.165951994127549697e+06
1.250666666666666871e-01 2.165330121011543553e+06
1.252000000000000057e-01 2.161522141401035711e+06
1.253333333333333244e-01 2.157686836758075282e+06
1.254666666666666708e-01 2.155483255771831609e+06
1.256000000000000172e-01 2.154636450326147024e+06
1.257333333333333358e-01 2.152048512497812044e+06
1.258666666666666545e-01 2.150577512209207285e+06
1.260000000000000009e-01 2.150143218196874019e+06
1.261333333333333473e-01 2.148983803759849630e+06
1.262666666666666659e-01 2.147899894720739219e+06
1.264000000000000123e-01 2.147060150630389806e+06
1.265333333333333310e-01 2.144397544627674855e+06
1.266666666666666774e-01 2.141836247008203994e+06
1.267999999999999960e-01 2.139489877408891451e+06
1.269333333333333425e-01 2.136124896953650285e+06
1.270666666666666889e-01 2.134064329740826972e+06
1.272000000000000075e-01 2.129563297787117772e+06
1.273333333333333262e-01 2.125666844530154020e+06
1.274666666666666726e-01 2.124109876105196308e+06
1.276000000000000190e-01 2.121731472296102438e+06
1.277333333333333376e-01 2.121322902899935376e+06
1.278666666666666563e-01 2.118256460419695824e+06
1.280000000000000027e-01 2.116462010964156594e+06
1.281333333333333491e-01 2.115338494139545131e+06
1.282666666666666677e-01 2.112350870698148850e+06
1.284000000000000141e-01 2.109711750576580409e+06
1.285333333333333328e-01 2.107807364217212889e+06
1.286666666666666792e-01 2.104568970884637441e+06
1.287999999999999978e-01 2.101999868830058258e+06
1.289333333333333442e-01 2.100556717032773420e+06
1.290666666666666906e-01 2.099562878330246080e+06
1.292000000000000093e-01 2.096504809216522146e+06
1.293333333333333279e-01 2.096542354689349420e+06
1.294666666666666743e-01 2.094410291737784864e+06
1.296000000000000207e-01 2.093350613961603958e+06
1.297333333333333394e-01 2.092759785536749056e+06
1.298666666666666580e-01 2.091162415416395059e+06
1.300000000000000044e-01 2.088933734386625467e+06
1.301333333333333508e-01 2.085470392599040177e+06
1.302666666666666695e-01 2.084477838569909101e+06
1.303999999999999881e-01 2.081850701428606641e+06
1.305333333333333345e-01 2.078386856194139225e+06
1.306666666666666810e-01 2.076544700112966588e+06
1.307999999999999996e-01 2.074897438965450507e+06
1.309333333333333460e-01 2.072475413278402993e+06
1.310666666666666647e-01 2.070895468975510448e+06
1.312000000000000111e-01 2.068498471310162451e+06
1.313333333333333297e-01 2.065676667798107490e+06
1.314666666666666761e-01 2.064422022950184764e+06
1.316000000000000225e-01 2.061739737373854499e+06
1.317333333333333412e-01 2.060679898087238660e+06
1.318666666666666598e-01 2.057244621395154158e+06
1.320000000000000062e-01 2.055260975648453459e+06
1.321333333333333526e-01 2.052879981214416912e+06
1.322666666666666713e-01 2.052423885197372409e+06
1.323999999999999899e-01 2.051054662300302880e+06
1.325333333333333363e-01 2.051753418251036666e+06
1.326666666666666827e-01 2.050572731595164398e+06
1.328000000000000014e-01 2.049890150302698137e+06
1.329333333333333478e-01 2.046776455570788123e+06
1.330666666666666664e-01 2.045124831633906346e+06
1.332000000000000128e-01 2.044269493189294823e+06
1.333333333333333315e-01 2.043016957603188464e+06
1.334666666666666779e-01 2.039715041805940447e+06
1.336000000000000243e-01 2.036893533367137425e+06
1.337333333333333429e-01 2.036733030606754357e+06
1.338666666666666616e-01 2.035340821571123786e+06
1.340000000000000080e-01 2.034111780328291934e+06
1.341333333333333544e-01 2.033224092893555760e+06
1.342666666666666730e-01 2.030832053759074537e+06
1.343999999999999917e-01 2.029246213719526306e+06
1.345333333333333381e-01 2.027613909903794294e+06
1.346666666666666845e-01 2.026485146636689547e+06
1.348000000000000032e-01 2.023210802448597969e+06
1.349333333333333218e-01 2.022589182923649903e+06
1.350666666666666682e-01 2.021719574681827566e+06
1.352000000000000146e-01 2.020981128722872352e+06
1.353333333333333333e-01 2.020206134701852221e+06
1.354666666666666797e-01 2.018836129033928970e+06
1.355999999999999983e-01 2.018096246041726088e+06
1.357333333333333447e-01 2.016909667205356061e+06
1.358666666666666634e-01 2.014255204424608033e+06
1.360000000000000098e-01 2.011988997120868647e+06
1.361333333333333562e-01 2.008049816168930149e+06
1.362666666666666748e-01 2.005823001310506137e+06
1.363999999999999935e-01 2.003227748234455241e+06
1.365333333333333399e-01 2.001629594693820691e+06
1.366666666666666863e-01 1.999620043876320124e+06
1.368000000000000049e-01 1.997814157615350792e+06
1.369333333333333236e-01 1.995859322809975827e+06
1.370666666666666700e-01 1.995453078637043247e+06
1.372000000000000164e-01 1.993471716337401187e+06
1.373333333333333350e-01 1.994234490848183399e+06
1.374666666666666814e-01 1.991825177052376559e+06
1.376000000000000001e-01 1.988416354040352395e+06
1.377333333333333465e-01 1.986171623930670554e+06
1.378666666666666651e-01 1.985887067860113690e+06
1.380000000000000115e-01 1.985299403173626633e+06
1.381333333333333580e-01 1.984465000665124506e+06
1.382666666666666766e-01 1.982829628377133515e+06
1.383999999999999952e-01 1.982000213022020180e+06
1.385333333333333417e-01 1.981942801092352020e+06
1.386666666666666881e-01 1.981027699399057543e+06
1.388000000000000067e-01 1.980513124338454800e+06
1.389333333333333254e-01 1.977642570924218977e+06
1.390666666666666718e-01 1.976309805676794378e+06
1.392000000000000182e-01 1.974961490759530570e+06
1.393333333333333368e-01 1.973839319915387314e+06
1.394666666666666555e-01 1.972997816037246259e+06
1.396000000000000019e-01 1.971452786556184059e+06
1.397333333333333483e-01 1.968308155276598642e+06
1.398666666666666669e-01 1.966543074666485423e+06
1.400000000000000133e-01 1.964752596587700769e+06
1.401333333333333320e-01 1.962790595316006802e+06
1.402666666666666784e-01 1.961447139110794058e+06
1.403999999999999970e-01 1.960639250585052650e+06
1.405333333333333434e-01 1.959753556852995185e+06
1.406666666666666898e-01 1.957870592482321896e+06
1.408000000000000085e-01 1.957707557806237601e+06
1.409333333333333271e-01 1.956825713514889125e+06
1.410666666666666735e-01 1.954981768170102965e+06
1.412000000000000199e-01 1.954092251289599808e+06
1.413333333333333386e-01 1.951502890661139274e+06
1.414666666666666572e-01 1.950118639438473387e+06
1.416000000000000036e-01 1.949672531405112939e+06
1.417333333333333500e-01 1.948392024038507603e+06
1.418666666666666687e-01 1.947237410309970379e+06
1.420000000000000151e-01 1.945821138689603424e+06
1.421333333333333337e-01 1.944378733964634594e+06
1.422666666666666802e-01 1.945189971202841727e+06
1.423999999999999988e-01 1.942929263691403670e+06
1.425333333333333452e-01 1.943033984740108019e+06
1.426666666666666916e-01 1.942617787582562305e+06
1.428000000000000103e-01 1.942082963316328824e+06
1.429333333333333289e-01 1.941048502839936176e+06
1.430666666666666753e-01 1.939597119844796602e+06
1.432000000000000217e-01 1.939172058905745158e+06
1.433333333333333404e-01 1.937973140081857564e+06
1.434666666666666590e-01 1.935907962796424516e+06
1.436000000000000054e-01 1.936126607220174745e+06
1.437333333333333518e-01 1.935057903108140221e+06
1.438666666666666705e-01 1.932900239457911812e+06
1.439999999999999891e-01 1.934467191667233594e+06
1.441333333333333355e-01 1.933049657875402831e+06
1.442666666666666819e-01 1.931663782278373605e+06
1.444000000000000006e-01 1.930075368503975682e+06
1.445333333333333470e-01 1.929919307271343656e+06
1.446666666666666656e-01 1.928274397425725358e+06
1.448000000000000120e-01 1.927526592923308257e+06
1.449333333333333307e-01 1.926027368737736950e+06
1.450666666666666771e-01 1.923980272655947134e+06
1.452000000000000235e-01 1.922446937006337335e+06
1.453333333333333421e-01 1.920040569017884089e+06
1.454666666666666608e-01 1.917440617801793618e+06
1.456000000000000072e-01 1.916475578953003744e+06
1.457333333333333536e-01 1.917070676463550190e+06
1.458666666666666722e-01 1.915282944527781801e+06
1.459999999999999909e-01 1.914565666819152888e+06
1.461333333333333373e-01 1.912954775522532640e+06
1.462666666666666837e-01 1.911487883703766624e+06
1.464000000000000024e-01 1.910831439026876353e+06
1.465333333333333488e-01 1.910959292908303440e+06
1.466666666666666674e-01 1.909648097936242120e+06
1.468000000000000138e-01 1.908566855895830318e+06
1.469333333333333325e-01 1.907298209502582205e+06
1.470666666666666789e-01 1.907316745573726250e+06
1.472000000000000253e-01 1.906935502007090021e+06
1.473333333333333439e-01 1.906690056510168826e+06
1.474666666666666626e-01 1.906122059871931793e+06
1.476000000000000090e-01 1.905204687463398557e+06
1.477333333333333554e-01 1.903970138000081526e+06
1.478666666666666740e-01 1.903361621167051373e+06
1.479999999999999927e-01 1.903037131268620258e+06
1.481333333333333391e-01 1.901419691212873673e+06
1.482666666666666855e-01 1.900310694633454317e+06
1.484000000000000041e-01 1.899513430019562831e+06
1.485333333333333228e-01 1.899167650044115027e+06
1.486666666666666692e-01 1.897982230938125169e+06
1.488000000000000156e-01 1.898254220997881610e+06
1.489333333333333342e-01 1.895478050830138614e+06
1.490666666666666806e-01 1.892642529996600468e+06
1.491999999999999993e-01 1.892613188284172444e+06
1.493333333333333457e-01 1.891153743071191944e+06
1.494666666666666643e-01 1.890489283978846623e+06
1.496000000000000107e-01 1.889048131630127551e+06
1.497333333333333572e-01 1.887641728727241512e+06
1.498666666666666758e-01 1.887507610721585108e+06
1.499999999999999944e-01 1.887024033586843405e+06
1.501333333333333409e-01 1.887956879487300292e+06
1.502666666666666873e-01 1.886822667610116303e+06
1.504000000000000059e-01 1.884910636553722899e+06
1.505333333333333246e-01 1.883039411014660029e+06
1.506666666666666710e-01 1.882446739354188554e+06
1.508000000000000174e-01 1.881726925790807931e+06
1.509333333333333360e-01 1.880893713071415666e+06
1.510666666666666824e-01 1.880296523688742891e+06
1.512000000000000011e-01 1.880528840373738436e+06
1.513333333333333475e-01 1.879371059373259079e+06
1.514666666666666661e-01 1.877812007153977873e+06
1.516000000000000125e-01 1.875576732676684391e+06
1.517333333333333589e-01 1.877303413132333662e+06
1.518666666666666776e-01 1.876411319009185303e+06
1.519999999999999962e-01 1.877449705036825268e+06
1.521333333333333426e-01 1.875971827310735360e+06
1.522666666666666890e-01 1.875173263267003698e+06
1.524000000000000077e-01 1.876279695554196602e+06
1.525333333333333263e-01 1.874909222264068900e+06
1.526666666666666727e-01 1.875049797951997723e+06
1.528000000000000191e-01 1.873587415728900582e+06
1.529333333333333378e-01 1.873433908415991347e+06
1.530666666666666564e-01 1.874032461214024341e+06
1.532000000000000028e-01 1.873367259112179978e+06
1.533333333333333492e-01 1.872684198853526963e+06
1.534666666666666679e-01 1.870842401405983139e+06
1.536000000000000143e-01 1.869327646854746854e+06
1.537333333333333329e-01 1.869728785561044235e+06
1.538666666666666794e-01 1.868055564313019393e+06
1.539999999999999980e-01 1.866376235956491437e+06
1.541333333333333444e-01 1.865465228951665107e+06
1.542666666666666908e-01 1.865048050132244593e+06
1.544000000000000095e-01 1.863270719799439190e+06
1.545333333333333281e-01 1.861901280728054466e+06
1.546666666666666745e-01 1.861280537209750619e+06
1.548000000000000209e-01 1.860931525164814200e+06
1.549333333333333396e-01 1.860972197966501582e+06
1.550666666666666582e-01 1.861557201099074911e+06
1.552000000000000046e-01 1.861531844166936120e+06
1.553333333333333510e-01 1.860184771759858821e+06
1.554666666666666697e-01 1.860185238798476057e+06
1.556000000000000161e-01 1.860648552879960742e+06
1.557333333333333347e-01 1.859948068167842459e+06
1.558666666666666811e-01 1.859940726411193609e+06
1.559999999999999998e-01 1.858146619116127025e+06
1.561333333333333462e-01 1.857378430975264637e+06
1.562666666666666926e-01 1.858361259058180032e+06
1.564000000000000112e-01 1.857856712345139123e+06
1.565333333333333299e-01 1.856508459345812444e+06
1.566666666666666763e-01 1.856361844105581520e+06
1.568000000000000227e-01 1.855578587157824310e+06
1.569333333333333413e-01 1.855095039207010297e+06
1.570666666666666600e-01 1.855029085213546408e+06
1.572000000000000064e-01 1.855744878771952586e+06
1.573333333333333528e-01 1.854560274077860406e+06
1.574666666666666714e-01 1.853851313631918048e+06
1.575999999999999901e-01 1.853983212973193731e+06
1.577333333333333365e-01 1.853129237507195212e+06
1.578666666666666829e-01 1.851604050639980473e+06
1.580000000000000016e-01 1.850425347092633834e+06
1.581333333333333480e-01 1.848192018571050605e+06
1.582666666666666666e-01 1.848589843791438732e+06
1.584000000000000130e-01 1.848684129998022923e+06
1.585333333333333317e-01 1.848204564509583870e+06
1.586666666666666781e-01 1.847406522144497139e+06
1.588000000000000245e-01 1.848134272350697080e+06
1.589333333333333431e-01 1.847700726029742975e+06
1.590666666666666618e-01 1.847285037808225024e+06
1.592000000000000082e-01 1.847055351862011245e+06
1.593333333333333546e-01 1.845797798601405928e+06
1.594666666666666732e-01 1.845179576989669353e+06
1.595999999999999919e-01 1.845215534332740353e+06
1.597333333333333383e-01 1.845347404725512490e+06
1.598666666666666847e-01 1.845868558280876605e+06
1.600000000000000033e-01 1.845218791169828502e+06
1.601333333333333497e-01 1.844148226369497832e+06
1.602666666666666684e-01 1.843372643024507910e+06
1.604000000000000148e-01 1.842549679884633049e+06
1.605333333333333334e-01 1.840860714265872259e+06
1.606666666666666798e-01 1.839942925907579483e+06
1.607999999999999985e-01 1.837881024908220163e+06
1.609333333333333449e-01 1.837193204605612205e+06
1.610666666666666635e-01 1.836137139240030898e+06
1.612000000000000099e-01 1.835309627136420226e+06
1.613333333333333564e-01 1.835888371046739165e+06
1.614666666666666750e-01 1.835791276340284850e+06
1.615999999999999936e-01 1.836318340578926029e+06
1.617333333333333401e-01 1.837055563131875359e+06
1.618666666666666865e-01 1.836310114484779304e+06
1.620000000000000051e-01 1.836713133130995557e+06
1.621333333333333238e-01 1.835863452982348856e+06
1.622666666666666702e-01 1.836636755359080853e+06
1.624000000000000166e-01 1.834509966207894031e+06
1.625333333333333352e-01 1.834340215498342644e+06
1.626666666666666816e-01 1.834441883574252715e+06
1.628000000000000003e-01 1.833526454787812196e+06
1.629333333333333467e-01 1.833952816422763746e+06
1.630666666666666653e-01 1.833877955384151079e+06
1.632000000000000117e-01 1.835184244909607107e+06
1.633333333333333581e-01 1.835707704482525587e+06
1.634666666666666768e-01 1.835928365131985629e+06
1.635999999999999954e-01 1.835141794281886658e+06
1.637333333333333418e-01 1.834697837962892372e+06
1.638666666666666882e-01 1.833003466199079296e+06
1.640000000000000069e-01 1.833442717548319604e+06
1.641333333333333255e-01 1.833165624983788235e+06
1.642666666666666719e-01 1.832021370157088153e+06
1.644000000000000183e-01 1.832535717749025906e+06
1.645333333333333370e-01 1.833347395778050181e+06
1.646666666666666834e-01 1.833647015376417898e+06
1.648000000000000020e-01 1.833744364557097200e+06
1.649333333333333484e-01 1.834985087792004691e+06
1.650666666666666671e-01 1.835261667548311641e+06
1.652000000000000135e-01 1.835057635290270671e+06
1.653333333333333321e-01 1.834126192534737056e+06
1.654666666666666786e-01 1.833838411393141607e+06
1.655999999999999972e-01 1.833347425601915224e+06
1.657333333333333436e-01 1.832686259355166461e+06
1.658666666666666900e-01 1.831068126376623055e+06
1.660000000000000087e-01 1.832331736260414356e+06
1.661333333333333273e-01 1.833822614444237202e+06
1.662666666666666737e-01 1.835161216808161931e+06
1.664000000000000201e-01 1.834732890427513747e+06
1.665333333333333388e-01 1.834964717494951561e+06
