0.000000000000000000e+00 6.588469258940488799e+05
1.333333333333333397e-04 7.848096243101835251e+06
2.666666666666666794e-04 3.129840294917443395e+07
4.000000000000000192e-04 7.850044220653308928e+07
5.333333333333333589e-04 1.213918283843161315e+08
6.666666666666666444e-04 2.631362565934989750e+08
8.000000000000000383e-04 2.513279870068401396e+08
9.333333333333333239e-04 3.719808957171823978e+08
1.066666666666666718e-03 7.103926115861483812e+08
1.200000000000000112e-03 7.969956858117233515e+08
1.333333333333333289e-03 1.117522940897953033e+09
1.466666666666666683e-03 1.618699049502534628e+09
1.600000000000000077e-03 2.309262261805538177e+09
1.733333333333333471e-03 3.669466735576141834e+09
1.866666666666666648e-03 5.136723712336121559e+09
2.000000000000000042e-03 5.785459233014549255e+09
2.133333333333333436e-03 8.150078111740274429e+09
2.266666666666666829e-03 1.233506499990078163e+10
2.400000000000000223e-03 1.417994492115098953e+10
2.533333333333333184e-03 7.441820544375771523e+09
2.666666666666666578e-03 1.076129329280891991e+10
2.800000000000000405e-03 8.598725941292572021e+09
2.933333333333333365e-03 6.448373594700675011e+09
3.066666666666666759e-03 7.068787184094388962e+09
3.200000000000000153e-03 6.194904956353859901e+09
3.333333333333333547e-03 8.773519276128412247e+09
3.466666666666666941e-03 1.843821978788414383e+10
3.600000000000000335e-03 1.581836651523313332e+10
3.733333333333333295e-03 1.634019467361542320e+10
3.866666666666667123e-03 1.051409863692246246e+10
4.000000000000000083e-03 6.277228442438709259e+09
4.133333333333333477e-03 4.005676289835645199e+09
4.266666666666666871e-03 2.967121701222774982e+09
4.400000000000000265e-03 2.341873067119318008e+09
4.533333333333333659e-03 1.946476114908525705e+09
4.666666666666667053e-03 1.753277901629158497e+09
4.800000000000000447e-03 1.646046994586440563e+09
4.933333333333333841e-03 1.728625147675565720e+09
5.066666666666666367e-03 1.639654534586124897e+09
5.200000000000000629e-03 1.658657037725919962e+09
5.333333333333333155e-03 1.612118721566606522e+09
5.466666666666667417e-03 1.492630067805007458e+09
5.600000000000000810e-03 1.438544515075413704e+09
5.733333333333333337e-03 1.290918230448536396e+09
5.866666666666666731e-03 1.216557232097489834e+09
6.000000000000000992e-03 1.183752101215619087e+09
6.133333333333333519e-03 1.097218653539050817e+09
6.266666666666666913e-03 9.759592197982031107e+08
6.400000000000000307e-03 8.523820098237171173e+08
6.533333333333332833e-03 8.291412544779300690e+08
6.666666666666667095e-03 7.447985555665352345e+08
6.800000000000000488e-03 6.675445910914851427e+08
6.933333333333333882e-03 6.682606000464024544e+08
7.066666666666666409e-03 6.102715750626866817e+08
7.200000000000000670e-03 5.574749573417348862e+08
7.333333333333334064e-03 5.343207560538438559e+08
7.466666666666666591e-03 5.077336284342394471e+08
7.599999999999999985e-03 5.171078156057379246e+08
7.733333333333334246e-03 4.576132190149651766e+08
7.866666666666665905e-03 4.595620472543126941e+08
8.000000000000000167e-03 4.427258952343013883e+08
8.133333333333334428e-03 4.554140668383420706e+08
8.266666666666666954e-03 4.255025567262447476e+08
8.399999999999999481e-03 4.140741483687055111e+08
8.533333333333333742e-03 4.148565253206969500e+08
8.666666666666668004e-03 3.872721634282611609e+08
8.800000000000000530e-03 3.759444832203024626e+08
8.933333333333333057e-03 3.625029007985295057e+08
9.066666666666667318e-03 3.553249691402322054e+08
9.200000000000001579e-03 3.602491178759278655e+08
9.333333333333334106e-03 3.426464570494796634e+08
9.466666666666666632e-03 3.293050327786899209e+08
9.600000000000000894e-03 3.002927565515464544e+08
9.733333333333333420e-03 3.061998689352721572e+08
9.866666666666667682e-03 2.926710321752642393e+08
1.000000000000000021e-02 2.885690844951607585e+08
1.013333333333333273e-02 2.871176918734158278e+08
1.026666666666666700e-02 2.733766796826049089e+08
1.040000000000000126e-02 2.783414680039598942e+08
1.053333333333333378e-02 2.750720902980866432e+08
1.066666666666666631e-02 2.771864208562914133e+08
1.079999999999999884e-02 2.572046356685873866e+08
1.093333333333333483e-02 2.669053964504982233e+08
1.106666666666666736e-02 2.477021361149657071e+08
1.120000000000000162e-02 2.446830847609349191e+08
1.133333333333333415e-02 2.351563824200818241e+08
1.146666666666666667e-02 2.183826875587799549e+08
1.160000000000000094e-02 2.108462231791875064e+08
1.173333333333333346e-02 2.044281510471870005e+08
1.186666666666666599e-02 1.971372496996586025e+08
1.200000000000000198e-02 1.961462867601204216e+08
1.213333333333333451e-02 1.886332500919630527e+08
1.226666666666666704e-02 1.835034509328724742e+08
1.240000000000000130e-02 1.767915887948732972e+08
1.253333333333333383e-02 1.723328591597197652e+08
1.266666666666666635e-02 1.673722099692845643e+08
1.280000000000000061e-02 1.590244154009292126e+08
1.293333333333333314e-02 1.588637806950019598e+08
1.306666666666666567e-02 1.537705436791764796e+08
1.320000000000000166e-02 1.487130112137914002e+08
1.333333333333333419e-02 1.451693175889227688e+08
1.346666666666666845e-02 1.436030466557040215e+08
1.360000000000000098e-02 1.383293085773247182e+08
1.373333333333333350e-02 1.362082541096666753e+08
1.386666666666666776e-02 1.338712668034602851e+08
1.400000000000000029e-02 1.333459898741635233e+08
1.413333333333333282e-02 1.278083243616004884e+08
1.426666666666666881e-02 1.252674776703779101e+08
1.440000000000000134e-02 1.228587833915240616e+08
1.453333333333333387e-02 1.207181828326140493e+08
1.466666666666666813e-02 1.178001058049067706e+08
1.480000000000000066e-02 1.144986461650983095e+08
1.493333333333333318e-02 1.125747761098300368e+08
1.506666666666666744e-02 1.091962603580786586e+08
1.519999999999999997e-02 1.083744437502326816e+08
1.533333333333333250e-02 1.053777374762909263e+08
1.546666666666666849e-02 1.026188240966049731e+08
1.560000000000000102e-02 1.004345766796093732e+08
1.573333333333333181e-02 9.785262288346286118e+07
1.586666666666666781e-02 9.649538761443907022e+07
1.600000000000000033e-02 9.396702347576189041e+07
1.613333333333333633e-02 9.148988864998681843e+07
1.626666666666666886e-02 9.121708342717671394e+07
1.640000000000000138e-02 8.833860376433566213e+07
1.653333333333333391e-02 8.650933375314672291e+07
1.666666666666666644e-02 8.469952696762783825e+07
1.679999999999999896e-02 8.326302194295084476e+07
1.693333333333333496e-02 8.174514719586217403e+07
1.706666666666666748e-02 8.080278625363373756e+07
1.720000000000000001e-02 8.096061585789716244e+07
1.733333333333333601e-02 7.954145905975112319e+07
1.746666666666666853e-02 7.817211707235816121e+07
1.760000000000000106e-02 7.661535683382879198e+07
1.773333333333333359e-02 7.486569886484995484e+07
1.786666666666666611e-02 7.389998770726320148e+07
1.799999999999999864e-02 7.252070214212609828e+07
1.813333333333333464e-02 7.146571575732302666e+07
1.826666666666666716e-02 7.085698636275082827e+07
1.840000000000000316e-02 6.985578077955333889e+07
1.853333333333333569e-02 6.845464266383376718e+07
1.866666666666666821e-02 6.750713051671068370e+07
1.880000000000000074e-02 6.660267798036757112e+07
1.893333333333333326e-02 6.554198711929960549e+07
1.906666666666666579e-02 6.471681504204404354e+07
1.920000000000000179e-02 6.353837791342478991e+07
1.933333333333333431e-02 6.264901704324610531e+07
1.946666666666666684e-02 6.194423798135301471e+07
1.960000000000000284e-02 6.106852533397308737e+07
1.973333333333333536e-02 6.058157131115030497e+07
1.986666666666666789e-02 6.004244722387777269e+07
2.000000000000000042e-02 5.883640715516359359e+07
2.013333333333333294e-02 5.784879471940658987e+07
2.026666666666666547e-02 5.702668241367901862e+07
2.040000000000000147e-02 5.636666204115583003e+07
2.053333333333333399e-02 5.525904092732299119e+07
2.066666666666666652e-02 5.454735322107871622e+07
2.080000000000000251e-02 5.375602047219698131e+07
2.093333333333333504e-02 5.256795366758488864e+07
2.106666666666666757e-02 5.188424749685839564e+07
2.120000000000000009e-02 5.138562095060840994e+07
2.133333333333333262e-02 5.067419381060939282e+07
2.146666666666666515e-02 5.018896713327790797e+07
2.159999999999999767e-02 4.945714304137905687e+07
2.173333333333333714e-02 4.896185787340976298e+07
2.186666666666666967e-02 4.827490233398398757e+07
2.200000000000000219e-02 4.784161472654948384e+07
2.213333333333333472e-02 4.705346554308630526e+07
2.226666666666666725e-02 4.639095428895945102e+07
2.240000000000000324e-02 4.543018870019824058e+07
2.253333333333333577e-02 4.500964451559793204e+07
2.266666666666666829e-02 4.434008324235814065e+07
2.280000000000000082e-02 4.386022469584808499e+07
2.293333333333333335e-02 4.358009165820918977e+07
2.306666666666666587e-02 4.289779645549753308e+07
2.320000000000000187e-02 4.227189294933142513e+07
2.333333333333333440e-02 4.174248582393876463e+07
2.346666666666666692e-02 4.108946790726282448e+07
2.359999999999999945e-02 4.076553379619538039e+07
2.373333333333333198e-02 4.032648187844178826e+07
2.386666666666666450e-02 3.971662089585252106e+07
2.400000000000000397e-02 3.920851965205093473e+07
2.413333333333333650e-02 3.863871819575464725e+07
2.426666666666666902e-02 3.831065205278948694e+07
2.440000000000000155e-02 3.771361441425933689e+07
2.453333333333333408e-02 3.717670838358230889e+07
2.466666666666667007e-02 3.674829248914277554e+07
2.480000000000000260e-02 3.649784421039836109e+07
2.493333333333333512e-02 3.611234240377690643e+07
2.506666666666666765e-02 3.556238141294597834e+07
2.520000000000000018e-02 3.526580172366011143e+07
2.533333333333333270e-02 3.477256055311867595e+07
2.546666666666666870e-02 3.447250429507879168e+07
2.560000000000000123e-02 3.402651515202764422e+07
2.573333333333333375e-02 3.373666908697567135e+07
2.586666666666666628e-02 3.340586846512522921e+07
2.599999999999999881e-02 3.309432228630759567e+07
2.613333333333333133e-02 3.268889822988193855e+07
2.626666666666667080e-02 3.238595640143474564e+07
2.640000000000000333e-02 3.202366915291006491e+07
2.653333333333333585e-02 3.171875663326385245e+07
2.666666666666666838e-02 3.149523158885243908e+07
2.680000000000000090e-02 3.107559529322860017e+07
2.693333333333333690e-02 3.069411385322968289e+07
2.706666666666666943e-02 3.040226998666400835e+07
2.720000000000000195e-02 3.008426707215939090e+07
2.733333333333333448e-02 2.972618514135378227e+07
2.746666666666666701e-02 2.943468499539716914e+07
2.759999999999999953e-02 2.925773291772567481e+07
2.773333333333333553e-02 2.893863947898067906e+07
2.786666666666666806e-02 2.865261415996132791e+07
2.800000000000000058e-02 2.838133553356587142e+07
2.813333333333333311e-02 2.804936561347591504e+07
2.826666666666666564e-02 2.772598904903319851e+07
2.839999999999999816e-02 2.748502976070388034e+07
2.853333333333333763e-02 2.718132535065792874e+07
2.866666666666667015e-02 2.685446852597156167e+07
2.880000000000000268e-02 2.657224228573931009e+07
2.893333333333333521e-02 2.630740085000886023e+07
2.906666666666666773e-02 2.612524239233700559e+07
2.920000000000000026e-02 2.579461861195740476e+07
2.933333333333333626e-02 2.556198627813233808e+07
2.946666666666666878e-02 2.537218385635063797e+07
2.960000000000000131e-02 2.520142975528836623e+07
2.973333333333333384e-02 2.494103624015992135e+07
2.986666666666666636e-02 2.468304916076735780e+07
3.000000000000000236e-02 2.447729480995188281e+07
3.013333333333333489e-02 2.430709469416638464e+07
3.026666666666666741e-02 2.409391839302732050e+07
3.039999999999999994e-02 2.397387451128584892e+07
3.053333333333333247e-02 2.375604432544325665e+07
3.066666666666666499e-02 2.352022722748174146e+07
3.080000000000000446e-02 2.328228678224724904e+07
3.093333333333333698e-02 2.315104653669042513e+07
3.106666666666666951e-02 2.298798075906587020e+07
3.120000000000000204e-02 2.280011770454961807e+07
3.133333333333333109e-02 2.259832804975390062e+07
3.146666666666666362e-02 2.249636219021897763e+07
3.160000000000000309e-02 2.226715480186921358e+07
3.173333333333333561e-02 2.209713214655056596e+07
3.186666666666666814e-02 2.191647256547535211e+07
3.200000000000000067e-02 2.175314286847842112e+07
3.213333333333333319e-02 2.151297382884501293e+07
3.226666666666667266e-02 2.136074199108859897e+07
3.240000000000000518e-02 2.118407258161489666e+07
3.253333333333333771e-02 2.099779360570535436e+07
3.266666666666667024e-02 2.085690038674834743e+07
3.280000000000000276e-02 2.072525627395791188e+07
3.293333333333333529e-02 2.050830144882897288e+07
3.306666666666666782e-02 2.029698350840383023e+07
3.320000000000000034e-02 2.010204571486906707e+07
3.333333333333333287e-02 1.995144818468604237e+07
3.346666666666666540e-02 1.979518992475898936e+07
3.359999999999999792e-02 1.970284159563368186e+07
3.373333333333333045e-02 1.954651879240489379e+07
3.386666666666666992e-02 1.946060428564009070e+07
3.400000000000000244e-02 1.929855688110927120e+07
3.413333333333333497e-02 1.913034288109226525e+07
3.426666666666666750e-02 1.899773925919900835e+07
3.440000000000000002e-02 1.878298023156177998e+07
3.453333333333333949e-02 1.856981524537023529e+07
3.466666666666667201e-02 1.839094755628059432e+07
3.480000000000000454e-02 1.825906790283565968e+07
3.493333333333333707e-02 1.805484725656507909e+07
3.506666666666666959e-02 1.797048211346047372e+07
3.520000000000000212e-02 1.787154119953295216e+07
3.533333333333333465e-02 1.776217329006993398e+07
3.546666666666666717e-02 1.759314886699363589e+07
3.559999999999999970e-02 1.743161054729853570e+07
3.573333333333333223e-02 1.736359724208441749e+07
3.586666666666666475e-02 1.720538838595142961e+07
3.599999999999999728e-02 1.705836460769889504e+07
3.613333333333333675e-02 1.689206210883886367e+07
3.626666666666666927e-02 1.672199079875284433e+07
3.640000000000000180e-02 1.661923902957621962e+07
3.653333333333333433e-02 1.650535447554433346e+07
3.666666666666666685e-02 1.637521210878882930e+07
3.680000000000000632e-02 1.627601520722557977e+07
3.693333333333333884e-02 1.617557242680541612e+07
3.706666666666667137e-02 1.608620942520838231e+07
3.720000000000000390e-02 1.597903917915702611e+07
3.733333333333333642e-02 1.585785117394818738e+07
3.746666666666666895e-02 1.578063547162366658e+07
3.760000000000000148e-02 1.564807240067969449e+07
3.773333333333333400e-02 1.554274707389119826e+07
3.786666666666666653e-02 1.541245474298430793e+07
3.799999999999999906e-02 1.533638320947801322e+07
3.813333333333333158e-02 1.527175019611070305e+07
3.826666666666666411e-02 1.521463938385508023e+07
3.840000000000000357e-02 1.510153480863452889e+07
3.853333333333333610e-02 1.499467509135764278e+07
3.866666666666666863e-02 1.489904466317091696e+07
3.880000000000000115e-02 1.475337551019896753e+07
3.893333333333333368e-02 1.466311221334204264e+07
3.906666666666667315e-02 1.457266534808885492e+07
3.920000000000000567e-02 1.451455856874139793e+07
3.933333333333333820e-02 1.444221861297660507e+07
3.946666666666667073e-02 1.437591131467963383e+07
3.960000000000000325e-02 1.430922504443234950e+07
3.973333333333333578e-02 1.422647125790422782e+07
3.986666666666666831e-02 1.413845513979132287e+07
4.000000000000000083e-02 1.404972212623095699e+07
4.013333333333333336e-02 1.392830817397910543e+07
4.026666666666666589e-02 1.384994120227623172e+07
4.039999999999999841e-02 1.377788779987797327e+07
4.053333333333333094e-02 1.370107866778817959e+07
4.066666666666667040e-02 1.362847492995761521e+07
4.080000000000000293e-02 1.355055508340427093e+07
4.093333333333333546e-02 1.348338589567496069e+07
4.106666666666666798e-02 1.342040303944847547e+07
4.120000000000000051e-02 1.333459677446733601e+07
4.133333333333333304e-02 1.322424227131205052e+07
4.146666666666667250e-02 1.312682429457866773e+07
4.160000000000000503e-02 1.303263793313233554e+07
4.173333333333333756e-02 1.293013290270643122e+07
4.186666666666667008e-02 1.288358268498210423e+07
4.200000000000000261e-02 1.282239834029830620e+07
4.213333333333333514e-02 1.274637567192037776e+07
4.226666666666666766e-02 1.269940992915888131e+07
4.240000000000000019e-02 1.262231890941836685e+07
4.253333333333333965e-02 1.255406927421705984e+07
4.266666666666666524e-02 1.248510574567631446e+07
4.280000000000000471e-02 1.240549800111718476e+07
4.293333333333333030e-02 1.231676628723892197e+07
4.306666666666666976e-02 1.221861979072603397e+07
4.319999999999999535e-02 1.212242900311338156e+07
4.333333333333333481e-02 1.205999731169921160e+07
4.346666666666667428e-02 1.197758384741316363e+07
4.359999999999999987e-02 1.192355103267540783e+07
4.373333333333333933e-02 1.187005952227793820e+07
4.386666666666666492e-02 1.179811453893445991e+07
4.400000000000000439e-02 1.170855558397536539e+07
4.413333333333333691e-02 1.161414149281282723e+07
4.426666666666666944e-02 1.154036461890179105e+07
4.440000000000000197e-02 1.146559154311017133e+07
4.453333333333333449e-02 1.141661300699230097e+07
4.466666666666666702e-02 1.135288108858363517e+07
4.480000000000000648e-02 1.129871002396066114e+07
4.493333333333333207e-02 1.123765951974335313e+07
4.506666666666667154e-02 1.117204442871060595e+07
4.519999999999999712e-02 1.110511502181938291e+07
4.533333333333333659e-02 1.102432120453114249e+07
4.546666666666666218e-02 1.096341202385979332e+07
4.560000000000000164e-02 1.090197669281714410e+07
4.573333333333334111e-02 1.082500383986781351e+07
4.586666666666666670e-02 1.075187655464028940e+07
4.600000000000000616e-02 1.069114769928278960e+07
4.613333333333333175e-02 1.063380852095238678e+07
4.626666666666667121e-02 1.058551109199919924e+07
4.640000000000000374e-02 1.053807896878706664e+07
4.653333333333333627e-02 1.048252823042445630e+07
4.666666666666666879e-02 1.040891215578790568e+07
4.680000000000000132e-02 1.035221291403369978e+07
4.693333333333333385e-02 1.030233403505143337e+07
4.706666666666667331e-02 1.022965608679089323e+07
4.719999999999999890e-02 1.017084378458116576e+07
4.733333333333333837e-02 1.011175698177107237e+07
4.746666666666666395e-02 1.003402458355272189e+07
4.760000000000000342e-02 9.984368339869404212e+06
4.773333333333332901e-02 9.921253444910310209e+06
4.786666666666666847e-02 9.875450445017978549e+06
4.800000000000000794e-02 9.824425550173588097e+06
4.813333333333333353e-02 9.772147810383846983e+06
4.826666666666667299e-02 9.741543030353724957e+06
4.839999999999999858e-02 9.707510823006428778e+06
4.853333333333333804e-02 9.652139160256044939e+06
4.866666666666667057e-02 9.603669531586879864e+06
4.880000000000000310e-02 9.555799505932187662e+06
4.893333333333333562e-02 9.511428854658566415e+06
4.906666666666666815e-02 9.473067086507085711e+06
4.920000000000000068e-02 9.422702515120649710e+06
4.933333333333334014e-02 9.357948498841414228e+06
4.946666666666666573e-02 9.326292349223962054e+06
4.960000000000000520e-02 9.276430360466841608e+06
4.973333333333333078e-02 9.221230541472686455e+06
4.986666666666667025e-02 9.182526455267282203e+06
4.999999999999999584e-02 9.115032670245369896e+06
5.013333333333333530e-02 9.085548287797119468e+06
5.026666666666667477e-02 9.040875397288192064e+06
5.040000000000000036e-02 9.006998833551548421e+06
5.053333333333333982e-02 8.963173063516322523e+06
5.066666666666666541e-02 8.941795953748054802e+06
5.080000000000000487e-02 8.906577438675312325e+06
5.093333333333333740e-02 8.844313675025053322e+06
5.106666666666666993e-02 8.774278788397252560e+06
5.120000000000000245e-02 8.720982094513671473e+06
5.133333333333333498e-02 8.670599335128404200e+06
5.146666666666666751e-02 8.611868997566334903e+06
5.160000000000000697e-02 8.567274365201830864e+06
5.173333333333333256e-02 8.534573883538328111e+06
5.186666666666667203e-02 8.506857330102728680e+06
5.199999999999999761e-02 8.463996908894140273e+06
5.213333333333333708e-02 8.433827005274625495e+06
5.226666666666666267e-02 8.402368716373346746e+06
5.240000000000000213e-02 8.347851954769345000e+06
5.253333333333334160e-02 8.310878569426075555e+06
5.266666666666666718e-02 8.259833876311805099e+06
5.280000000000000665e-02 8.202583434231494553e+06
5.293333333333333224e-02 8.160522040023217909e+06
5.306666666666667170e-02 8.118838437756345607e+06
5.320000000000000423e-02 8.056407452395213768e+06
5.333333333333333676e-02 8.014520441398488358e+06
5.346666666666666928e-02 7.966785074865180999e+06
5.360000000000000181e-02 7.930928930073336698e+06
5.373333333333333434e-02 7.893848987250167876e+06
5.386666666666667380e-02 7.854462320555729792e+06
5.399999999999999939e-02 7.825923380427205935e+06
5.413333333333333885e-02 7.783728156104201451e+06
5.426666666666666444e-02 7.748988820392597467e+06
5.440000000000000391e-02 7.700936614817567170e+06
5.453333333333332950e-02 7.672367943126919679e+06
5.466666666666666896e-02 7.643701505745724775e+06
5.480000000000000843e-02 7.629011190898262896e+06
5.493333333333333401e-02 7.603879005458549596e+06
5.506666666666667348e-02 7.572024048637272790e+06
5.519999999999999907e-02 7.532159516963631846e+06
5.533333333333333853e-02 7.485217328974292614e+06
5.546666666666667106e-02 7.438651153021861799e+06
5.560000000000000359e-02 7.399119472584111616e+06
5.573333333333333611e-02 7.367622852804739960e+06
5.586666666666666864e-02 7.335216554724193178e+06
5.600000000000000117e-02 7.306784092304681428e+06
5.613333333333334063e-02 7.290739303660466336e+06
5.626666666666666622e-02 7.262011603625824675e+06
5.640000000000000568e-02 7.235560172366368584e+06
5.653333333333333127e-02 7.208302818309382536e+06
5.666666666666667074e-02 7.173481858314340003e+06
5.679999999999999633e-02 7.137149888242080808e+06
5.693333333333333579e-02 7.098295651682747528e+06
5.706666666666667526e-02 7.060195475883556530e+06
5.720000000000000084e-02 7.039790949492800049e+06
5.733333333333334031e-02 7.023284899485412054e+06
5.746666666666666590e-02 6.993076708910617977e+06
5.760000000000000536e-02 6.973881893037294969e+06
5.773333333333333789e-02 6.940376732813202776e+06
5.786666666666667042e-02 6.915594622591344640e+06
5.800000000000000294e-02 6.881950539255516604e+06
5.813333333333333547e-02 6.850862646757780574e+06
5.826666666666666800e-02 6.809468511213508435e+06
5.840000000000000052e-02 6.786087884963830933e+06
5.853333333333333305e-02 6.750647853948559612e+06
5.866666666666667251e-02 6.708846379359568469e+06
5.879999999999999810e-02 6.691451412717172876e+06
5.893333333333333757e-02 6.669943639580161311e+06
5.906666666666666315e-02 6.654916324898819439e+06
5.920000000000000262e-02 6.628751813141186722e+06
5.933333333333334209e-02 6.610636384102696553e+06
5.946666666666666767e-02 6.594852762239822187e+06
5.960000000000000714e-02 6.572583085517083295e+06
5.973333333333333273e-02 6.549444699372851290e+06
5.986666666666667219e-02 6.531441321804513223e+06
6.000000000000000472e-02 6.506149066764434800e+06
6.013333333333333725e-02 6.472425679170916788e+06
6.026666666666666977e-02 6.448395431686364114e+06
6.040000000000000230e-02 6.421162568232312799e+06
6.053333333333333482e-02 6.393207775180009194e+06
6.066666666666666735e-02 6.367338436473294161e+06
6.079999999999999988e-02 6.350756833513109013e+06
6.093333333333333934e-02 6.330075684704793617e+06
6.106666666666666493e-02 6.301021603935202584e+06
6.120000000000000440e-02 6.275031410592731088e+06
6.133333333333332998e-02 6.256169037576167844e+06
6.146666666666666945e-02 6.238369302697815001e+06
6.160000000000000892e-02 6.217141267704122700e+06
6.173333333333333450e-02 6.206127851410873234e+06
6.186666666666667397e-02 6.190295510109883733e+06
6.199999999999999956e-02 6.161446144906374626e+06
6.213333333333333902e-02 6.132616350448610261e+06
6.226666666666667155e-02 6.105065651704146527e+06
6.240000000000000407e-02 6.078761121981026605e+06
6.253333333333334354e-02 6.057923058540320955e+06
6.266666666666666219e-02 6.032319739772414789e+06
6.280000000000000859e-02 6.004052923821108416e+06
6.293333333333332724e-02 5.984006685993069783e+06
6.306666666666667365e-02 5.960619994826096110e+06
6.320000000000000617e-02 5.944402578893333673e+06
6.333333333333333870e-02 5.918969764805834740e+06
6.346666666666667123e-02 5.895848381150652654e+06
6.360000000000000375e-02 5.874825660514929332e+06
6.373333333333333628e-02 5.848836296117847785e+06
6.386666666666666881e-02 5.827691780617085285e+06
6.400000000000000133e-02 5.795886002018101513e+06
6.413333333333333386e-02 5.772865924711581320e+06
6.426666666666666639e-02 5.749232377917543054e+06
6.439999999999999891e-02 5.735367438642051071e+06
6.453333333333334532e-02 5.718732561218013987e+06
6.466666666666666397e-02 5.699625385638089851e+06
6.480000000000001037e-02 5.688651157762769610e+06
6.493333333333332902e-02 5.674193029463651590e+06
6.506666666666667542e-02 5.646771917443388142e+06
6.519999999999999407e-02 5.617627568107286468e+06
6.533333333333334048e-02 5.599215852095559239e+06
6.546666666666667300e-02 5.579515067048128694e+06
6.560000000000000553e-02 5.555335472801120020e+06
6.573333333333333806e-02 5.531743252153618261e+06
6.586666666666667058e-02 5.507049070594032295e+06
6.600000000000000311e-02 5.491895254153761081e+06
6.613333333333333564e-02 5.472900083676404320e+06
6.626666666666666816e-02 5.462776094847794622e+06
6.640000000000000069e-02 5.443035549790156074e+06
6.653333333333333321e-02 5.423840296122138388e+06
6.666666666666666574e-02 5.400674927310806699e+06
6.680000000000001215e-02 5.386318070156598464e+06
6.693333333333333079e-02 5.372207041491000913e+06
6.706666666666667720e-02 5.351241949415435083e+06
6.719999999999999585e-02 5.336702484156413935e+06
6.733333333333334225e-02 5.323501858009130694e+06
6.746666666666666090e-02 5.307327987908733077e+06
6.760000000000000731e-02 5.291026114831057377e+06
6.773333333333333983e-02 5.268915804860174656e+06
6.786666666666667236e-02 5.248265569111405872e+06
6.800000000000000488e-02 5.229214639696676284e+06
6.813333333333333741e-02 5.202043441484990530e+06
6.826666666666666994e-02 5.182938733036919497e+06
6.840000000000000246e-02 5.161050273131729104e+06
6.853333333333333499e-02 5.148041080370336771e+06
6.866666666666666752e-02 5.137323737543444149e+06
6.880000000000000004e-02 5.125573732827161439e+06
6.893333333333333257e-02 5.118085812021588907e+06
6.906666666666667898e-02 5.106100992889516056e+06
6.919999999999999762e-02 5.095394191912990995e+06
6.933333333333334403e-02 5.071516765342498198e+06
6.946666666666666268e-02 5.054656406274492852e+06
6.960000000000000908e-02 5.035065564061907120e+06
6.973333333333332773e-02 5.017376224156700075e+06
6.986666666666667413e-02 5.001191410009881482e+06
7.000000000000000666e-02 4.987508929227665998e+06
7.013333333333333919e-02 4.973699211256528273e+06
7.026666666666667171e-02 4.968617612923436798e+06
7.040000000000000424e-02 4.959233337665944360e+06
7.053333333333333677e-02 4.939906950331548229e+06
7.066666666666666929e-02 4.918885753450211138e+06
7.080000000000000182e-02 4.899248437936990522e+06
7.093333333333333435e-02 4.878562946693633683e+06
7.106666666666666687e-02 4.861183106344624422e+06
7.119999999999999940e-02 4.841261334374957718e+06
7.133333333333334580e-02 4.818113968437641859e+06
7.146666666666666445e-02 4.803567261979431845e+06
7.160000000000001086e-02 4.791664519267244264e+06
7.173333333333332951e-02 4.777953249288519844e+06
7.186666666666667591e-02 4.764456931865464896e+06
7.199999999999999456e-02 4.747360504902601242e+06
7.213333333333334096e-02 4.725853955194249749e+06
7.226666666666667349e-02 4.703110860004891641e+06
7.240000000000000602e-02 4.683010852441550232e+06
7.253333333333333854e-02 4.671224922830929980e+06
7.266666666666667107e-02 4.662627218152660877e+06
7.280000000000000360e-02 4.656995499700462446e+06
7.293333333333333612e-02 4.641152315709758550e+06
7.306666666666666865e-02 4.632048153570268303e+06
7.320000000000000118e-02 4.614793138286298141e+06
7.333333333333333370e-02 4.597395356503334828e+06
7.346666666666666623e-02 4.580313573309060186e+06
7.360000000000001263e-02 4.561589716692576185e+06
7.373333333333333128e-02 4.551817384553713724e+06
7.386666666666667769e-02 4.535052611843560822e+06
7.399999999999999634e-02 4.520807166865626350e+06
7.413333333333334274e-02 4.510471379775528796e+06
7.426666666666666139e-02 4.493187439653662965e+06
7.440000000000000779e-02 4.483128313818754628e+06
7.453333333333334032e-02 4.464911187286087312e+06
7.466666666666667285e-02 4.456564511277637444e+06
7.480000000000000537e-02 4.438390844394403510e+06
7.493333333333333790e-02 4.432127009754731320e+06
7.506666666666667043e-02 4.411576670430167578e+06
7.520000000000000295e-02 4.393901750357764773e+06
7.533333333333333548e-02 4.377398153136719950e+06
7.546666666666666801e-02 4.358702668146699667e+06
7.560000000000000053e-02 4.346839089071344584e+06
7.573333333333333306e-02 4.331707147344703786e+06
7.586666666666667946e-02 4.318028779810234904e+06
7.599999999999999811e-02 4.303146829353217036e+06
7.613333333333334452e-02 4.291324169332335703e+06
7.626666666666666317e-02 4.271698419168941677e+06
7.640000000000000957e-02 4.255051327713022009e+06
7.653333333333332822e-02 4.231694406197601929e+06
7.666666666666667462e-02 4.211282504816083238e+06
7.680000000000000715e-02 4.202011499214383774e+06
7.693333333333333968e-02 4.190605369692076463e+06
7.706666666666667220e-02 4.185096294043082278e+06
7.720000000000000473e-02 4.172701259008964524e+06
7.733333333333333726e-02 4.166596348425086588e+06
7.746666666666666978e-02 4.155286532840508036e+06
7.760000000000000231e-02 4.142854264445978682e+06
7.773333333333333484e-02 4.126339304402520880e+06
7.786666666666666736e-02 4.110351245673483238e+06
7.799999999999999989e-02 4.099506587906271219e+06
7.813333333333334629e-02 4.085505575364686083e+06
7.826666666666666494e-02 4.079797034805735108e+06
7.840000000000001135e-02 4.071043039517014287e+06
7.853333333333333000e-02 4.069558810316185001e+06
7.866666666666667640e-02 4.061490928201260976e+06
7.879999999999999505e-02 4.048729435216177255e+06
7.893333333333334145e-02 4.033386947583798319e+06
7.906666666666667398e-02 4.017379400355998892e+06
7.920000000000000651e-02 4.000386850107146427e+06
7.933333333333333903e-02 3.984783691436404828e+06
7.946666666666667156e-02 3.973476064417928923e+06
7.960000000000000409e-02 3.962529657460863702e+06
7.973333333333333661e-02 3.958143643039101269e+06
7.986666666666666914e-02 3.948804908361639362e+06
8.000000000000000167e-02 3.946765798858875874e+06
8.013333333333333419e-02 3.937955268389959354e+06
8.026666666666666672e-02 3.924248183015021496e+06
8.039999999999999925e-02 3.907132860491588246e+06
8.053333333333333177e-02 3.890270228572268505e+06
8.066666666666667818e-02 3.881374107834301423e+06
8.079999999999999682e-02 3.865987170838212594e+06
8.093333333333334323e-02 3.855531842537659220e+06
8.106666666666666188e-02 3.846178075471881777e+06
8.120000000000000828e-02 3.839584328506204300e+06
8.133333333333334081e-02 3.833933515021489002e+06
8.146666666666667334e-02 3.830781416458956432e+06
8.160000000000000586e-02 3.826563398598934524e+06
8.173333333333333839e-02 3.817343208259730134e+06
8.186666666666667092e-02 3.803964243669182062e+06
8.200000000000000344e-02 3.791415429107653908e+06
8.213333333333333597e-02 3.775565871104152407e+06
8.226666666666666849e-02 3.758842138940114528e+06
8.240000000000000102e-02 3.752157968692571856e+06
8.253333333333333355e-02 3.744012767468341161e+06
8.266666666666666607e-02 3.737542010045472998e+06
8.279999999999999860e-02 3.735398782803174108e+06
8.293333333333334501e-02 3.722433500272380188e+06
8.306666666666666365e-02 3.716769933977221604e+06
8.320000000000001006e-02 3.705491047594042029e+06
8.333333333333332871e-02 3.696608424038166646e+06
8.346666666666667511e-02 3.686747343020574190e+06
8.360000000000000764e-02 3.672367107864196878e+06
8.373333333333334016e-02 3.664323050919062458e+06
8.386666666666665881e-02 3.657297713304027915e+06
8.400000000000000522e-02 3.653108760497178882e+06
8.413333333333333774e-02 3.646986968946023844e+06
8.426666666666667027e-02 3.640008673817056697e+06
8.440000000000001668e-02 3.632805210849012248e+06
8.453333333333333532e-02 3.619431740276618861e+06
8.466666666666666785e-02 3.606390736242551822e+06
8.480000000000000038e-02 3.596389210772369057e+06
8.493333333333334678e-02 3.584529537245454732e+06
8.506666666666667931e-02 3.575208842980143148e+06
8.519999999999999796e-02 3.570220571277384181e+06
8.533333333333333048e-02 3.567806755064494908e+06
8.546666666666667689e-02 3.564231166723015253e+06
8.560000000000000941e-02 3.555805216535722371e+06
8.573333333333334194e-02 3.552092290055907797e+06
8.586666666666666059e-02 3.543379416912035551e+06
8.600000000000000699e-02 3.533077891160133760e+06
8.613333333333333952e-02 3.519174660305181053e+06
8.626666666666667205e-02 3.508625401905349921e+06
8.639999999999999070e-02 3.501268666723616887e+06
8.653333333333333710e-02 3.496518350105437916e+06
8.666666666666666963e-02 3.492722087584223598e+06
8.680000000000000215e-02 3.484276927930382546e+06
8.693333333333334856e-02 3.482005765621265396e+06
8.706666666666666721e-02 3.474577310638626106e+06
8.719999999999999973e-02 3.468628419966969173e+06
8.733333333333333226e-02 3.457311701628342271e+06
8.746666666666667866e-02 3.448112972861055285e+06
8.760000000000001119e-02 3.434202689623550978e+06
8.773333333333332984e-02 3.428824091031886172e+06
8.786666666666666237e-02 3.418749394064150285e+06
8.800000000000000877e-02 3.406132593326332513e+06
8.813333333333334130e-02 3.398711692882888950e+06
8.826666666666667382e-02 3.385944601741378661e+06
8.839999999999999247e-02 3.385367778310831171e+06
8.853333333333333888e-02 3.380848683208064642e+06
8.866666666666667140e-02 3.373893875470625237e+06
8.880000000000000393e-02 3.366144585804887582e+06
8.893333333333335033e-02 3.358515148911942728e+06
8.906666666666666898e-02 3.352246718814876862e+06
8.920000000000000151e-02 3.344313666025592014e+06
8.933333333333333404e-02 3.338808637528882828e+06
8.946666666666668044e-02 3.334492936618852895e+06
8.960000000000001297e-02 3.329649670561564621e+06
8.973333333333333162e-02 3.321925691901127808e+06
8.986666666666666414e-02 3.317286469728033524e+06
9.000000000000001055e-02 3.307087376675212756e+06
9.013333333333334307e-02 3.297497101367189083e+06
9.026666666666667560e-02 3.289764929712314159e+06
9.039999999999999425e-02 3.276749255338996183e+06
9.053333333333334065e-02 3.274099040664561559e+06
9.066666666666667318e-02 3.270160910111750942e+06
9.080000000000000571e-02 3.266388235182434320e+06
9.093333333333332436e-02 3.264142660904216580e+06
9.106666666666667076e-02 3.258766562047020998e+06
9.120000000000000329e-02 3.254236547577027697e+06
9.133333333333333581e-02 3.248545545340876095e+06
9.146666666666668222e-02 3.241239762091022916e+06
9.160000000000000087e-02 3.232800313643274363e+06
9.173333333333333339e-02 3.224369851013755891e+06
9.186666666666666592e-02 3.214475160571301356e+06
9.200000000000001232e-02 3.208982851921373513e+06
9.213333333333334485e-02 3.201773609552680980e+06
9.226666666666666350e-02 3.195623989968367387e+06
9.239999999999999603e-02 3.191128529916876927e+06
9.253333333333334243e-02 3.185962543775328435e+06
9.266666666666667496e-02 3.182152175627030898e+06
9.280000000000000748e-02 3.177396693695945200e+06
9.293333333333332613e-02 3.170814385292795487e+06
9.306666666666667254e-02 3.162137486744673457e+06
9.320000000000000506e-02 3.154394325123257004e+06
9.333333333333333759e-02 3.145745792136246804e+06
9.346666666666668399e-02 3.137351757077768445e+06
9.360000000000000264e-02 3.134495244401830249e+06
9.373333333333333517e-02 3.131679044895162806e+06
9.386666666666666770e-02 3.129641828081321437e+06
9.400000000000001410e-02 3.124227390305366367e+06
9.413333333333334663e-02 3.121955995848691091e+06
9.426666666666666528e-02 3.115627939235560130e+06
9.439999999999999780e-02 3.107756327630982269e+06
9.453333333333334421e-02 3.098322655141988769e+06
9.466666666666667673e-02 3.087193264997896738e+06
9.479999999999999538e-02 3.081301532369542401e+06
9.493333333333332791e-02 3.074360789923218545e+06
9.506666666666667431e-02 3.067988133204694837e+06
9.520000000000000684e-02 3.062699815456898417e+06
9.533333333333333937e-02 3.057008558017399162e+06
9.546666666666665801e-02 3.049344394410795998e+06
9.560000000000000442e-02 3.042116091087294742e+06
9.573333333333333695e-02 3.033895636417982634e+06
9.586666666666666947e-02 3.027959583402484190e+06
9.600000000000001588e-02 3.017718457861086819e+06
9.613333333333333452e-02 3.011323892408333253e+06
9.626666666666666705e-02 3.005485076601314358e+06
9.639999999999999958e-02 2.998724183071335778e+06
9.653333333333334598e-02 2.995869723262017127e+06
9.666666666666667851e-02 2.992435298165341839e+06
9.679999999999999716e-02 2.987609955659892410e+06
9.693333333333332968e-02 2.983945708226763643e+06
9.706666666666667609e-02 2.974744164855364710e+06
9.720000000000000862e-02 2.966754017747052480e+06
9.733333333333334114e-02 2.957275543245856650e+06
9.746666666666665979e-02 2.951544009532792959e+06
9.760000000000000620e-02 2.941743349669794086e+06
9.773333333333333872e-02 2.934214451127689332e+06
9.786666666666667125e-02 2.929356475542016327e+06
9.800000000000001765e-02 2.923785213105245028e+06
9.813333333333333630e-02 2.917158207049524412e+06
9.826666666666666883e-02 2.911298915835608728e+06
9.840000000000000135e-02 2.905312014924291987e+06
9.853333333333334776e-02 2.899810431778600905e+06
9.866666666666668029e-02 2.897238746533902828e+06
9.879999999999999893e-02 2.889891708861036226e+06
9.893333333333333146e-02 2.884617720461386722e+06
9.906666666666667787e-02 2.877507514629768673e+06
9.920000000000001039e-02 2.870448203864973038e+06
9.933333333333332904e-02 2.869051662297331262e+06
9.946666666666666157e-02 2.866275901218498591e+06
9.960000000000000797e-02 2.864900241360095795e+06
9.973333333333334050e-02 2.863395707738207653e+06
9.986666666666667302e-02 2.854676230957350228e+06
9.999999999999999167e-02 2.849332891167011578e+06
1.001333333333333381e-01 2.844662412980379537e+06
1.002666666666666706e-01 2.838543233937150333e+06
1.004000000000000031e-01 2.833525479048104025e+06
1.005333333333333495e-01 2.828857955358991865e+06
1.006666666666666682e-01 2.823651038662376814e+06
1.008000000000000007e-01 2.820786354949283414e+06
1.009333333333333332e-01 2.811461398162107449e+06
1.010666666666666796e-01 2.805267906664774287e+06
1.012000000000000122e-01 2.798784512507132720e+06
1.013333333333333308e-01 2.792989026032595430e+06
1.014666666666666633e-01 2.785396156752992421e+06
1.016000000000000097e-01 2.781623871780049987e+06
1.017333333333333423e-01 2.776445811712128576e+06
1.018666666666666748e-01 2.773884313905454706e+06
1.019999999999999934e-01 2.774849173374710139e+06
1.021333333333333399e-01 2.771304817222950049e+06
1.022666666666666724e-01 2.769284538075070828e+06
1.024000000000000049e-01 2.764949748605642468e+06
1.025333333333333513e-01 2.760015966398277786e+06
1.026666666666666700e-01 2.750200736324219033e+06
1.028000000000000025e-01 2.743453918061180506e+06
1.029333333333333350e-01 2.736590184779334813e+06
1.030666666666666814e-01 2.730987463123449590e+06
1.032000000000000139e-01 2.727009479127426632e+06
1.033333333333333326e-01 2.721546644360418897e+06
1.034666666666666651e-01 2.717086758957835846e+06
1.036000000000000115e-01 2.716743903530707117e+06
1.037333333333333441e-01 2.713585535558934323e+06
1.038666666666666627e-01 2.708514162612388376e+06
1.039999999999999952e-01 2.702750558913248591e+06
1.041333333333333416e-01 2.695608582112302072e+06
1.042666666666666742e-01 2.687721431424017064e+06
1.044000000000000067e-01 2.682053303379811347e+06
1.045333333333333253e-01 2.673050217104163487e+06
1.046666666666666717e-01 2.667890130018124823e+06
1.048000000000000043e-01 2.665915543099229690e+06
1.049333333333333368e-01 2.663332730780418962e+06
1.050666666666666832e-01 2.659680547910135705e+06
1.052000000000000018e-01 2.658027095052368008e+06
1.053333333333333344e-01 2.650815343774341047e+06
1.054666666666666669e-01 2.649769264639189001e+06
1.056000000000000133e-01 2.644132454740919638e+06
1.057333333333333458e-01 2.637935074476717506e+06
1.058666666666666645e-01 2.632318307412556838e+06
1.059999999999999970e-01 2.626206694139889907e+06
1.061333333333333434e-01 2.620323589467574842e+06
1.062666666666666759e-01 2.614586833134673536e+06
1.064000000000000085e-01 2.609916341431757435e+06
1.065333333333333271e-01 2.604808291410557926e+06
1.066666666666666735e-01 2.601727530005311593e+06
1.068000000000000060e-01 2.597342180606921203e+06
1.069333333333333386e-01 2.592239586191127077e+06
1.070666666666666850e-01 2.588001565521906596e+06
1.072000000000000036e-01 2.580710887846503407e+06
1.073333333333333361e-01 2.577860487067761365e+06
1.074666666666666687e-01 2.574350358053436037e+06
1.076000000000000151e-01 2.573298082265662029e+06
1.077333333333333476e-01 2.570163179348148871e+06
1.078666666666666663e-01 2.568326704315489158e+06
1.079999999999999988e-01 2.568626286930026952e+06
1.081333333333333452e-01 2.566732646757508628e+06
1.082666666666666777e-01 2.558137971795171034e+06
1.083999999999999964e-01 2.553408642778527923e+06
1.085333333333333289e-01 2.550244022772253491e+06
1.086666666666666753e-01 2.544682330518331379e+06
1.088000000000000078e-01 2.539370250924222171e+06
1.089333333333333403e-01 2.536128125587807968e+06
1.090666666666666590e-01 2.534664757560210768e+06
1.092000000000000054e-01 2.530227608020999469e+06
1.093333333333333379e-01 2.530516072343348525e+06
1.094666666666666704e-01 2.528754374974717852e+06
1.096000000000000169e-01 2.524046259697813075e+06
1.097333333333333355e-01 2.520642711990096606e+06
1.098666666666666680e-01 2.515645081380710937e+06
1.100000000000000006e-01 2.509405048529943451e+06
1.101333333333333470e-01 2.505300002362297848e+06
1.102666666666666795e-01 2.499997330956038088e+06
1.103999999999999981e-01 2.497394621081580874e+06
1.105333333333333307e-01 2.496873483806970529e+06
1.106666666666666771e-01 2.493017571297211573e+06
1.108000000000000096e-01 2.491963241737266537e+06
1.109333333333333421e-01 2.490262185315760784e+06
1.110666666666666608e-01 2.487152631203425117e+06
1.112000000000000072e-01 2.484376115274353418e+06
1.113333333333333397e-01 2.480745860057436861e+06
1.114666666666666722e-01 2.476133955587730743e+06
1.116000000000000186e-01 2.470872174869102892e+06
1.117333333333333373e-01 2.468506333895614836e+06
1.118666666666666698e-01 2.463958789837003686e+06
1.120000000000000023e-01 2.462341447249003220e+06
1.121333333333333487e-01 2.460291864977535326e+06
1.122666666666666813e-01 2.455341706325233448e+06
1.123999999999999999e-01 2.451688290176521055e+06
1.125333333333333324e-01 2.448969867248494178e+06
1.126666666666666788e-01 2.444827293641898781e+06
1.128000000000000114e-01 2.442660418465966359e+06
1.129333333333333300e-01 2.437387299977881368e+06
1.130666666666666625e-01 2.434863122117206454e+06
1.132000000000000089e-01 2.432662391130777076e+06
1.133333333333333415e-01 2.430724801527329721e+06
1.134666666666666740e-01 2.427385454310094006e+06
1.135999999999999927e-01 2.425307058252606541e+06
1.137333333333333391e-01 2.421188615266149864e+06
1.138666666666666716e-01 2.418370604262987152e+06
1.140000000000000041e-01 2.412088628126718570e+06
1.141333333333333505e-01 2.406935369406299666e+06
1.142666666666666692e-01 2.402017143737450708e+06
1.144000000000000017e-01 2.399835929732272401e+06
1.145333333333333342e-01 2.398115296403886750e+06
1.146666666666666806e-01 2.396377163675352000e+06
1.148000000000000131e-01 2.395647551863071043e+06
1.149333333333333318e-01 2.393802319916531444e+06
1.150666666666666643e-01 2.394002338888950180e+06
1.152000000000000107e-01 2.391283468882944435e+06
1.153333333333333433e-01 2.386074755935565103e+06
1.154666666666666758e-01 2.383018990263341460e+06
1.155999999999999944e-01 2.378890066702770535e+06
1.157333333333333408e-01 2.377238190703277010e+06
1.158666666666666734e-01 2.374880301329852082e+06
1.160000000000000059e-01 2.373415306630021892e+06
1.161333333333333523e-01 2.373126832260274794e+06
1.162666666666666709e-01 2.372045753344910685e+06
1.164000000000000035e-01 2.368515045202007517e+06
1.165333333333333360e-01 2.365675581483482849e+06
1.166666666666666824e-01 2.360852279329162091e+06
1.168000000000000010e-01 2.356906282808906864e+06
1.169333333333333336e-01 2.351168892709126230e+06
1.170666666666666661e-01 2.345519655054116156e+06
1.172000000000000125e-01 2.344145966739997268e+06
1.173333333333333450e-01 2.342373663112453651e+06
1.174666666666666637e-01 2.341607413528903387e+06
1.175999999999999962e-01 2.341138091339640319e+06
1.177333333333333426e-01 2.337500785657148343e+06
1.178666666666666751e-01 2.334559537053610198e+06
1.180000000000000077e-01 2.329577202195460442e+06
1.181333333333333263e-01 2.326691645236300770e+06
1.182666666666666727e-01 2.323006016825706698e+06
1.184000000000000052e-01 2.320927823298685253e+06
1.185333333333333378e-01 2.320080663662220817e+06
1.186666666666666842e-01 2.319186190425084904e+06
1.188000000000000028e-01 2.315985633297236171e+06
1.189333333333333353e-01 2.312715368284388911e+06
1.190666666666666679e-01 2.307615012524721213e+06
1.192000000000000143e-01 2.307034186833628453e+06
1.193333333333333468e-01 2.301541763554142322e+06
1.194666666666666655e-01 2.298662107640432194e+06
1.195999999999999980e-01 2.293398909442192409e+06
1.197333333333333444e-01 2.288437999925825279e+06
1.198666666666666769e-01 2.287749711782827508e+06
1.200000000000000094e-01 2.285150321038776077e+06
1.201333333333333281e-01 2.281088075902878307e+06
1.202666666666666745e-01 2.279944814011018723e+06
1.204000000000000070e-01 2.279346873802517541e+06
1.205333333333333395e-01 2.280959263666498475e+06
1.206666666666666859e-01 2.279819770712619182e+06
1.208000000000000046e-01 2.278427225071444642e+06
1.209333333333333371e-01 2.275760943240651861e+06
1.210666666666666696e-01 2.272061948510165326e+06
1.212000000000000161e-01 2.266416679890344385e+06
1.213333333333333347e-01 2.261519758849059697e+06
1.214666666666666672e-01 2.257066842733816709e+06
1.215999999999999998e-01 2.255895646020414773e+06
1.217333333333333462e-01 2.255183324361789040e+06
1.218666666666666787e-01 2.254690548069211654e+06
1.219999999999999973e-01 2.255109129274895880e+06
1.221333333333333299e-01 2.252973525686293840e+06
1.222666666666666763e-01 2.250824198535126168e+06
1.224000000000000088e-01 2.243506523757583927e+06
1.225333333333333413e-01 2.240799911885975394e+06
1.226666666666666600e-01 2.238258161249926779e+06
1.228000000000000064e-01 2.236542676163809840e+06
1.229333333333333389e-01 2.235218837398366071e+06
1.230666666666666714e-01 2.234318190317658707e+06
1.232000000000000178e-01 2.233518213165069465e+06
1.233333333333333365e-01 2.231497351787461899e+06
1.234666666666666690e-01 2.229862920554059092e+06
1.236000000000000015e-01 2.229177487572656944e+06
1.237333333333333479e-01 2.224778431654726621e+06
1.238666666666666805e-01 2.222074430409226567e+06
1.239999999999999991e-01 2.218374690233805217e+06
1.241333333333333316e-01 2.215875766114945058e+06
1.242666666666666780e-01 2.213997900949521456e+06
1.244000000000000106e-01 2.211721563007041346e+06
1.245333333333333431e-01 2.209773937153210863e+06
1.246666666666666617e-01 2.207564417511545122e+06
1.248000000000000081e-01 2.204178232817825861e+06
1.249333333333333407e-01 2.201098689791126177e+06
1.250666666666666871e-01 2.196057560702456627e+06
1.252000000000000057e-01 2.192308767225857358e+06
1.253333333333333244e-01 2.190506439058576711e+06
1.254666666666666708e-01 2.186927573253097944e+06
1.256000000000000172e-01 2.186774243085362948e+06
1.257333333333333358e-01 2.185156393078286201e+06
1.258666666666666545e-01 2.184315578203249723e+06
1.260000000000000009e-01 2.184036358920406085e+06
1.261333333333333473e-01 2.182819007731982507e+06
1.262666666666666659e-01 2.181980365759627894e+06
1.264000000000000123e-01 2.178815459439238533e+06
1.265333333333333310e-01 2.176576472036956344e+06
1.266666666666666774e-01 2.170458630125832744e+06
1.267999999999999960e-01 2.164998065032154787e+06
1.269333333333333425e-01 2.161469385997740086e+06
1.270666666666666889e-01 2.159518337556702085e+06
1.272000000000000075e-01 2.158173301874835044e+06
1.273333333333333262e-01 2.158104350586259738e+06
1.274666666666666726e-01 2.157299095856747124e+06
1.276000000000000190e-01 2.154562406755482312e+06
1.277333333333333376e-01 2.152350223271821160e+06
1.278666666666666563e-01 2.147691984077778179e+06
1.280000000000000027e-01 2.144602726361400448e+06
1.281333333333333491e-01 2.139190242358314339e+06
1.282666666666666677e-01 2.137297038673562929e+06
1.284000000000000141e-01 2.132564181490970775e+06
1.285333333333333328e-01 2.132298452328409534e+06
1.286666666666666792e-01 2.132828291973804589e+06
1.287999999999999978e-01 2.133274126465060748e+06
1.289333333333333442e-01 2.132087827483015135e+06
1.290666666666666906e-01 2.129497695578773972e+06
1.292000000000000093e-01 2.126209174561986700e+06
1.293333333333333279e-01 2.122645622662136331e+06
1.294666666666666743e-01 2.120195250339897349e+06
1.296000000000000207e-01 2.117186472810583189e+06
1.297333333333333394e-01 2.117118958899282385e+06
1.298666666666666580e-01 2.116889056004804093e+06
1.300000000000000044e-01 2.116277228904971853e+06
1.301333333333333508e-01 2.115040763102351222e+06
1.302666666666666695e-01 2.112780787798446603e+06
1.303999999999999881e-01 2.111454599119478371e+06
1.305333333333333345e-01 2.107126310098954942e+06
1.306666666666666810e-01 2.104265172114561778e+06
1.307999999999999996e-01 2.101256541905341204e+06
1.309333333333333460e-01 2.098800541577859782e+06
1.310666666666666647e-01 2.097679308102551382e+06
1.312000000000000111e-01 2.096971002083588159e+06
1.313333333333333297e-01 2.097019551735306391e+06
1.314666666666666761e-01 2.095174725982953561e+06
1.316000000000000225e-01 2.095917032775823958e+06
1.317333333333333412e-01 2.096856064921408659e+06
1.318666666666666598e-01 2.094366923567303224e+06
1.320000000000000062e-01 2.090168766000569565e+06
1.321333333333333526e-01 2.085966950871119043e+06
1.322666666666666713e-01 2.083718666149492841e+06
1.323999999999999899e-01 2.079782868546325946e+06
1.325333333333333363e-01 2.076144044380672509e+06
1.326666666666666827e-01 2.074861691710015293e+06
1.328000000000000014e-01 2.075674437534684781e+06
1.329333333333333478e-01 2.075112406611093087e+06
1.330666666666666664e-01 2.075718304269112647e+06
1.332000000000000128e-01 2.072026180156862363e+06
1.333333333333333315e-01 2.070027343345466070e+06
1.334666666666666779e-01 2.067695986316379625e+06
1.336000000000000243e-01 2.064836557356635109e+06
1.337333333333333429e-01 2.060574409835474100e+06
1.338666666666666616e-01 2.057503713871821295e+06
1.340000000000000080e-01 2.055086662003500620e+06
1.341333333333333544e-01 2.055874074413127033e+06
1.342666666666666730e-01 2.054524648704508319e+06
1.343999999999999917e-01 2.053008451406728709e+06
1.345333333333333381e-01 2.053387205368911382e+06
1.346666666666666845e-01 2.049873687735380605e+06
1.348000000000000032e-01 2.048829867309589405e+06
1.349333333333333218e-01 2.046037827229200630e+06
1.350666666666666682e-01 2.043974960071895039e+06
1.352000000000000146e-01 2.042521760071340716e+06
1.353333333333333333e-01 2.040564043160504662e+06
1.354666666666666797e-01 2.039314173359782668e+06
1.355999999999999983e-01 2.036566768166537164e+06
1.357333333333333447e-01 2.036082749340492766e+06
1.358666666666666634e-01 2.033118135631880024e+06
1.360000000000000098e-01 2.030432016179034021e+06
1.361333333333333562e-01 2.027819844860212412e+06
1.362666666666666748e-01 2.025482231187787140e+06
1.363999999999999935e-01 2.023396007288590306e+06
1.365333333333333399e-01 2.021100267472091131e+06
1.366666666666666863e-01 2.018309928544306429e+06
1.368000000000000049e-01 2.014690322489410406e+06
1.369333333333333236e-01 2.014549013796458486e+06
1.370666666666666700e-01 2.015150597214275738e+06
1.372000000000000164e-01 2.015974550382395741e+06
1.373333333333333350e-01 2.017569496145503828e+06
1.374666666666666814e-01 2.016759642808979144e+06
1.376000000000000001e-01 2.013499807474116562e+06
1.377333333333333465e-01 2.010427575137187494e+06
1.378666666666666651e-01 2.008662654042606009e+06
1.380000000000000115e-01 2.005343568288682727e+06
1.381333333333333580e-01 2.004865650323317852e+06
1.382666666666666766e-01 2.002935859634354245e+06
1.383999999999999952e-01 2.004090575730944984e+06
1.385333333333333417e-01 2.003870103533862857e+06
1.386666666666666881e-01 2.003493166670670267e+06
1.388000000000000067e-01 2.001806101566022495e+06
1.389333333333333254e-01 2.000165192928452976e+06
1.390666666666666718e-01 1.997891168085837271e+06
1.392000000000000182e-01 1.993021309683487285e+06
1.393333333333333368e-01 1.989986355669809505e+06
1.394666666666666555e-01 1.987927987285557669e+06
1.396000000000000019e-01 1.988344179235839983e+06
1.397333333333333483e-01 1.986940207869947888e+06
1.398666666666666669e-01 1.987954015007026959e+06
1.400000000000000133e-01 1.987344355329664657e+06
1.401333333333333320e-01 1.985194132594422903e+06
1.402666666666666784e-01 1.982723975333485287e+06
1.403999999999999970e-01 1.980901058002504520e+06
1.405333333333333434e-01 1.979017675310549792e+06
1.406666666666666898e-01 1.978291323921042960e+06
1.408000000000000085e-01 1.976875868630833924e+06
1.409333333333333271e-01 1.975262779875027947e+06
1.410666666666666735e-01 1.975159790721385973e+06
1.412000000000000199e-01 1.973447767447476508e+06
1.413333333333333386e-01 1.971353532482814742e+06
1.414666666666666572e-01 1.970877159949242370e+06
1.416000000000000036e-01 1.967110760204582941e+06
1.417333333333333500e-01 1.966231509041568264e+06
1.418666666666666687e-01 1.965583308340952033e+06
1.420000000000000151e-01 1.961530871000787709e+06
1.421333333333333337e-01 1.959759413080360042e+06
1.422666666666666802e-01 1.958681541752832709e+06
1.423999999999999988e-01 1.958418888073530747e+06
1.425333333333333452e-01 1.958278951326573268e+06
1.426666666666666916e-01 1.958450652229112107e+06
1.428000000000000103e-01 1.957760793115844950e+06
1.429333333333333289e-01 1.956889666837077122e+06
1.430666666666666753e-01 1.954032916054715635e+06
1.432000000000000217e-01 1.952024891578506446e+06
1.433333333333333404e-01 1.948254181575401919e+06
1.434666666666666590e-01 1.945077267613312928e+06
1.436000000000000054e-01 1.942521395018161042e+06
1.437333333333333518e-01 1.939057771331202937e+06
1.438666666666666705e-01 1.941617053317506798e+06
1.439999999999999891e-01 1.940828374508243985e+06
1.441333333333333355e-01 1.941867551440299954e+06
1.442666666666666819e-01 1.942670594911667984e+06
1.444000000000000006e-01 1.940565382840015693e+06
1.445333333333333470e-01 1.939189628448589705e+06
1.446666666666666656e-01 1.934706533330111764e+06
1.448000000000000120e-01 1.932429379274905426e+06
1.449333333333333307e-01 1.930365206251325551e+06
1.450666666666666771e-01 1.929884480969634838e+06
1.452000000000000235e-01 1.930013575811920455e+06
1.453333333333333421e-01 1.929788531029929873e+06
1.454666666666666608e-01 1.930215282964239363e+06
1.456000000000000072e-01 1.929632936676250305e+06
1.457333333333333536e-01 1.929707518690751866e+06
1.458666666666666722e-01 1.927967602730804356e+06
1.459999999999999909e-01 1.927466923302822281e+06
1.461333333333333373e-01 1.925689746388805564e+06
1.462666666666666837e-01 1.922107087905502878e+06
1.464000000000000024e-01 1.920111376651951810e+06
1.465333333333333488e-01 1.921371745770875365e+06
1.466666666666666674e-01 1.920794629117078613e+06
1.468000000000000138e-01 1.919151862674543634e+06
1.469333333333333325e-01 1.919971099287042860e+06
1.470666666666666789e-01 1.917831680226166034e+06
1.472000000000000253e-01 1.916892001736790407e+06
1.473333333333333439e-01 1.914204310521303443e+06
1.474666666666666626e-01 1.911329568706241436e+06
1.476000000000000090e-01 1.911430197278334061e+06
1.477333333333333554e-01 1.911408291427108692e+06
1.478666666666666740e-01 1.911478507687344449e+06
1.479999999999999927e-01 1.910804506280744215e+06
1.481333333333333391e-01 1.910556294336357620e+06
1.482666666666666855e-01 1.909333855131122516e+06
1.484000000000000041e-01 1.908291380413246341e+06
1.485333333333333228e-01 1.907897443285793997e+06
1.486666666666666692e-01 1.907065248394374968e+06
1.488000000000000156e-01 1.905345139618543210e+06
1.489333333333333342e-01 1.903123882815707475e+06
1.490666666666666806e-01 1.900529732387415599e+06
1.491999999999999993e-01 1.897358291991417296e+06
1.493333333333333457e-01 1.894557678423378849e+06
1.494666666666666643e-01 1.894745653740016511e+06
1.496000000000000107e-01 1.896319732721505687e+06
1.497333333333333572e-01 1.896606513573267264e+06
1.498666666666666758e-01 1.897977634603217477e+06
1.499999999999999944e-01 1.898207327313963789e+06
1.501333333333333409e-01 1.896019402595647378e+06
1.502666666666666873e-01 1.894931261083250633e+06
1.504000000000000059e-01 1.891685041782341897e+06
1.505333333333333246e-01 1.890207860981092555e+06
1.506666666666666710e-01 1.889015095557928551e+06
1.508000000000000174e-01 1.888798932262744056e+06
1.509333333333333360e-01 1.887812808417466935e+06
1.510666666666666824e-01 1.888045466039346065e+06
1.512000000000000011e-01 1.889011507588379784e+06
1.513333333333333475e-01 1.889146985267069191e+06
1.514666666666666661e-01 1.887821380440115929e+06
1.516000000000000125e-01 1.886377380935435183e+06
1.517333333333333589e-01 1.882606250317588216e+06
1.518666666666666776e-01 1.881632006515461719e+06
1.519999999999999962e-01 1.880596075524538290e+06
1.521333333333333426e-01 1.880993193573846715e+06
1.522666666666666890e-01 1.880365143964230083e+06
1.524000000000000077e-01 1.879018712335885270e+06
1.525333333333333263e-01 1.877203720805347664e+06
1.526666666666666727e-01 1.878533707574747968e+06
1.528000000000000191e-01 1.877382398850487778e+06
1.529333333333333378e-01 1.876428741505008657e+06
1.530666666666666564e-01 1.875753515284064692e+06
1.532000000000000028e-01 1.876509068909476046e+06
1.533333333333333492e-01 1.876564101610390237e+06
1.534666666666666679e-01 1.875844689432574203e+06
1.536000000000000143e-01 1.875453794094554614e+06
1.537333333333333329e-01 1.876677645804457832e+06
1.538666666666666794e-01 1.875831104654628085e+06
1.539999999999999980e-01 1.875839256702485727e+06
1.541333333333333444e-01 1.875015027338154148e+06
1.542666666666666908e-01 1.875196240587298060e+06
1.544000000000000095e-01 1.875201922245342052e+06
1.545333333333333281e-01 1.871299453299713787e+06
1.546666666666666745e-01 1.869735505361839430e+06
1.548000000000000209e-01 1.867976897956672357e+06
1.549333333333333396e-01 1.868026458365944447e+06
1.550666666666666582e-01 1.867664274841117440e+06
1.552000000000000046e-01 1.870238193038387224e+06
1.553333333333333510e-01 1.872684297549087089e+06
1.554666666666666697e-01 1.872289561371894553e+06
1.556000000000000161e-01 1.871863622735519893e+06
1.557333333333333347e-01 1.870265640353468247e+06
1.558666666666666811e-01 1.868619837066078791e+06
1.559999999999999998e-01 1.865737633461336605e+06
1.561333333333333462e-01 1.864531884428601246e+06
1.562666666666666926e-01 1.862756741807341110e+06
1.564000000000000112e-01 1.863900903086491395e+06
1.565333333333333299e-01 1.865026019020234933e+06
1.566666666666666763e-01 1.865015342838350916e+06
1.568000000000000227e-01 1.865016346821774030e+06
1.569333333333333413e-01 1.865320102213716600e+06
1.570666666666666600e-01 1.864007832480760524e+06
1.572000000000000064e-01 1.862851658071580110e+06
1.573333333333333528e-01 1.862781702650709776e+06
1.574666666666666714e-01 1.861126243909218814e+06
1.575999999999999901e-01 1.860406415299543412e+06
1.577333333333333365e-01 1.859915198034205707e+06
1.578666666666666829e-01 1.857669883077923674e+06
1.580000000000000016e-01 1.857450423746337648e+06
1.581333333333333480e-01 1.858068186764089856e+06
1.582666666666666666e-01 1.859018750296742655e+06
1.584000000000000130e-01 1.857725948126065778e+06
1.585333333333333317e-01 1.859295397926733829e+06
1.586666666666666781e-01 1.857494549133076798e+06
1.588000000000000245e-01 1.856388759321275400e+06
1.589333333333333431e-01 1.854952175604018616e+06
1.590666666666666618e-01 1.853641938218366588e+06
1.592000000000000082e-01 1.854147602421752410e+06
1.593333333333333546e-01 1.855028523107766872e+06
1.594666666666666732e-01 1.857592638341394020e+06
1.595999999999999919e-01 1.858563051314173732e+06
1.597333333333333383e-01 1.860620295815819874e+06
1.598666666666666847e-01 1.857579180701766396e+06
1.600000000000000033e-01 1.856483286505777854e+06
1.601333333333333497e-01 1.853047912225866923e+06
1.602666666666666684e-01 1.852103497159255436e+06
1.604000000000000148e-01 1.851443195498568472e+06
1.605333333333333334e-01 1.851516706046039471e+06
1.606666666666666798e-01 1.853224830209705280e+06
1.607999999999999985e-01 1.856770452764935791e+06
1.609333333333333449e-01 1.857407735107111279e+06
1.610666666666666635e-01 1.858090542252378073e+06
1.612000000000000099e-01 1.855608189398018876e+06
1.613333333333333564e-01 1.855600450211738236e+06
1.614666666666666750e-01 1.853599744463418610e+06
1.615999999999999936e-01 1.851625122991704149e+06
1.617333333333333401e-01 1.849372086300796364e+06
1.618666666666666865e-01 1.850128621347718406e+06
1.620000000000000051e-01 1.850362234987651929e+06
1.621333333333333238e-01 1.851629347231304739e+06
1.622666666666666702e-01 1.853071963911495171e+06
1.624000000000000166e-01 1.853614834539135685e+06
1.625333333333333352e-01 1.852804718165705912e+06
1.626666666666666816e-01 1.852660256123097381e+06
1.628000000000000003e-01 1.851717805270182434e+06
1.629333333333333467e-01 1.850313891738125822e+06
1.630666666666666653e-01 1.851161393055047374e+06
1.632000000000000117e-01 1.850479673208429478e+06
1.633333333333333581e-01 1.849045608196638757e+06
1.634666666666666768e-01 1.848785616548525868e+06
1.635999999999999954e-01 1.848186869779560249e+06
1.637333333333333418e-01 1.848963856343284249e+06
1.638666666666666882e-01 1.850193498064465588e+06
1.640000000000000069e-01 1.850902790752410889e+06
1.641333333333333255e-01 1.851438931417488726e+06
1.642666666666666719e-01 1.850988963338528527e+06
1.644000000000000183e-01 1.849430797383020166e+06
1.645333333333333370e-01 1.848227470085822046e+06
1.646666666666666834e-01 1.849020244280214189e+06
1.648000000000000020e-01 1.849259336743470747e+06
1.649333333333333484e-01 1.850576254316615406e+06
1.650666666666666671e-01 1.852422629472948145e+06
1.652000000000000135e-01 1.853042632315815194e+06
1.653333333333333321e-01 1.852368501824116567e+06
1.654666666666666786e-01 1.851561585053806426e+06
1.655999999999999972e-01 1.851003035107683390e+06
1.657333333333333436e-01 1.848680910960941575e+06
1.658666666666666900e-01 1.847340181453917874e+06
1.660000000000000087e-01 1.846381286404538667e+06
1.661333333333333273e-01 1.846407582979887957e+06
1.662666666666666737e-01 1.847447911432670197e+06
1.664000000000000201e-01 1.848105009619972669e+06
1.665333333333333388e-01 1.849659925777999219e+06
