0.000000000000000000e+00 1.136132817966090050e+06
1.333333333333333397e-04 1.511337831704535522e+06
2.666666666666666794e-04 3.006415297615558375e+06
4.000000000000000192e-04 5.654021231392397545e+06
5.333333333333333589e-04 8.507170740411769599e+06
6.666666666666666444e-04 1.802632821630934626e+07
8.000000000000000383e-04 1.381657515655720048e+07
9.333333333333333239e-04 2.056848475669993460e+07
1.066666666666666718e-03 4.289603771545431763e+07
1.200000000000000112e-03 4.183580766822925210e+07
1.333333333333333289e-03 4.213714031421411037e+07
1.466666666666666683e-03 6.539288761404419690e+07
1.600000000000000077e-03 7.144771246633057296e+07
1.733333333333333471e-03 9.312353046450415254e+07
1.866666666666666648e-03 9.694566292337620258e+07
2.000000000000000042e-03 1.013123965279514492e+08
2.133333333333333436e-03 1.143565546050646007e+08
2.266666666666666829e-03 1.147898872320579290e+08
2.400000000000000223e-03 1.057734310753440857e+08
2.533333333333333184e-03 8.236075827544371784e+07
2.666666666666666578e-03 1.085852727975689024e+08
2.800000000000000405e-03 1.093850137379692048e+08
2.933333333333333365e-03 1.250246465631491989e+08
3.066666666666666759e-03 1.632735054557320476e+08
3.200000000000000153e-03 1.652490007469172776e+08
3.333333333333333547e-03 2.170194226956755817e+08
3.466666666666666941e-03 2.444872728826908469e+08
3.600000000000000335e-03 1.594510858424099088e+08
3.733333333333333295e-03 1.061433780797025114e+08
3.866666666666667123e-03 1.063365813717836142e+08
4.000000000000000083e-03 1.700716118598556817e+08
4.133333333333333477e-03 2.741177536855527163e+08
4.266666666666666871e-03 3.539550251495810151e+08
4.400000000000000265e-03 5.072331572607162595e+08
4.533333333333333659e-03 6.038534930930500031e+08
4.666666666666667053e-03 8.340854377081931829e+08
4.800000000000000447e-03 9.058155069520611763e+08
4.933333333333333841e-03 9.918091211409889460e+08
5.066666666666666367e-03 1.076785983509553671e+09
5.200000000000000629e-03 8.480670679406344891e+08
5.333333333333333155e-03 8.565926996214045286e+08
5.466666666666667417e-03 7.768911979815306664e+08
5.600000000000000810e-03 6.310861532966184616e+08
5.733333333333333337e-03 7.855930197438936234e+08
5.866666666666666731e-03 8.066837744165482521e+08
6.000000000000000992e-03 8.024459477039442062e+08
6.133333333333333519e-03 7.656277373148969412e+08
6.266666666666666913e-03 7.908468081843181849e+08
6.400000000000000307e-03 7.956248680432800055e+08
6.533333333333332833e-03 7.421747924170794487e+08
6.666666666666667095e-03 7.085088415460274220e+08
6.800000000000000488e-03 7.671515538163683414e+08
6.933333333333333882e-03 7.536940383111382723e+08
7.066666666666666409e-03 7.846107892957468033e+08
7.200000000000000670e-03 8.491451750744142532e+08
7.333333333333334064e-03 1.052082625076523900e+09
7.466666666666666591e-03 1.075690156094323874e+09
7.599999999999999985e-03 1.073953233756473780e+09
7.733333333333334246e-03 1.090439315498703480e+09
7.866666666666665905e-03 1.019247469153087139e+09
8.000000000000000167e-03 9.817038100462750196e+08
8.133333333333334428e-03 9.594778861229308844e+08
8.266666666666666954e-03 1.012976062864483237e+09
8.399999999999999481e-03 1.202766204168634653e+09
8.533333333333333742e-03 1.344738842204720020e+09
8.666666666666668004e-03 1.282503126393121243e+09
8.800000000000000530e-03 1.339551645622323275e+09
8.933333333333333057e-03 1.679271102888115883e+09
9.066666666666667318e-03 1.782385033057503939e+09
9.200000000000001579e-03 2.149428693286786079e+09
9.333333333333334106e-03 2.154182461026347160e+09
9.466666666666666632e-03 2.073267793215364456e+09
9.600000000000000894e-03 1.875177609834921360e+09
9.733333333333333420e-03 2.029608534797589779e+09
9.866666666666667682e-03 1.649687022412587881e+09
1.000000000000000021e-02 1.549255341083570957e+09
1.013333333333333273e-02 1.608105037281626940e+09
1.026666666666666700e-02 1.420803317015254021e+09
1.040000000000000126e-02 1.533039100035782576e+09
1.053333333333333378e-02 1.381991822391877413e+09
1.066666666666666631e-02 1.211097806258161783e+09
1.079999999999999884e-02 1.140186217570545912e+09
1.093333333333333483e-02 1.081858496843136549e+09
1.106666666666666736e-02 1.000136588567205071e+09
1.120000000000000162e-02 9.581588167659478188e+08
1.133333333333333415e-02 8.190925274295431376e+08
1.146666666666666667e-02 7.072267061319922209e+08
1.160000000000000094e-02 6.839192150132424831e+08
1.173333333333333346e-02 6.322837475052659512e+08
1.186666666666666599e-02 5.678725021440105438e+08
1.200000000000000198e-02 5.087552110918172598e+08
1.213333333333333451e-02 4.872350690352562666e+08
1.226666666666666704e-02 4.469592465783762336e+08
1.240000000000000130e-02 3.984485497711491585e+08
1.253333333333333383e-02 3.803565708537852764e+08
1.266666666666666635e-02 3.522475677262552381e+08
1.280000000000000061e-02 3.420552426714794636e+08
1.293333333333333314e-02 3.232230498917489052e+08
1.306666666666666567e-02 3.151920925037387609e+08
1.320000000000000166e-02 2.898397158176164031e+08
1.333333333333333419e-02 2.996962594689536691e+08
1.346666666666666845e-02 2.999037234639686942e+08
1.360000000000000098e-02 2.992377280807400346e+08
1.373333333333333350e-02 3.009954836040890217e+08
1.386666666666666776e-02 2.761717583049777746e+08
1.400000000000000029e-02 2.929688754407618046e+08
1.413333333333333282e-02 2.933907844380688667e+08
1.426666666666666881e-02 2.743915353453558683e+08
1.440000000000000134e-02 2.657785438690233231e+08
1.453333333333333387e-02 2.647919194453572035e+08
1.466666666666666813e-02 2.651059382069833279e+08
1.480000000000000066e-02 2.709335323862168193e+08
1.493333333333333318e-02 2.507384270710294545e+08
1.506666666666666744e-02 2.477046704639104605e+08
1.519999999999999997e-02 2.328843162630473077e+08
1.533333333333333250e-02 2.298540277855351865e+08
1.546666666666666849e-02 2.334549908825584948e+08
1.560000000000000102e-02 2.272071520764481425e+08
1.573333333333333181e-02 2.185514148661945760e+08
1.586666666666666781e-02 2.173072758785974085e+08
1.600000000000000033e-02 2.063036794203991592e+08
1.613333333333333633e-02 1.957223966811969280e+08
1.626666666666666886e-02 1.887584358863202929e+08
1.640000000000000138e-02 1.840332038111642897e+08
1.653333333333333391e-02 1.747390652260351181e+08
1.666666666666666644e-02 1.721781747363302410e+08
1.679999999999999896e-02 1.644031100081399977e+08
1.693333333333333496e-02 1.556525190135796666e+08
1.706666666666666748e-02 1.499947834788103998e+08
1.720000000000000001e-02 1.466854037417358160e+08
1.733333333333333601e-02 1.432483719017110765e+08
1.746666666666666853e-02 1.389946285956140161e+08
1.760000000000000106e-02 1.395479776387568116e+08
1.773333333333333359e-02 1.362065401359567642e+08
1.786666666666666611e-02 1.316716433814644963e+08
1.799999999999999864e-02 1.253849162229901999e+08
1.813333333333333464e-02 1.232055702093765587e+08
1.826666666666666716e-02 1.197548940782858431e+08
1.840000000000000316e-02 1.166397458948283941e+08
1.853333333333333569e-02 1.131221144825591147e+08
1.866666666666666821e-02 1.145387558827788532e+08
1.880000000000000074e-02 1.084210519358981401e+08
1.893333333333333326e-02 1.077551388554306924e+08
1.906666666666666579e-02 1.049730592820674926e+08
1.920000000000000179e-02 1.026673399803931713e+08
1.933333333333333431e-02 1.019163782356063575e+08
1.946666666666666684e-02 9.863986790342243016e+07
1.960000000000000284e-02 9.647561433212965727e+07
1.973333333333333536e-02 9.308012643555456400e+07
1.986666666666666789e-02 8.966598450034323335e+07
2.000000000000000042e-02 8.899204905518911779e+07
2.013333333333333294e-02 8.724650873305131495e+07
2.026666666666666547e-02 8.397552621831656992e+07
2.040000000000000147e-02 8.369844970942114294e+07
2.053333333333333399e-02 8.135291014052274823e+07
2.066666666666666652e-02 8.092661322216533124e+07
2.080000000000000251e-02 8.023867059508483112e+07
2.093333333333333504e-02 7.880309322534993291e+07
2.106666666666666757e-02 7.724536924742940068e+07
2.120000000000000009e-02 7.496214193375793099e+07
2.133333333333333262e-02 7.416774456109660864e+07
2.146666666666666515e-02 7.133987415910738707e+07
2.159999999999999767e-02 7.051149989688168466e+07
2.173333333333333714e-02 6.906960330347029865e+07
2.186666666666666967e-02 6.778396851110720634e+07
2.200000000000000219e-02 6.662976906246785820e+07
2.213333333333333472e-02 6.582328685371970385e+07
2.226666666666666725e-02 6.489047674645704776e+07
2.240000000000000324e-02 6.324790047679858655e+07
2.253333333333333577e-02 6.349066766368008405e+07
2.266666666666666829e-02 6.192178054874546081e+07
2.280000000000000082e-02 6.064654907349734753e+07
2.293333333333333335e-02 5.895298036563014239e+07
2.306666666666666587e-02 5.797270138750011474e+07
2.320000000000000187e-02 5.709135385624299198e+07
2.333333333333333440e-02 5.675337548920757324e+07
2.346666666666666692e-02 5.552177919274909794e+07
2.359999999999999945e-02 5.550873662308104336e+07
2.373333333333333198e-02 5.450170575021154433e+07
2.386666666666666450e-02 5.306357888781014830e+07
2.400000000000000397e-02 5.292597120306485891e+07
2.413333333333333650e-02 5.205313994198022038e+07
2.426666666666666902e-02 5.114469205233434588e+07
2.440000000000000155e-02 5.075693506854220480e+07
2.453333333333333408e-02 4.995134468385665864e+07
2.466666666666667007e-02 4.864974367136536539e+07
2.480000000000000260e-02 4.799996041212756932e+07
2.493333333333333512e-02 4.693572008845281601e+07
2.506666666666666765e-02 4.690439174068155140e+07
2.520000000000000018e-02 4.658696591832201928e+07
2.533333333333333270e-02 4.620842588264589757e+07
2.546666666666666870e-02 4.544899158026157320e+07
2.560000000000000123e-02 4.480909197680795938e+07
2.573333333333333375e-02 4.442762660023283213e+07
2.586666666666666628e-02 4.352551042727045715e+07
2.599999999999999881e-02 4.319830704519139975e+07
2.613333333333333133e-02 4.276420894373147190e+07
2.626666666666667080e-02 4.195133741395520419e+07
2.640000000000000333e-02 4.161316659529925883e+07
2.653333333333333585e-02 4.115781942094928026e+07
2.666666666666666838e-02 4.059475502392546088e+07
2.680000000000000090e-02 3.983562695165316761e+07
2.693333333333333690e-02 3.971179944730992615e+07
2.706666666666666943e-02 3.892577956692025810e+07
2.720000000000000195e-02 3.871598998640593141e+07
2.733333333333333448e-02 3.805225582186052948e+07
2.746666666666666701e-02 3.790174202940448374e+07
2.759999999999999953e-02 3.746363550894241035e+07
2.773333333333333553e-02 3.711513064946271479e+07
2.786666666666666806e-02 3.654060247460478544e+07
2.800000000000000058e-02 3.648052288014373928e+07
2.813333333333333311e-02 3.571960514074092358e+07
2.826666666666666564e-02 3.518123492053740472e+07
2.839999999999999816e-02 3.508387157238703221e+07
2.853333333333333763e-02 3.467908915086648613e+07
2.866666666666667015e-02 3.380613060007213801e+07
2.880000000000000268e-02 3.376422597797812521e+07
2.893333333333333521e-02 3.324562743185234815e+07
2.906666666666666773e-02 3.300139103918370977e+07
2.920000000000000026e-02 3.255616580940204114e+07
2.933333333333333626e-02 3.215689689642877132e+07
2.946666666666666878e-02 3.188507546392940357e+07
2.960000000000000131e-02 3.178269747199598700e+07
2.973333333333333384e-02 3.138643529536063597e+07
2.986666666666666636e-02 3.109738147483047843e+07
3.000000000000000236e-02 3.066712787830499187e+07
3.013333333333333489e-02 3.008493633051798493e+07
3.026666666666666741e-02 2.957516191092038900e+07
3.039999999999999994e-02 2.918780041093889624e+07
3.053333333333333247e-02 2.904805731253391504e+07
3.066666666666666499e-02 2.888816566705978289e+07
3.080000000000000446e-02 2.866585473881505430e+07
3.093333333333333698e-02 2.811981605893925577e+07
3.106666666666666951e-02 2.789294642148042843e+07
3.120000000000000204e-02 2.755746215627827868e+07
3.133333333333333109e-02 2.747975753400865942e+07
3.146666666666666362e-02 2.723257956901777163e+07
3.160000000000000309e-02 2.691601466776587442e+07
3.173333333333333561e-02 2.655421090748922154e+07
3.186666666666666814e-02 2.642765484045026824e+07
3.200000000000000067e-02 2.612705701857296377e+07
3.213333333333333319e-02 2.587547687779874355e+07
3.226666666666667266e-02 2.567265504984501749e+07
3.240000000000000518e-02 2.553590260144510493e+07
3.253333333333333771e-02 2.512391760096286237e+07
3.266666666666667024e-02 2.494344632645687461e+07
3.280000000000000276e-02 2.480109684797728807e+07
3.293333333333333529e-02 2.456404501820804924e+07
3.306666666666666782e-02 2.442313218457198888e+07
3.320000000000000034e-02 2.423465033142964542e+07
3.333333333333333287e-02 2.380857525553140789e+07
3.346666666666666540e-02 2.361640413288472593e+07
3.359999999999999792e-02 2.331386348758085445e+07
3.373333333333333045e-02 2.305644411508228630e+07
3.386666666666666992e-02 2.297971443274903297e+07
3.400000000000000244e-02 2.270791916415349394e+07
3.413333333333333497e-02 2.248631078837979957e+07
3.426666666666666750e-02 2.250417321540679038e+07
3.440000000000000002e-02 2.227273556958844140e+07
3.453333333333333949e-02 2.202189611108543351e+07
3.466666666666667201e-02 2.183692201542643830e+07
3.480000000000000454e-02 2.173314833035651222e+07
3.493333333333333707e-02 2.160701925535677001e+07
3.506666666666666959e-02 2.137256615246331692e+07
3.520000000000000212e-02 2.114757447447459027e+07
3.533333333333333465e-02 2.097197133363156021e+07
3.546666666666666717e-02 2.072009953682090342e+07
3.559999999999999970e-02 2.060826484909885377e+07
3.573333333333333223e-02 2.044148583109240234e+07
3.586666666666666475e-02 2.021619376396881789e+07
3.599999999999999728e-02 2.017016307380061224e+07
3.613333333333333675e-02 2.001357454301269352e+07
3.626666666666666927e-02 1.983218701718397811e+07
3.640000000000000180e-02 1.967957341531369463e+07
3.653333333333333433e-02 1.954307948318770528e+07
3.666666666666666685e-02 1.948298693222821131e+07
3.680000000000000632e-02 1.924484561791052669e+07
3.693333333333333884e-02 1.915978043242660537e+07
3.706666666666667137e-02 1.893865537050931528e+07
3.720000000000000390e-02 1.886308395095435902e+07
3.733333333333333642e-02 1.870668412979088724e+07
3.746666666666666895e-02 1.864595296976576000e+07
3.760000000000000148e-02 1.843346845519811288e+07
3.773333333333333400e-02 1.830398308298334107e+07
3.786666666666666653e-02 1.819345044228885695e+07
3.799999999999999906e-02 1.799162219894514605e+07
3.813333333333333158e-02 1.783665597821820155e+07
3.826666666666666411e-02 1.771739086148647591e+07
3.840000000000000357e-02 1.753879268306110054e+07
3.853333333333333610e-02 1.740283755846371129e+07
3.866666666666666863e-02 1.732434335566537455e+07
3.880000000000000115e-02 1.719784737404855713e+07
3.893333333333333368e-02 1.700234283560187370e+07
3.906666666666667315e-02 1.686723482231716067e+07
3.920000000000000567e-02 1.673809806997545622e+07
3.933333333333333820e-02 1.664902858953628503e+07
3.946666666666667073e-02 1.654724837771617807e+07
3.960000000000000325e-02 1.642468550837922283e+07
3.973333333333333578e-02 1.632311391056353599e+07
3.986666666666666831e-02 1.615615422137939185e+07
4.000000000000000083e-02 1.606059607006094791e+07
4.013333333333333336e-02 1.599155960721377656e+07
4.026666666666666589e-02 1.589434999429802597e+07
4.039999999999999841e-02 1.571997084696550854e+07
4.053333333333333094e-02 1.560306546447325684e+07
4.066666666666667040e-02 1.549587332199643739e+07
4.080000000000000293e-02 1.535614872902768664e+07
4.093333333333333546e-02 1.523688543860437907e+07
4.106666666666666798e-02 1.513450459402376041e+07
4.120000000000000051e-02 1.503722354888779670e+07
4.133333333333333304e-02 1.490216045585406944e+07
4.146666666666667250e-02 1.474639236066885851e+07
4.160000000000000503e-02 1.462782534419163503e+07
4.173333333333333756e-02 1.453738347917214222e+07
4.186666666666667008e-02 1.444980245604369976e+07
4.200000000000000261e-02 1.432215814238562994e+07
4.213333333333333514e-02 1.420946595312527008e+07
4.226666666666666766e-02 1.411792461258963309e+07
4.240000000000000019e-02 1.403505948623168282e+07
4.253333333333333965e-02 1.390799264170525409e+07
4.266666666666666524e-02 1.386008572526986524e+07
4.280000000000000471e-02 1.376211136189750768e+07
4.293333333333333030e-02 1.367697136259971187e+07
4.306666666666666976e-02 1.358594178318431415e+07
4.319999999999999535e-02 1.351006793369184434e+07
4.333333333333333481e-02 1.344098874610107765e+07
4.346666666666667428e-02 1.333839951158263907e+07
4.359999999999999987e-02 1.324372740042586811e+07
4.373333333333333933e-02 1.316448935839500651e+07
4.386666666666666492e-02 1.308383768504447490e+07
4.400000000000000439e-02 1.302097547707293741e+07
4.413333333333333691e-02 1.292509838243253157e+07
4.426666666666666944e-02 1.286456010881247930e+07
4.440000000000000197e-02 1.274070988636092469e+07
4.453333333333333449e-02 1.268473270834037848e+07
4.466666666666666702e-02 1.259279257676272094e+07
4.480000000000000648e-02 1.249000540211543627e+07
4.493333333333333207e-02 1.238859025188864768e+07
4.506666666666667154e-02 1.233202976453633793e+07
4.519999999999999712e-02 1.224367951082240604e+07
4.533333333333333659e-02 1.217320236650288850e+07
4.546666666666666218e-02 1.211406698640992306e+07
4.560000000000000164e-02 1.202647305416464061e+07
4.573333333333334111e-02 1.196676291712456755e+07
4.586666666666666670e-02 1.195936909929707833e+07
4.600000000000000616e-02 1.189146427189102024e+07
4.613333333333333175e-02 1.180445310759059899e+07
4.626666666666667121e-02 1.174992268383094855e+07
4.640000000000000374e-02 1.169986289068163186e+07
4.653333333333333627e-02 1.161246013490831852e+07
4.666666666666666879e-02 1.154545068491950631e+07
4.680000000000000132e-02 1.144218827872053906e+07
4.693333333333333385e-02 1.140777489298897982e+07
4.706666666666667331e-02 1.130733898344714567e+07
4.719999999999999890e-02 1.126053449226229265e+07
4.733333333333333837e-02 1.121994913208213262e+07
4.746666666666666395e-02 1.116757911178556830e+07
4.760000000000000342e-02 1.113340329455712624e+07
4.773333333333332901e-02 1.109490345736818016e+07
4.786666666666666847e-02 1.101679462215739302e+07
4.800000000000000794e-02 1.095239261154258624e+07
4.813333333333333353e-02 1.092562810707822442e+07
4.826666666666667299e-02 1.086494534869086184e+07
4.839999999999999858e-02 1.077480166752672754e+07
4.853333333333333804e-02 1.070838626798961125e+07
4.866666666666667057e-02 1.064895137482650205e+07
4.880000000000000310e-02 1.056419917627154477e+07
4.893333333333333562e-02 1.050660579161750339e+07
4.906666666666666815e-02 1.046755908890234306e+07
4.920000000000000068e-02 1.040363126747028902e+07
4.933333333333334014e-02 1.036414804935712740e+07
4.946666666666666573e-02 1.032645079057339393e+07
4.960000000000000520e-02 1.024932385176836140e+07
4.973333333333333078e-02 1.018092835921290889e+07
4.986666666666667025e-02 1.013172830009409972e+07
4.999999999999999584e-02 1.007047601193323731e+07
5.013333333333333530e-02 1.003349133637354895e+07
5.026666666666667477e-02 9.962100441690849140e+06
5.040000000000000036e-02 9.903647905552404001e+06
5.053333333333333982e-02 9.851536622643200681e+06
5.066666666666666541e-02 9.810482567420218140e+06
5.080000000000000487e-02 9.748939261912310496e+06
5.093333333333333740e-02 9.691852637610599399e+06
5.106666666666666993e-02 9.660938273279584944e+06
5.120000000000000245e-02 9.610720928340589628e+06
5.133333333333333498e-02 9.574107479458313435e+06
5.146666666666666751e-02 9.535743454523906112e+06
5.160000000000000697e-02 9.492115332350797951e+06
5.173333333333333256e-02 9.455488263316771016e+06
5.186666666666667203e-02 9.413453744276292622e+06
5.199999999999999761e-02 9.354085030988186598e+06
5.213333333333333708e-02 9.323272448532458395e+06
5.226666666666666267e-02 9.258595358068222180e+06
5.240000000000000213e-02 9.180022095765519887e+06
5.253333333333334160e-02 9.117402425447899848e+06
5.266666666666666718e-02 9.064291985048029572e+06
5.280000000000000665e-02 9.046043396332595497e+06
5.293333333333333224e-02 8.978397175174368545e+06
5.306666666666667170e-02 8.908863482499277219e+06
5.320000000000000423e-02 8.864072292478974909e+06
5.333333333333333676e-02 8.806107071382148191e+06
5.346666666666666928e-02 8.782082134248532355e+06
5.360000000000000181e-02 8.758179167225407436e+06
5.373333333333333434e-02 8.716456963579712436e+06
5.386666666666667380e-02 8.693628399939551950e+06
5.399999999999999939e-02 8.639947357554072514e+06
5.413333333333333885e-02 8.595860602629745379e+06
5.426666666666666444e-02 8.558973994425984100e+06
5.440000000000000391e-02 8.559027139435198158e+06
5.453333333333332950e-02 8.510835543509190902e+06
5.466666666666666896e-02 8.459215136517299339e+06
5.480000000000000843e-02 8.393009586325250566e+06
5.493333333333333401e-02 8.343181975453410298e+06
5.506666666666667348e-02 8.280997323660244234e+06
5.519999999999999907e-02 8.240576103004465811e+06
5.533333333333333853e-02 8.209287595693562180e+06
5.546666666666667106e-02 8.197928929252803326e+06
5.560000000000000359e-02 8.160040565647028387e+06
5.573333333333333611e-02 8.127614856765440665e+06
5.586666666666666864e-02 8.093919792331637815e+06
5.600000000000000117e-02 8.058762623680854216e+06
5.613333333333334063e-02 8.018204216760622337e+06
5.626666666666666622e-02 7.975519594442676753e+06
5.640000000000000568e-02 7.928396348136539571e+06
5.653333333333333127e-02 7.907903642469940707e+06
5.666666666666667074e-02 7.848744755535110831e+06
5.679999999999999633e-02 7.803263563947077841e+06
5.693333333333333579e-02 7.782560047371317632e+06
5.706666666666667526e-02 7.738643744058932178e+06
5.720000000000000084e-02 7.719582591516577639e+06
5.733333333333334031e-02 7.691503005040730350e+06
5.746666666666666590e-02 7.674494710870577022e+06
5.760000000000000536e-02 7.637342588369831443e+06
5.773333333333333789e-02 7.586455547919159755e+06
5.786666666666667042e-02 7.549573248560216278e+06
5.800000000000000294e-02 7.529416099864574149e+06
5.813333333333333547e-02 7.485600910686014220e+06
5.826666666666666800e-02 7.446058768488088623e+06
5.840000000000000052e-02 7.412352043444463052e+06
5.853333333333333305e-02 7.397885404898234643e+06
5.866666666666667251e-02 7.356339121872578748e+06
5.879999999999999810e-02 7.338409726291099563e+06
5.893333333333333757e-02 7.319353224501147866e+06
5.906666666666666315e-02 7.288364615979859605e+06
5.920000000000000262e-02 7.273292604740848765e+06
5.933333333333334209e-02 7.246991883619276807e+06
5.946666666666666767e-02 7.219285392962792888e+06
5.960000000000000714e-02 7.188669316417072900e+06
5.973333333333333273e-02 7.158874898264599964e+06
5.986666666666667219e-02 7.115446472272223793e+06
6.000000000000000472e-02 7.085275658163737506e+06
6.013333333333333725e-02 7.057388218424925581e+06
6.026666666666666977e-02 7.032972544773485512e+06
6.040000000000000230e-02 7.018508967604892328e+06
6.053333333333333482e-02 7.001738730136294849e+06
6.066666666666666735e-02 6.956461961031947285e+06
6.079999999999999988e-02 6.931277197533949278e+06
6.093333333333333934e-02 6.906529169339495711e+06
6.106666666666666493e-02 6.884731110353013501e+06
6.120000000000000440e-02 6.859920893927394412e+06
6.133333333333332998e-02 6.828035842907656915e+06
6.146666666666666945e-02 6.810458430750967003e+06
6.160000000000000892e-02 6.773218287186963484e+06
6.173333333333333450e-02 6.743165809261234477e+06
6.186666666666667397e-02 6.714951883078822866e+06
6.199999999999999956e-02 6.702025194312418811e+06
6.213333333333333902e-02 6.686804463774208911e+06
6.226666666666667155e-02 6.657027017004969530e+06
6.240000000000000407e-02 6.635764191639166325e+06
6.253333333333334354e-02 6.613299819110175595e+06
6.266666666666666219e-02 6.582111487884323113e+06
6.280000000000000859e-02 6.544179297443592921e+06
6.293333333333332724e-02 6.516725980271613225e+06
6.306666666666667365e-02 6.488819418533850461e+06
6.320000000000000617e-02 6.452185883305217139e+06
6.333333333333333870e-02 6.429420828659439459e+06
6.346666666666667123e-02 6.405513195291274227e+06
6.360000000000000375e-02 6.391949621091578156e+06
6.373333333333333628e-02 6.358534718275954016e+06
6.386666666666666881e-02 6.333895293898697942e+06
6.400000000000000133e-02 6.309139842189819552e+06
6.413333333333333386e-02 6.281910006894785911e+06
6.426666666666666639e-02 6.273496381944383495e+06
6.439999999999999891e-02 6.236678282067717053e+06
6.453333333333334532e-02 6.216745903712502681e+06
6.466666666666666397e-02 6.198363519619476981e+06
6.480000000000001037e-02 6.169005309402167797e+06
6.493333333333332902e-02 6.151500253864621744e+06
6.506666666666667542e-02 6.122539677361153066e+06
6.519999999999999407e-02 6.102536784005140886e+06
6.533333333333334048e-02 6.066567834652381018e+06
6.546666666666667300e-02 6.048854899783517234e+06
6.560000000000000553e-02 6.037655991540717892e+06
6.573333333333333806e-02 6.019739152805507183e+06
6.586666666666667058e-02 5.992064625346487388e+06
6.600000000000000311e-02 5.968519704788516276e+06
6.613333333333333564e-02 5.936229636834847741e+06
6.626666666666666816e-02 5.925072079866313376e+06
6.640000000000000069e-02 5.910984299609097652e+06
6.653333333333333321e-02 5.884160064336214215e+06
6.666666666666666574e-02 5.864228460228000768e+06
6.680000000000001215e-02 5.854766581800167449e+06
6.693333333333333079e-02 5.845565605099135078e+06
6.706666666666667720e-02 5.827458988263983279e+06
6.719999999999999585e-02 5.812411171767948195e+06
6.733333333333334225e-02 5.791864002486909740e+06
6.746666666666666090e-02 5.773506642214552499e+06
6.760000000000000731e-02 5.762012524116173387e+06
6.773333333333333983e-02 5.744301346374066547e+06
6.786666666666667236e-02 5.735083326482550241e+06
6.800000000000000488e-02 5.717083761092972010e+06
6.813333333333333741e-02 5.708261972398225218e+06
6.826666666666666994e-02 5.679937271680741571e+06
6.840000000000000246e-02 5.651510656537473202e+06
6.853333333333333499e-02 5.629585440533893183e+06
6.866666666666666752e-02 5.607269095792641863e+06
6.880000000000000004e-02 5.580656659931027330e+06
6.893333333333333257e-02 5.562035028009618632e+06
6.906666666666667898e-02 5.548958792021384463e+06
6.919999999999999762e-02 5.526447290882518515e+06
6.933333333333334403e-02 5.510268110295432620e+06
6.946666666666666268e-02 5.492231344981503673e+06
6.960000000000000908e-02 5.472175604226209223e+06
6.973333333333332773e-02 5.460937911957794800e+06
6.986666666666667413e-02 5.432522625675692223e+06
7.000000000000000666e-02 5.406694966119965538e+06
7.013333333333333919e-02 5.381245289981028065e+06
7.026666666666667171e-02 5.360218708670849912e+06
7.040000000000000424e-02 5.336769389911616221e+06
7.053333333333333677e-02 5.325228098747240379e+06
7.066666666666666929e-02 5.293628418735013343e+06
7.080000000000000182e-02 5.266159340649520047e+06
7.093333333333333435e-02 5.245023738083851524e+06
7.106666666666666687e-02 5.232316093477160670e+06
7.119999999999999940e-02 5.226785454524031840e+06
7.133333333333334580e-02 5.208531691112100147e+06
7.146666666666666445e-02 5.199894450148908421e+06
7.160000000000001086e-02 5.180727437943985686e+06
7.173333333333332951e-02 5.164166396796287969e+06
7.186666666666667591e-02 5.149954063755405135e+06
7.199999999999999456e-02 5.146937838505072519e+06
7.213333333333334096e-02 5.134338406339405105e+06
7.226666666666667349e-02 5.105366321282013319e+06
7.240000000000000602e-02 5.084977793980098329e+06
7.253333333333333854e-02 5.062136818294373341e+06
7.266666666666667107e-02 5.050495647243443877e+06
7.280000000000000360e-02 5.038141378020330332e+06
7.293333333333333612e-02 5.028592413226542063e+06
7.306666666666666865e-02 5.019787602674311958e+06
7.320000000000000118e-02 5.005560607637655921e+06
7.333333333333333370e-02 4.995410795512759127e+06
7.346666666666666623e-02 4.966960720378650352e+06
7.360000000000001263e-02 4.942685621028018184e+06
7.373333333333333128e-02 4.917690929767819121e+06
7.386666666666667769e-02 4.903848094449307770e+06
7.399999999999999634e-02 4.894930015115820803e+06
7.413333333333334274e-02 4.873204647168844007e+06
7.426666666666666139e-02 4.857421087030724622e+06
7.440000000000000779e-02 4.826913910957426764e+06
7.453333333333334032e-02 4.812674153594703414e+06
7.466666666666667285e-02 4.792869876894894056e+06
7.480000000000000537e-02 4.785419878477095626e+06
7.493333333333333790e-02 4.777347973060282879e+06
7.506666666666667043e-02 4.757460068069011904e+06
7.520000000000000295e-02 4.741302310780254193e+06
7.533333333333333548e-02 4.718286513525312766e+06
7.546666666666666801e-02 4.708736484524202533e+06
7.560000000000000053e-02 4.690904721942055039e+06
7.573333333333333306e-02 4.687102080664494075e+06
7.586666666666667946e-02 4.673740232276631519e+06
7.599999999999999811e-02 4.654997517913616262e+06
7.613333333333334452e-02 4.641433925565182231e+06
7.626666666666666317e-02 4.632740695600054227e+06
7.640000000000000957e-02 4.623620498763254844e+06
7.653333333333332822e-02 4.613163820500863716e+06
7.666666666666667462e-02 4.601192372245132923e+06
7.680000000000000715e-02 4.593161347577864304e+06
7.693333333333333968e-02 4.581318724048554897e+06
7.706666666666667220e-02 4.566431095489984378e+06
7.720000000000000473e-02 4.545463043033710681e+06
7.733333333333333726e-02 4.531131024127606302e+06
7.746666666666666978e-02 4.509352514174332842e+06
7.760000000000000231e-02 4.497442479291249998e+06
7.773333333333333484e-02 4.484023722952758893e+06
7.786666666666666736e-02 4.473585918824021704e+06
7.799999999999999989e-02 4.459632611019924283e+06
7.813333333333334629e-02 4.443419343576784246e+06
7.826666666666666494e-02 4.426266634521572851e+06
7.840000000000001135e-02 4.420932622547813691e+06
7.853333333333333000e-02 4.409252756902650930e+06
7.866666666666667640e-02 4.390527813768310472e+06
7.879999999999999505e-02 4.375088138668317348e+06
7.893333333333334145e-02 4.359005111623955891e+06
7.906666666666667398e-02 4.347370482467059046e+06
7.920000000000000651e-02 4.327131498034781776e+06
7.933333333333333903e-02 4.315068922657078132e+06
7.946666666666667156e-02 4.308438512139528058e+06
7.960000000000000409e-02 4.290176424846430309e+06
7.973333333333333661e-02 4.280535180867292918e+06
7.986666666666666914e-02 4.269156986519419588e+06
8.000000000000000167e-02 4.254821430843477137e+06
8.013333333333333419e-02 4.241231809969477355e+06
8.026666666666666672e-02 4.218965680073945783e+06
8.039999999999999925e-02 4.205908972358269617e+06
8.053333333333333177e-02 4.193650279702716507e+06
8.066666666666667818e-02 4.182563952552569099e+06
8.079999999999999682e-02 4.167070997600138653e+06
8.093333333333334323e-02 4.148269511165669654e+06
8.106666666666666188e-02 4.125993278866735753e+06
8.120000000000000828e-02 4.105330655171866994e+06
8.133333333333334081e-02 4.083254865504316054e+06
8.146666666666667334e-02 4.073016651679311879e+06
8.160000000000000586e-02 4.058278853651028592e+06
8.173333333333333839e-02 4.044946965727039613e+06
8.186666666666667092e-02 4.036929402674304321e+06
8.200000000000000344e-02 4.026466523478074465e+06
8.213333333333333597e-02 4.021739641712104902e+06
8.226666666666666849e-02 4.020343268034572713e+06
8.240000000000000102e-02 4.019214844228296541e+06
8.253333333333333355e-02 3.996359853357117157e+06
8.266666666666666607e-02 3.974737609529361129e+06
8.279999999999999860e-02 3.964849399091801140e+06
8.293333333333334501e-02 3.955567573881417047e+06
8.306666666666666365e-02 3.940786545281489380e+06
8.320000000000001006e-02 3.935260389846475329e+06
8.333333333333332871e-02 3.925400335732970387e+06
8.346666666666667511e-02 3.918784536247695796e+06
8.360000000000000764e-02 3.912158586008915678e+06
8.373333333333334016e-02 3.904177524732394610e+06
8.386666666666665881e-02 3.892576567585953977e+06
8.400000000000000522e-02 3.876994599815050140e+06
8.413333333333333774e-02 3.861312659010253847e+06
8.426666666666667027e-02 3.852785716276688501e+06
8.440000000000001668e-02 3.841507453088645823e+06
8.453333333333333532e-02 3.826833302872966509e+06
8.466666666666666785e-02 3.816193834448971786e+06
8.480000000000000038e-02 3.813850211594205350e+06
8.493333333333334678e-02 3.804175263004353736e+06
8.506666666666667931e-02 3.790375388019775506e+06
8.519999999999999796e-02 3.780489563977638725e+06
8.533333333333333048e-02 3.768898015597314574e+06
8.546666666666667689e-02 3.769696083267655689e+06
8.560000000000000941e-02 3.766814969068560284e+06
8.573333333333334194e-02 3.761339664131199941e+06
8.586666666666666059e-02 3.745764811193774920e+06
8.600000000000000699e-02 3.739485013366790488e+06
8.613333333333333952e-02 3.726920864126469009e+06
8.626666666666667205e-02 3.722643912445339374e+06
8.639999999999999070e-02 3.712615355905463919e+06
8.653333333333333710e-02 3.703029272990562953e+06
8.666666666666666963e-02 3.691232383527518250e+06
8.680000000000000215e-02 3.680643584534378722e+06
8.693333333333334856e-02 3.670442349877831992e+06
8.706666666666666721e-02 3.662053132591075264e+06
8.719999999999999973e-02 3.652975359443121124e+06
8.733333333333333226e-02 3.647592459275438916e+06
8.746666666666667866e-02 3.638266029598435387e+06
8.760000000000001119e-02 3.630929719574727118e+06
8.773333333333332984e-02 3.619984616715108976e+06
8.786666666666666237e-02 3.611760828348375391e+06
8.800000000000000877e-02 3.603002111194178928e+06
8.813333333333334130e-02 3.592504327269768342e+06
8.826666666666667382e-02 3.590390552835877985e+06
8.839999999999999247e-02 3.583410378199649509e+06
8.853333333333333888e-02 3.574581769045771565e+06
8.866666666666667140e-02 3.562310345313064288e+06
8.880000000000000393e-02 3.561202267702959944e+06
8.893333333333335033e-02 3.554610369213331491e+06
8.906666666666666898e-02 3.544181350005136803e+06
8.920000000000000151e-02 3.534889602799646556e+06
8.933333333333333404e-02 3.531655713690862525e+06
8.946666666666668044e-02 3.521807632894486655e+06
8.960000000000001297e-02 3.505272044094518758e+06
8.973333333333333162e-02 3.497901889916130807e+06
8.986666666666666414e-02 3.486895397761769593e+06
9.000000000000001055e-02 3.474594111395787913e+06
9.013333333333334307e-02 3.466801957166537177e+06
9.026666666666667560e-02 3.454882956149620470e+06
9.039999999999999425e-02 3.445868477082403377e+06
9.053333333333334065e-02 3.436329877990389243e+06
9.066666666666667318e-02 3.429307278075706214e+06
9.080000000000000571e-02 3.422876217167309951e+06
9.093333333333332436e-02 3.420778135322138667e+06
9.106666666666667076e-02 3.408428231734436005e+06
9.120000000000000329e-02 3.395964982130960096e+06
9.133333333333333581e-02 3.387758235064008273e+06
9.146666666666668222e-02 3.377653945428182371e+06
9.160000000000000087e-02 3.370680557010692079e+06
9.173333333333333339e-02 3.367484855231811292e+06
9.186666666666666592e-02 3.364677621235902421e+06
9.200000000000001232e-02 3.353178033548455685e+06
9.213333333333334485e-02 3.344091008051733486e+06
9.226666666666666350e-02 3.336515491957155056e+06
9.239999999999999603e-02 3.329846898237436544e+06
9.253333333333334243e-02 3.321500031189331319e+06
9.266666666666667496e-02 3.312961628387774806e+06
9.280000000000000748e-02 3.311479356851155870e+06
9.293333333333332613e-02 3.303334419575195760e+06
9.306666666666667254e-02 3.299649149189238437e+06
9.320000000000000506e-02 3.285487113791387528e+06
9.333333333333333759e-02 3.272200801969112828e+06
9.346666666666668399e-02 3.276776593679447658e+06
9.360000000000000264e-02 3.272877731151351240e+06
9.373333333333333517e-02 3.265673507710185833e+06
9.386666666666666770e-02 3.256098882030033041e+06
9.400000000000001410e-02 3.244021671228294261e+06
9.413333333333334663e-02 3.228684148090487812e+06
9.426666666666666528e-02 3.219793205514744855e+06
9.439999999999999780e-02 3.209576790992156602e+06
9.453333333333334421e-02 3.200870990631788969e+06
9.466666666666667673e-02 3.199408108667106833e+06
9.479999999999999538e-02 3.190289625934018288e+06
9.493333333333332791e-02 3.182929590835847426e+06
9.506666666666667431e-02 3.172606897976347245e+06
9.520000000000000684e-02 3.161620131491725333e+06
9.533333333333333937e-02 3.154402874328659382e+06
9.546666666666665801e-02 3.143428223686646670e+06
9.560000000000000442e-02 3.135314827381699346e+06
9.573333333333333695e-02 3.126047573013648856e+06
9.586666666666666947e-02 3.119340992221043911e+06
9.600000000000001588e-02 3.116938178661702201e+06
9.613333333333333452e-02 3.114678787172266748e+06
9.626666666666666705e-02 3.109459443350248970e+06
9.639999999999999958e-02 3.102832682768159546e+06
9.653333333333334598e-02 3.096461025825304911e+06
9.666666666666667851e-02 3.094270253835337237e+06
9.679999999999999716e-02 3.086360432989283465e+06
9.693333333333332968e-02 3.081911981446759310e+06
9.706666666666667609e-02 3.078652408019927330e+06
9.720000000000000862e-02 3.071012740163919982e+06
9.733333333333334114e-02 3.068007162516805809e+06
9.746666666666665979e-02 3.063666528681107797e+06
9.760000000000000620e-02 3.057953432429887354e+06
9.773333333333333872e-02 3.052245760483556893e+06
9.786666666666667125e-02 3.047657483773639426e+06
9.800000000000001765e-02 3.038883678833520040e+06
9.813333333333333630e-02 3.032807941333713941e+06
9.826666666666666883e-02 3.027890589297529776e+06
9.840000000000000135e-02 3.023910530304406304e+06
9.853333333333334776e-02 3.023434893606196158e+06
9.866666666666668029e-02 3.020515254648368806e+06
9.879999999999999893e-02 3.012848803632783704e+06
9.893333333333333146e-02 3.008117470694602467e+06
9.906666666666667787e-02 3.001388108533412684e+06
9.920000000000001039e-02 2.997114798027685843e+06
9.933333333333332904e-02 2.993362172621405218e+06
9.946666666666666157e-02 2.984734775981197599e+06
9.960000000000000797e-02 2.974056886440076400e+06
9.973333333333334050e-02 2.971335845132017974e+06
9.986666666666667302e-02 2.963318111996889114e+06
9.999999999999999167e-02 2.959668211305823643e+06
1.001333333333333381e-01 2.951449047019639518e+06
1.002666666666666706e-01 2.944138386094985995e+06
1.004000000000000031e-01 2.935109902811510023e+06
1.005333333333333495e-01 2.932997932005617768e+06
1.006666666666666682e-01 2.928289538887116592e+06
1.008000000000000007e-01 2.922788305139287841e+06
1.009333333333333332e-01 2.923444824917541817e+06
1.010666666666666796e-01 2.911816849092769902e+06
1.012000000000000122e-01 2.909177183343833778e+06
1.013333333333333308e-01 2.903306023547128774e+06
1.014666666666666633e-01 2.901345516807837877e+06
1.016000000000000097e-01 2.896618541550470982e+06
1.017333333333333423e-01 2.887685402179147117e+06
1.018666666666666748e-01 2.883764234311169945e+06
1.019999999999999934e-01 2.877950407612543087e+06
1.021333333333333399e-01 2.871563712499088142e+06
1.022666666666666724e-01 2.863909719208855648e+06
1.024000000000000049e-01 2.856683346645998769e+06
1.025333333333333513e-01 2.851468233948109671e+06
1.026666666666666700e-01 2.843777466214086860e+06
1.028000000000000025e-01 2.834342330610130914e+06
1.029333333333333350e-01 2.829479574715798255e+06
1.030666666666666814e-01 2.824076754756778013e+06
1.032000000000000139e-01 2.816389679954106919e+06
1.033333333333333326e-01 2.814182363752815872e+06
1.034666666666666651e-01 2.806297603311148472e+06
1.036000000000000115e-01 2.802116663508847822e+06
1.037333333333333441e-01 2.793894023017425090e+06
1.038666666666666627e-01 2.787725678666566964e+06
1.039999999999999952e-01 2.783496084299559239e+06
1.041333333333333416e-01 2.779300169564951211e+06
1.042666666666666742e-01 2.774270219311397988e+06
1.044000000000000067e-01 2.765370324310543016e+06
1.045333333333333253e-01 2.760139907525610179e+06
1.046666666666666717e-01 2.755222083592098672e+06
1.048000000000000043e-01 2.753288364965139888e+06
1.049333333333333368e-01 2.747759953943554312e+06
1.050666666666666832e-01 2.748278944620145485e+06
1.052000000000000018e-01 2.744114200530129019e+06
1.053333333333333344e-01 2.738505615583049133e+06
1.054666666666666669e-01 2.736939215005014557e+06
1.056000000000000133e-01 2.731708645569299348e+06
1.057333333333333458e-01 2.727771377553083934e+06
1.058666666666666645e-01 2.725717709418199491e+06
1.059999999999999970e-01 2.721007569643440191e+06
1.061333333333333434e-01 2.712845840779716615e+06
1.062666666666666759e-01 2.708060099246208556e+06
1.064000000000000085e-01 2.705928280991626903e+06
1.065333333333333271e-01 2.702232971338148694e+06
1.066666666666666735e-01 2.695898021079716273e+06
1.068000000000000060e-01 2.695769708974963520e+06
1.069333333333333386e-01 2.692101166705781594e+06
1.070666666666666850e-01 2.687136093449799810e+06
1.072000000000000036e-01 2.674697152104515117e+06
1.073333333333333361e-01 2.666645371074949391e+06
1.074666666666666687e-01 2.661720926093713380e+06
1.076000000000000151e-01 2.662291618193586823e+06
1.077333333333333476e-01 2.656998018842079211e+06
1.078666666666666663e-01 2.647537289703533985e+06
1.079999999999999988e-01 2.640286078457543626e+06
1.081333333333333452e-01 2.636979624117355328e+06
1.082666666666666777e-01 2.628303987794174813e+06
1.083999999999999964e-01 2.626581851212988608e+06
1.085333333333333289e-01 2.624826789282533806e+06
1.086666666666666753e-01 2.623873342610913329e+06
1.088000000000000078e-01 2.618121349675373640e+06
1.089333333333333403e-01 2.618420637262993958e+06
1.090666666666666590e-01 2.614248933082985226e+06
1.092000000000000054e-01 2.614992233410405926e+06
1.093333333333333379e-01 2.610819623388045467e+06
1.094666666666666704e-01 2.604384618799862918e+06
1.096000000000000169e-01 2.594119737219509669e+06
1.097333333333333355e-01 2.591902368410203140e+06
1.098666666666666680e-01 2.586569681805910077e+06
1.100000000000000006e-01 2.586121710344236344e+06
1.101333333333333470e-01 2.583535322792812251e+06
1.102666666666666795e-01 2.577271212625395507e+06
1.103999999999999981e-01 2.575165992962644435e+06
1.105333333333333307e-01 2.568760184222899843e+06
1.106666666666666771e-01 2.564962991281419061e+06
1.108000000000000096e-01 2.559071768149879761e+06
1.109333333333333421e-01 2.556620251998853404e+06
1.110666666666666608e-01 2.553056570526475087e+06
1.112000000000000072e-01 2.553199143067013007e+06
1.113333333333333397e-01 2.547026914942548610e+06
1.114666666666666722e-01 2.543571211078450549e+06
1.116000000000000186e-01 2.536374606559356209e+06
1.117333333333333373e-01 2.530733958022418432e+06
1.118666666666666698e-01 2.530625400362939574e+06
1.120000000000000023e-01 2.530237709677224979e+06
1.121333333333333487e-01 2.524704733253880870e+06
1.122666666666666813e-01 2.523618423367341980e+06
1.123999999999999999e-01 2.519366368185095955e+06
1.125333333333333324e-01 2.518473938391500153e+06
1.126666666666666788e-01 2.513111500456591137e+06
1.128000000000000114e-01 2.507653602731291670e+06
1.129333333333333300e-01 2.501793954573260155e+06
1.130666666666666625e-01 2.498787771137652919e+06
1.132000000000000089e-01 2.497896586589845829e+06
1.133333333333333415e-01 2.498076242924332619e+06
1.134666666666666740e-01 2.496015782177858986e+06
1.135999999999999927e-01 2.495031661303783767e+06
1.137333333333333391e-01 2.489880316142632626e+06
1.138666666666666716e-01 2.489873476141912863e+06
1.140000000000000041e-01 2.490417253036143724e+06
1.141333333333333505e-01 2.489254578526634257e+06
1.142666666666666692e-01 2.489472714035452344e+06
1.144000000000000017e-01 2.482121219616619870e+06
1.145333333333333342e-01 2.481402566251209937e+06
1.146666666666666806e-01 2.475886414218299091e+06
1.148000000000000131e-01 2.475362860825999640e+06
1.149333333333333318e-01 2.471864334880225360e+06
1.150666666666666643e-01 2.469542365633552428e+06
1.152000000000000107e-01 2.468339383661242668e+06
1.153333333333333433e-01 2.465763994020726997e+06
1.154666666666666758e-01 2.461432198794532567e+06
1.155999999999999944e-01 2.458344924668446649e+06
1.157333333333333408e-01 2.454750322906764690e+06
1.158666666666666734e-01 2.454705586296768393e+06
1.160000000000000059e-01 2.449820564525583759e+06
1.161333333333333523e-01 2.448636330178433564e+06
1.162666666666666709e-01 2.442586528926790226e+06
1.164000000000000035e-01 2.441557058774271049e+06
1.165333333333333360e-01 2.437843865049016196e+06
1.166666666666666824e-01 2.435418911234686151e+06
1.168000000000000010e-01 2.429838934871619567e+06
1.169333333333333336e-01 2.430330717454141006e+06
1.170666666666666661e-01 2.426766866956079379e+06
1.172000000000000125e-01 2.423169420552161522e+06
1.173333333333333450e-01 2.419228963959719054e+06
1.174666666666666637e-01 2.419063840738249011e+06
1.175999999999999962e-01 2.418687157186673488e+06
1.177333333333333426e-01 2.413396603142247070e+06
1.178666666666666751e-01 2.409686384934606496e+06
1.180000000000000077e-01 2.406745862786440179e+06
1.181333333333333263e-01 2.404905239268419798e+06
1.182666666666666727e-01 2.401250287478823215e+06
1.184000000000000052e-01 2.398490476354267914e+06
1.185333333333333378e-01 2.400563105641356204e+06
1.186666666666666842e-01 2.397936579197687563e+06
1.188000000000000028e-01 2.395123494839780498e+06
1.189333333333333353e-01 2.389779299135773908e+06
1.190666666666666679e-01 2.387080741299269255e+06
1.192000000000000143e-01 2.382571739856648259e+06
1.193333333333333468e-01 2.380305223899062723e+06
1.194666666666666655e-01 2.379487279659945052e+06
1.195999999999999980e-01 2.380743723030908033e+06
1.197333333333333444e-01 2.383483662112847436e+06
1.198666666666666769e-01 2.380569249101806898e+06
1.200000000000000094e-01 2.372010435208921321e+06
1.201333333333333281e-01 2.367329142582250293e+06
1.202666666666666745e-01 2.363753947483106982e+06
1.204000000000000070e-01 2.357977608832256403e+06
1.205333333333333395e-01 2.356761220239512622e+06
1.206666666666666859e-01 2.355081228779347148e+06
1.208000000000000046e-01 2.355626601998372003e+06
1.209333333333333371e-01 2.351500648540289141e+06
1.210666666666666696e-01 2.348696299756288994e+06
1.212000000000000161e-01 2.342917771889925003e+06
1.213333333333333347e-01 2.337570381298347376e+06
1.214666666666666672e-01 2.335019032380682416e+06
1.215999999999999998e-01 2.328583509535947349e+06
1.217333333333333462e-01 2.324644737212855369e+06
1.218666666666666787e-01 2.321734357709592208e+06
1.219999999999999973e-01 2.318653775956816506e+06
1.221333333333333299e-01 2.315373730134602636e+06
1.222666666666666763e-01 2.312581017703959718e+06
1.224000000000000088e-01 2.307848582895027474e+06
1.225333333333333413e-01 2.302722319421847351e+06
1.226666666666666600e-01 2.295099528413140215e+06
1.228000000000000064e-01 2.293882167768036481e+06
1.229333333333333389e-01 2.291204873658212367e+06
1.230666666666666714e-01 2.288579283486555330e+06
1.232000000000000178e-01 2.284453895392604172e+06
1.233333333333333365e-01 2.280997043325876351e+06
1.234666666666666690e-01 2.277318050862455741e+06
1.236000000000000015e-01 2.273483369640030898e+06
1.237333333333333479e-01 2.271577827261341736e+06
1.238666666666666805e-01 2.267647509368991479e+06
1.239999999999999991e-01 2.261591794259660877e+06
1.241333333333333316e-01 2.259472598733994644e+06
1.242666666666666780e-01 2.257382580249723513e+06
1.244000000000000106e-01 2.253567675030056387e+06
1.245333333333333431e-01 2.251647271249565762e+06
1.246666666666666617e-01 2.250564125043333042e+06
1.248000000000000081e-01 2.247954489467954729e+06
1.249333333333333407e-01 2.247524716273592319e+06
1.250666666666666871e-01 2.243195173928619362e+06
1.252000000000000057e-01 2.240541089801466558e+06
1.253333333333333244e-01 2.240411080323654693e+06
1.254666666666666708e-01 2.237603213467632886e+06
1.256000000000000172e-01 2.235470884225292597e+06
1.257333333333333358e-01 2.233946511837381404e+06
1.258666666666666545e-01 2.228955028923763428e+06
1.260000000000000009e-01 2.226466696550894994e+06
1.261333333333333473e-01 2.224343072692995891e+06
1.262666666666666659e-01 2.224735966797205620e+06
1.264000000000000123e-01 2.224092027489901055e+06
1.265333333333333310e-01 2.223052327840429731e+06
1.266666666666666774e-01 2.218898014333572704e+06
1.267999999999999960e-01 2.214643691551075783e+06
1.269333333333333425e-01 2.209555196081400383e+06
1.270666666666666889e-01 2.204815357655879110e+06
1.272000000000000075e-01 2.200929333980214316e+06
1.273333333333333262e-01 2.199271853432775009e+06
1.274666666666666726e-01 2.195447210774455220e+06
1.276000000000000190e-01 2.194222666822977830e+06
1.277333333333333376e-01 2.191201568310741335e+06
1.278666666666666563e-01 2.190966507196496706e+06
1.280000000000000027e-01 2.190667983141338453e+06
1.281333333333333491e-01 2.190334285998679232e+06
1.282666666666666677e-01 2.188531596458015498e+06
1.284000000000000141e-01 2.190497723931286950e+06
1.285333333333333328e-01 2.191601531744763721e+06
1.286666666666666792e-01 2.192689707244964316e+06
1.287999999999999978e-01 2.191731173398593441e+06
1.289333333333333442e-01 2.189966975309024565e+06
1.290666666666666906e-01 2.188154131998691708e+06
1.292000000000000093e-01 2.187178087199675851e+06
1.293333333333333279e-01 2.187196462222529110e+06
1.294666666666666743e-01 2.183333021404826082e+06
1.296000000000000207e-01 2.182046011108252220e+06
1.297333333333333394e-01 2.181686051535909995e+06
1.298666666666666580e-01 2.177913391630860511e+06
1.300000000000000044e-01 2.177534096228483133e+06
1.301333333333333508e-01 2.175988928320486099e+06
1.302666666666666695e-01 2.174309930769853294e+06
1.303999999999999881e-01 2.170974505022733472e+06
1.305333333333333345e-01 2.168532648131875787e+06
1.306666666666666810e-01 2.167695445497558452e+06
1.307999999999999996e-01 2.165753502315044403e+06
1.309333333333333460e-01 2.165113376005525235e+06
1.310666666666666647e-01 2.160830114504280966e+06
1.312000000000000111e-01 2.159077134689231403e+06
1.313333333333333297e-01 2.157657200639098883e+06
1.314666666666666761e-01 2.156131709393832833e+06
1.316000000000000225e-01 2.153955785930301994e+06
1.317333333333333412e-01 2.158390726022807416e+06
1.318666666666666598e-01 2.156058874706265517e+06
1.320000000000000062e-01 2.153019630150415935e+06
1.321333333333333526e-01 2.151475259039171040e+06
1.322666666666666713e-01 2.150193254156331066e+06
1.323999999999999899e-01 2.152615001098053530e+06
1.325333333333333363e-01 2.149793220992148854e+06
1.326666666666666827e-01 2.147292995759073645e+06
1.328000000000000014e-01 2.148919014319150243e+06
1.329333333333333478e-01 2.146860465805871412e+06
1.330666666666666664e-01 2.143607523099285085e+06
1.332000000000000128e-01 2.142395429481841624e+06
1.333333333333333315e-01 2.142371593932238407e+06
1.334666666666666779e-01 2.141715594923552126e+06
1.336000000000000243e-01 2.139446555641231127e+06
1.337333333333333429e-01 2.135434806702634785e+06
1.338666666666666616e-01 2.133164558938969392e+06
1.340000000000000080e-01 2.130258210400604177e+06
1.341333333333333544e-01 2.127465024051260669e+06
1.342666666666666730e-01 2.129800452729298268e+06
1.343999999999999917e-01 2.128669112155876122e+06
1.345333333333333381e-01 2.127156275307280477e+06
1.346666666666666845e-01 2.120544393163421191e+06
1.348000000000000032e-01 2.119100663853475824e+06
1.349333333333333218e-01 2.117114695205145516e+06
1.350666666666666682e-01 2.113143284469048958e+06
1.352000000000000146e-01 2.112831788201322779e+06
1.353333333333333333e-01 2.110248441016118042e+06
1.354666666666666797e-01 2.107019719864043407e+06
1.355999999999999983e-01 2.104653040055321530e+06
1.357333333333333447e-01 2.106863912852623034e+06
1.358666666666666634e-01 2.107427943678917363e+06
1.360000000000000098e-01 2.108020774970343336e+06
1.361333333333333562e-01 2.107927616379769519e+06
1.362666666666666748e-01 2.105846817808715627e+06
1.363999999999999935e-01 2.104327103942877613e+06
1.365333333333333399e-01 2.100447681329111569e+06
1.366666666666666863e-01 2.100438774640046060e+06
1.368000000000000049e-01 2.099803909731402528e+06
1.369333333333333236e-01 2.096969916483796202e+06
1.370666666666666700e-01 2.093343592997268774e+06
1.372000000000000164e-01 2.091620129446254810e+06
1.373333333333333350e-01 2.090107861213105964e+06
1.374666666666666814e-01 2.091363451939502265e+06
1.376000000000000001e-01 2.091696403400922893e+06
1.377333333333333465e-01 2.088406307703579310e+06
1.378666666666666651e-01 2.086066319151712582e+06
1.380000000000000115e-01 2.082578256535396213e+06
1.381333333333333580e-01 2.080363508166578133e+06
1.382666666666666766e-01 2.080109779172198847e+06
1.383999999999999952e-01 2.079280758997142548e+06
1.385333333333333417e-01 2.076207922462989576e+06
1.386666666666666881e-01 2.075214097582970513e+06
1.388000000000000067e-01 2.071253874004099984e+06
1.389333333333333254e-01 2.069194276052806759e+06
1.390666666666666718e-01 2.064647483137957519e+06
1.392000000000000182e-01 2.060479463079032721e+06
1.393333333333333368e-01 2.062336143427821808e+06
1.394666666666666555e-01 2.058147046370797092e+06
1.396000000000000019e-01 2.059325991771090776e+06
1.397333333333333483e-01 2.058073698492692551e+06
1.398666666666666669e-01 2.056821000649906229e+06
1.400000000000000133e-01 2.056775990770192351e+06
1.401333333333333320e-01 2.056409073959927307e+06
1.402666666666666784e-01 2.054445961895690067e+06
1.403999999999999970e-01 2.055944764430516632e+06
1.405333333333333434e-01 2.055981426006195368e+06
1.406666666666666898e-01 2.056637899104072480e+06
1.408000000000000085e-01 2.054949946811912348e+06
1.409333333333333271e-01 2.053929325776537880e+06
1.410666666666666735e-01 2.049133479308204027e+06
1.412000000000000199e-01 2.044953757009183988e+06
1.413333333333333386e-01 2.045819910861847457e+06
1.414666666666666572e-01 2.047352143126236740e+06
1.416000000000000036e-01 2.046755099270953797e+06
1.417333333333333500e-01 2.044304000066432636e+06
1.418666666666666687e-01 2.041468475991056766e+06
1.420000000000000151e-01 2.040990275488203857e+06
1.421333333333333337e-01 2.040133372554562287e+06
1.422666666666666802e-01 2.038328621442270465e+06
1.423999999999999988e-01 2.038375992740867659e+06
1.425333333333333452e-01 2.036338388794138329e+06
1.426666666666666916e-01 2.037206663970454363e+06
1.428000000000000103e-01 2.037101665629755706e+06
1.429333333333333289e-01 2.037774109804022592e+06
1.430666666666666753e-01 2.036249603231602814e+06
1.432000000000000217e-01 2.036775845315957209e+06
1.433333333333333404e-01 2.036067729295636062e+06
1.434666666666666590e-01 2.032350931754005840e+06
1.436000000000000054e-01 2.031037535340467002e+06
1.437333333333333518e-01 2.031224881782424403e+06
1.438666666666666705e-01 2.032915932866338175e+06
1.439999999999999891e-01 2.032469944703843445e+06
1.441333333333333355e-01 2.028772651149258483e+06
1.442666666666666819e-01 2.030016544767768821e+06
1.444000000000000006e-01 2.026658379304457223e+06
1.445333333333333470e-01 2.022082980007608654e+06
1.446666666666666656e-01 2.019240792995191645e+06
1.448000000000000120e-01 2.019332366178472294e+06
1.449333333333333307e-01 2.021696835278162966e+06
1.450666666666666771e-01 2.020183962737659458e+06
1.452000000000000235e-01 2.018018657852745149e+06
1.453333333333333421e-01 2.014620210511475569e+06
1.454666666666666608e-01 2.014070925806433428e+06
1.456000000000000072e-01 2.012934703010901343e+06
1.457333333333333536e-01 2.013172099813013338e+06
1.458666666666666722e-01 2.011193542166231433e+06
1.459999999999999909e-01 2.011574014648112934e+06
1.461333333333333373e-01 2.010138759543130873e+06
1.462666666666666837e-01 2.010531796115528094e+06
1.464000000000000024e-01 2.009995161242874106e+06
1.465333333333333488e-01 2.009657237992310664e+06
1.466666666666666674e-01 2.010692440382230794e+06
1.468000000000000138e-01 2.009403893306392478e+06
1.469333333333333325e-01 2.005053695520311594e+06
1.470666666666666789e-01 2.000808121132344473e+06
1.472000000000000253e-01 1.999408034495775821e+06
1.473333333333333439e-01 1.998407762682401575e+06
1.474666666666666626e-01 1.996649367220517481e+06
1.476000000000000090e-01 1.996066157071935013e+06
1.477333333333333554e-01 1.994602545103778131e+06
1.478666666666666740e-01 1.993426919203425292e+06
1.479999999999999927e-01 1.992933003374844790e+06
1.481333333333333391e-01 1.993284654524374288e+06
1.482666666666666855e-01 1.994312891597734531e+06
1.484000000000000041e-01 1.994532804678480141e+06
1.485333333333333228e-01 1.994381715953530977e+06
1.486666666666666692e-01 1.993719670771790203e+06
1.488000000000000156e-01 1.994160383410188835e+06
1.489333333333333342e-01 1.992473732387469383e+06
1.490666666666666806e-01 1.990706615273575764e+06
1.491999999999999993e-01 1.989295274627362145e+06
1.493333333333333457e-01 1.988949097556755412e+06
1.494666666666666643e-01 1.988548699519897578e+06
1.496000000000000107e-01 1.987481559640370542e+06
1.497333333333333572e-01 1.985319700207898393e+06
1.498666666666666758e-01 1.983962336922148941e+06
1.499999999999999944e-01 1.982351364961921936e+06
1.501333333333333409e-01 1.980082152956592152e+06
1.502666666666666873e-01 1.979377814729114296e+06
1.504000000000000059e-01 1.978280308774118079e+06
1.505333333333333246e-01 1.976894527952983277e+06
1.506666666666666710e-01 1.977062325725847390e+06
1.508000000000000174e-01 1.975307825910579180e+06
1.509333333333333360e-01 1.975970747526994208e+06
1.510666666666666824e-01 1.976064442795460578e+06
1.512000000000000011e-01 1.973247125747102313e+06
1.513333333333333475e-01 1.970072232666082913e+06
1.514666666666666661e-01 1.969822108914567390e+06
1.516000000000000125e-01 1.969331131866101176e+06
1.517333333333333589e-01 1.966943693618099671e+06
1.518666666666666776e-01 1.964101888468421064e+06
1.519999999999999962e-01 1.963770448424226837e+06
1.521333333333333426e-01 1.962402437945966376e+06
1.522666666666666890e-01 1.959593762535562273e+06
1.524000000000000077e-01 1.957082598455517320e+06
1.525333333333333263e-01 1.957295990264989203e+06
1.526666666666666727e-01 1.955303585271271877e+06
1.528000000000000191e-01 1.953603403946329141e+06
1.529333333333333378e-01 1.952112885013893479e+06
1.530666666666666564e-01 1.953564747808777494e+06
1.532000000000000028e-01 1.951328476821136894e+06
1.533333333333333492e-01 1.951199626767172245e+06
1.534666666666666679e-01 1.950259395288717700e+06
1.536000000000000143e-01 1.948884404463616200e+06
1.537333333333333329e-01 1.949152869047311367e+06
1.538666666666666794e-01 1.949683988633610075e+06
1.539999999999999980e-01 1.948029585290819872e+06
1.541333333333333444e-01 1.945983164668098558e+06
1.542666666666666908e-01 1.946788677294118563e+06
1.544000000000000095e-01 1.944124311685631983e+06
1.545333333333333281e-01 1.944610390758602880e+06
1.546666666666666745e-01 1.943456307817648398e+06
1.548000000000000209e-01 1.941515725813694531e+06
1.549333333333333396e-01 1.940264227536226623e+06
1.550666666666666582e-01 1.939819634760705754e+06
1.552000000000000046e-01 1.938031606082483893e+06
1.553333333333333510e-01 1.937057999235263327e+06
1.554666666666666697e-01 1.936482637801475357e+06
1.556000000000000161e-01 1.936789491604471812e+06
1.557333333333333347e-01 1.937592732813317329e+06
1.558666666666666811e-01 1.940067684673594311e+06
1.559999999999999998e-01 1.943301519114285940e+06
1.561333333333333462e-01 1.943442187082636869e+06
1.562666666666666926e-01 1.942595239982469007e+06
1.564000000000000112e-01 1.943151781847127946e+06
1.565333333333333299e-01 1.944035082366231829e+06
1.566666666666666763e-01 1.945203690168628935e+06
1.568000000000000227e-01 1.946321754726918647e+06
1.569333333333333413e-01 1.949415508429908892e+06
1.570666666666666600e-01 1.950555631940471474e+06
1.572000000000000064e-01 1.947067689399639145e+06
1.573333333333333528e-01 1.948061841173639521e+06
1.574666666666666714e-01 1.949404314905992476e+06
1.575999999999999901e-01 1.949796417557440931e+06
1.577333333333333365e-01 1.950496194584634854e+06
1.578666666666666829e-01 1.953221075940720970e+06
1.580000000000000016e-01 1.955544346898368327e+06
1.581333333333333480e-01 1.958039698520042468e+06
1.582666666666666666e-01 1.957082898920190986e+06
1.584000000000000130e-01 1.957489934812856605e+06
1.585333333333333317e-01 1.958944058795486111e+06
1.586666666666666781e-01 1.958512841798929730e+06
1.588000000000000245e-01 1.958398939295791788e+06
1.589333333333333431e-01 1.957169611016869778e+06
1.590666666666666618e-01 1.958281605178619502e+06
1.592000000000000082e-01 1.958566440145374741e+06
1.593333333333333546e-01 1.958966547693640226e+06
1.594666666666666732e-01 1.955222182609448908e+06
1.595999999999999919e-01 1.954114240521542961e+06
1.597333333333333383e-01 1.953777929319875548e+06
1.598666666666666847e-01 1.955091701402558479e+06
1.600000000000000033e-01 1.954758988254872616e+06
1.601333333333333497e-01 1.954334032276591985e+06
1.602666666666666684e-01 1.954605180672983872e+06
1.604000000000000148e-01 1.954022631093899952e+06
1.605333333333333334e-01 1.952643317625662312e+06
1.606666666666666798e-01 1.953201035571481101e+06
1.607999999999999985e-01 1.952288840333682252e+06
1.609333333333333449e-01 1.952555305963299004e+06
1.610666666666666635e-01 1.951691435723570175e+06
1.612000000000000099e-01 1.950723172253146768e+06
1.613333333333333564e-01 1.949208370308995247e+06
1.614666666666666750e-01 1.947843931759896455e+06
1.615999999999999936e-01 1.950310771411271999e+06
1.617333333333333401e-01 1.949077528808950912e+06
1.618666666666666865e-01 1.948273943269930081e+06
1.620000000000000051e-01 1.945045367685993668e+06
1.621333333333333238e-01 1.947152942626138683e+06
1.622666666666666702e-01 1.944027669612538069e+06
1.624000000000000166e-01 1.947354831795898266e+06
1.625333333333333352e-01 1.949549378722850233e+06
1.626666666666666816e-01 1.950908801570916548e+06
1.628000000000000003e-01 1.949819097135352436e+06
1.629333333333333467e-01 1.949530621990616433e+06
1.630666666666666653e-01 1.948702361358494265e+06
1.632000000000000117e-01 1.946953830627836287e+06
1.633333333333333581e-01 1.945934422516969033e+06
1.634666666666666768e-01 1.946676444545935141e+06
1.635999999999999954e-01 1.946832937687810045e+06
1.637333333333333418e-01 1.945804373765818775e+06
1.638666666666666882e-01 1.944420361402589129e+06
1.640000000000000069e-01 1.942980033811178524e+06
1.641333333333333255e-01 1.943060261849651346e+06
1.642666666666666719e-01 1.941250286220019218e+06
1.644000000000000183e-01 1.940136136451762402e+06
1.645333333333333370e-01 1.942619426454233006e+06
1.646666666666666834e-01 1.942659457378389547e+06
1.648000000000000020e-01 1.941234616935321828e+06
1.649333333333333484e-01 1.941161041016832925e+06
1.650666666666666671e-01 1.938984370279265335e+06
1.652000000000000135e-01 1.937453150351299206e+06
1.653333333333333321e-01 1.938011165047419723e+06
1.654666666666666786e-01 1.937906333534914535e+06
1.655999999999999972e-01 1.935926969366078265e+06
1.657333333333333436e-01 1.935806670524484478e+06
1.658666666666666900e-01 1.934490089515204541e+06
1.660000000000000087e-01 1.934866177876264555e+06
1.661333333333333273e-01 1.933328723117329180e+06
1.662666666666666737e-01 1.933473366846643621e+06
1.664000000000000201e-01 1.934236216135030845e+06
1.665333333333333388e-01 1.933300937547266716e+06
