0.000000000000000000e+00 4.984104970525971148e+05
1.333333333333333397e-04 8.133000726382418070e+05
2.666666666666666794e-04 1.974094965025333688e+06
4.000000000000000192e-04 4.275788763077231124e+06
5.333333333333333589e-04 8.268227854271036573e+06
6.666666666666666444e-04 1.330358535160699859e+07
8.000000000000000383e-04 1.273475972790014371e+07
9.333333333333333239e-04 1.992010928910581395e+07
1.066666666666666718e-03 3.601012575076654553e+07
1.200000000000000112e-03 4.614889845438095927e+07
1.333333333333333289e-03 4.028812087069233507e+07
1.466666666666666683e-03 7.452356686702573299e+07
1.600000000000000077e-03 7.039420015988327563e+07
1.733333333333333471e-03 7.446421926904846728e+07
1.866666666666666648e-03 7.559392601617842913e+07
2.000000000000000042e-03 9.533926342763447762e+07
2.133333333333333436e-03 1.131606162081888616e+08
2.266666666666666829e-03 9.443346753006985784e+07
2.400000000000000223e-03 8.609806809522500634e+07
2.533333333333333184e-03 9.120078507138168812e+07
2.666666666666666578e-03 1.014874042337761372e+08
2.800000000000000405e-03 1.117180646741033643e+08
2.933333333333333365e-03 1.431002904322164357e+08
3.066666666666666759e-03 1.603789068722091317e+08
3.200000000000000153e-03 1.844930463014124036e+08
3.333333333333333547e-03 2.284450686686080694e+08
3.466666666666666941e-03 2.038745804799567461e+08
3.600000000000000335e-03 1.410530894868188798e+08
3.733333333333333295e-03 9.413042378840340674e+07
3.866666666666667123e-03 1.115854578716408908e+08
4.000000000000000083e-03 1.683606987869093120e+08
4.133333333333333477e-03 2.771184417532069683e+08
4.266666666666666871e-03 4.120921807119439840e+08
4.400000000000000265e-03 5.176474540576467514e+08
4.533333333333333659e-03 6.833473189914174080e+08
4.666666666666667053e-03 7.459377547795907259e+08
4.800000000000000447e-03 8.987644019457001686e+08
4.933333333333333841e-03 9.496552164638891220e+08
5.066666666666666367e-03 9.118189607969574928e+08
5.200000000000000629e-03 9.385291244240442514e+08
5.333333333333333155e-03 8.488751293348302841e+08
5.466666666666667417e-03 8.223423976596922874e+08
5.600000000000000810e-03 7.862554742562639713e+08
5.733333333333333337e-03 7.810458776713917255e+08
5.866666666666666731e-03 8.064104336951550245e+08
6.000000000000000992e-03 8.168802800764356852e+08
6.133333333333333519e-03 7.658450760965502262e+08
6.266666666666666913e-03 9.076459731659145355e+08
6.400000000000000307e-03 8.504409283347107172e+08
6.533333333333332833e-03 9.102261518394805193e+08
6.666666666666667095e-03 8.285867873289778233e+08
6.800000000000000488e-03 8.028121697586085796e+08
6.933333333333333882e-03 9.548524845676515102e+08
7.066666666666666409e-03 9.643169107663766146e+08
7.200000000000000670e-03 9.570247066394389868e+08
7.333333333333334064e-03 1.156147027730623960e+09
7.466666666666666591e-03 1.049812784912731290e+09
7.599999999999999985e-03 1.034164101371976733e+09
7.733333333333334246e-03 1.137819019479400873e+09
7.866666666666665905e-03 1.147916402657343149e+09
8.000000000000000167e-03 1.254610527299039602e+09
8.133333333333334428e-03 1.059775181038246512e+09
8.266666666666666954e-03 1.152555268850617647e+09
8.399999999999999481e-03 1.034388966798846602e+09
8.533333333333333742e-03 1.411521368990314722e+09
8.666666666666668004e-03 1.694297633759617090e+09
8.800000000000000530e-03 1.982068202824908972e+09
8.933333333333333057e-03 1.965097164524865150e+09
9.066666666666667318e-03 2.085346124391022444e+09
9.200000000000001579e-03 2.106379742277950525e+09
9.333333333333334106e-03 2.211252745053812027e+09
9.466666666666666632e-03 1.797265310076274872e+09
9.600000000000000894e-03 1.778615340497354746e+09
9.733333333333333420e-03 1.777295802882556915e+09
9.866666666666667682e-03 1.667625557417953968e+09
1.000000000000000021e-02 1.481505373470655203e+09
1.013333333333333273e-02 1.474933465563823938e+09
1.026666666666666700e-02 1.479320291530510902e+09
1.040000000000000126e-02 1.298683670606855869e+09
1.053333333333333378e-02 1.143027281586693287e+09
1.066666666666666631e-02 1.113854905081119776e+09
1.079999999999999884e-02 1.023512815479482293e+09
1.093333333333333483e-02 9.664933808864482641e+08
1.106666666666666736e-02 9.229121870748310089e+08
1.120000000000000162e-02 8.219581512315456867e+08
1.133333333333333415e-02 7.425800418497511148e+08
1.146666666666666667e-02 6.396861922599236965e+08
1.160000000000000094e-02 5.503512363010845184e+08
1.173333333333333346e-02 5.152710199013072848e+08
1.186666666666666599e-02 4.788635839799288511e+08
1.200000000000000198e-02 4.578813625474209189e+08
1.213333333333333451e-02 4.154463071315637827e+08
1.226666666666666704e-02 3.860627749137296081e+08
1.240000000000000130e-02 3.691231988097147346e+08
1.253333333333333383e-02 3.391980606388698816e+08
1.266666666666666635e-02 3.367829514036642313e+08
1.280000000000000061e-02 3.144015365792385340e+08
1.293333333333333314e-02 3.064971971941049099e+08
1.306666666666666567e-02 2.925903273738699555e+08
1.320000000000000166e-02 2.878732630206307173e+08
1.333333333333333419e-02 2.833864120338084102e+08
1.346666666666666845e-02 2.650791112431170046e+08
1.360000000000000098e-02 2.761780504225853086e+08
1.373333333333333350e-02 2.778749314019685388e+08
1.386666666666666776e-02 2.711508972852771878e+08
1.400000000000000029e-02 2.608240386597830355e+08
1.413333333333333282e-02 2.694533116416935921e+08
1.426666666666666881e-02 2.657696304249114096e+08
1.440000000000000134e-02 2.508515786240358353e+08
1.453333333333333387e-02 2.525584122885227501e+08
1.466666666666666813e-02 2.433603625251149535e+08
1.480000000000000066e-02 2.350220665629420280e+08
1.493333333333333318e-02 2.344088401610636711e+08
1.506666666666666744e-02 2.357035078399950564e+08
1.519999999999999997e-02 2.171535429538753033e+08
1.533333333333333250e-02 2.141228760168887973e+08
1.546666666666666849e-02 2.088959647980822623e+08
1.560000000000000102e-02 2.072429514031229913e+08
1.573333333333333181e-02 1.993135521220043004e+08
1.586666666666666781e-02 1.920164542524361610e+08
1.600000000000000033e-02 1.843769253521546423e+08
1.613333333333333633e-02 1.781046010918419063e+08
1.626666666666666886e-02 1.714341237594280243e+08
1.640000000000000138e-02 1.671989412425417006e+08
1.653333333333333391e-02 1.607061984377364218e+08
1.666666666666666644e-02 1.566632535606606603e+08
1.679999999999999896e-02 1.499951251525530219e+08
1.693333333333333496e-02 1.433113731534638703e+08
1.706666666666666748e-02 1.357123038433080316e+08
1.720000000000000001e-02 1.373479897352530360e+08
1.733333333333333601e-02 1.330197438134361804e+08
1.746666666666666853e-02 1.318863272643373311e+08
1.760000000000000106e-02 1.292750972115700394e+08
1.773333333333333359e-02 1.255142897589380890e+08
1.786666666666666611e-02 1.203173769092730582e+08
1.799999999999999864e-02 1.178855103752123117e+08
1.813333333333333464e-02 1.160121688158422112e+08
1.826666666666666716e-02 1.129165264849026650e+08
1.840000000000000316e-02 1.099945190065028220e+08
1.853333333333333569e-02 1.042590237775565684e+08
1.866666666666666821e-02 1.020356269470847696e+08
1.880000000000000074e-02 1.003963848676676750e+08
1.893333333333333326e-02 9.689664522103114426e+07
1.906666666666666579e-02 9.513721313437052071e+07
1.920000000000000179e-02 9.245785356485895813e+07
1.933333333333333431e-02 9.160147768186680973e+07
1.946666666666666684e-02 8.862622809807893634e+07
1.960000000000000284e-02 8.787033640090285242e+07
1.973333333333333536e-02 8.551723090435516834e+07
1.986666666666666789e-02 8.656623346272701025e+07
2.000000000000000042e-02 8.411232862219294906e+07
2.013333333333333294e-02 8.103137560676929355e+07
2.026666666666666547e-02 8.094948496742892265e+07
2.040000000000000147e-02 7.918392159450779855e+07
2.053333333333333399e-02 7.684125168664713204e+07
2.066666666666666652e-02 7.565470556790682673e+07
2.080000000000000251e-02 7.325643896744224429e+07
2.093333333333333504e-02 7.282736032971185446e+07
2.106666666666666757e-02 7.193786692875337601e+07
2.120000000000000009e-02 6.937187788475067914e+07
2.133333333333333262e-02 6.829169539844056964e+07
2.146666666666666515e-02 6.833534554543437064e+07
2.159999999999999767e-02 6.792678766969636083e+07
2.173333333333333714e-02 6.548098521640379727e+07
2.186666666666666967e-02 6.494313430064028502e+07
2.200000000000000219e-02 6.362220003461919725e+07
2.213333333333333472e-02 6.338012208483847976e+07
2.226666666666666725e-02 6.240431827006059140e+07
2.240000000000000324e-02 6.062481886264367402e+07
2.253333333333333577e-02 6.065327568086130172e+07
2.266666666666666829e-02 5.873732809631362557e+07
2.280000000000000082e-02 5.754498348857662827e+07
2.293333333333333335e-02 5.638827689854101837e+07
2.306666666666666587e-02 5.562675734218753129e+07
2.320000000000000187e-02 5.498086276909881085e+07
2.333333333333333440e-02 5.482019511743869632e+07
2.346666666666666692e-02 5.253344202242695540e+07
2.359999999999999945e-02 5.283542014790022373e+07
2.373333333333333198e-02 5.099893510680248588e+07
2.386666666666666450e-02 5.045827689213715494e+07
2.400000000000000397e-02 5.029976024208191782e+07
2.413333333333333650e-02 4.912835824542758614e+07
2.426666666666666902e-02 4.848926970744346827e+07
2.440000000000000155e-02 4.739831020973981917e+07
2.453333333333333408e-02 4.767032397546653450e+07
2.466666666666667007e-02 4.687343241723964363e+07
2.480000000000000260e-02 4.603814909975731373e+07
2.493333333333333512e-02 4.653593135849322379e+07
2.506666666666666765e-02 4.600297800743205100e+07
2.520000000000000018e-02 4.524805221332927793e+07
2.533333333333333270e-02 4.507943526184750348e+07
2.546666666666666870e-02 4.388926473521493375e+07
2.560000000000000123e-02 4.299272325135297328e+07
2.573333333333333375e-02 4.255881778281131387e+07
2.586666666666666628e-02 4.231872155989754945e+07
2.599999999999999881e-02 4.178330533839511126e+07
2.613333333333333133e-02 4.067867277663122863e+07
2.626666666666667080e-02 4.037072901731837541e+07
2.640000000000000333e-02 3.969170806318265200e+07
2.653333333333333585e-02 3.913695868611500412e+07
2.666666666666666838e-02 3.880838110057639331e+07
2.680000000000000090e-02 3.888297105238196254e+07
2.693333333333333690e-02 3.825396523238076270e+07
2.706666666666666943e-02 3.821710513209294528e+07
2.720000000000000195e-02 3.758603290508647263e+07
2.733333333333333448e-02 3.727419983039993793e+07
2.746666666666666701e-02 3.658017788502978534e+07
2.759999999999999953e-02 3.585617377390114218e+07
2.773333333333333553e-02 3.535255640932637453e+07
2.786666666666666806e-02 3.510845156583226472e+07
2.800000000000000058e-02 3.498539522863192856e+07
2.813333333333333311e-02 3.440804308313601464e+07
2.826666666666666564e-02 3.418208192453414202e+07
2.839999999999999816e-02 3.372159626197640598e+07
2.853333333333333763e-02 3.327257181151130050e+07
2.866666666666667015e-02 3.293564782539210841e+07
2.880000000000000268e-02 3.220076254036527500e+07
2.893333333333333521e-02 3.199996239262261987e+07
2.906666666666666773e-02 3.175810723177570105e+07
2.920000000000000026e-02 3.122012659102348611e+07
2.933333333333333626e-02 3.083743649284188822e+07
2.946666666666666878e-02 3.045860675013091788e+07
2.960000000000000131e-02 3.025603480660312995e+07
2.973333333333333384e-02 2.991892285568758473e+07
2.986666666666666636e-02 2.957684313419786468e+07
3.000000000000000236e-02 2.939334122536641732e+07
3.013333333333333489e-02 2.900986407146130875e+07
3.026666666666666741e-02 2.883912670445324853e+07
3.039999999999999994e-02 2.864421409044609964e+07
3.053333333333333247e-02 2.833646242869921401e+07
3.066666666666666499e-02 2.797035070173674822e+07
3.080000000000000446e-02 2.763723197810204327e+07
3.093333333333333698e-02 2.721332771954566613e+07
3.106666666666666951e-02 2.707576858797949180e+07
3.120000000000000204e-02 2.683297388196255267e+07
3.133333333333333109e-02 2.645514419326023757e+07
3.146666666666666362e-02 2.632903630117558688e+07
3.160000000000000309e-02 2.597151179986252636e+07
3.173333333333333561e-02 2.574397219775019586e+07
3.186666666666666814e-02 2.553230873289318755e+07
3.200000000000000067e-02 2.528728545010476932e+07
3.213333333333333319e-02 2.507084007387990877e+07
3.226666666666667266e-02 2.466371398355507478e+07
3.240000000000000518e-02 2.438432529339192808e+07
3.253333333333333771e-02 2.427057272660320625e+07
3.266666666666667024e-02 2.405567511775993183e+07
3.280000000000000276e-02 2.382156418845999613e+07
3.293333333333333529e-02 2.347375834942250326e+07
3.306666666666666782e-02 2.322936404926578701e+07
3.320000000000000034e-02 2.310957266095266119e+07
3.333333333333333287e-02 2.290774578748329729e+07
3.346666666666666540e-02 2.264583248058778793e+07
3.359999999999999792e-02 2.240131526265948638e+07
3.373333333333333045e-02 2.229889960260401666e+07
3.386666666666666992e-02 2.211210643994023651e+07
3.400000000000000244e-02 2.196395813769670948e+07
3.413333333333333497e-02 2.179721971764214337e+07
3.426666666666666750e-02 2.160045376890471950e+07
3.440000000000000002e-02 2.150898671144505590e+07
3.453333333333333949e-02 2.136091065053554252e+07
3.466666666666667201e-02 2.119710860591034964e+07
3.480000000000000454e-02 2.092056543849387765e+07
3.493333333333333707e-02 2.078915425142738223e+07
3.506666666666666959e-02 2.057444421168585122e+07
3.520000000000000212e-02 2.039378171213557571e+07
3.533333333333333465e-02 2.018251217863448709e+07
3.546666666666666717e-02 2.008469286419589445e+07
3.559999999999999970e-02 1.982731029978119582e+07
3.573333333333333223e-02 1.974739722255947441e+07
3.586666666666666475e-02 1.960263677184823155e+07
3.599999999999999728e-02 1.951956618168953434e+07
3.613333333333333675e-02 1.929346517510738224e+07
3.626666666666666927e-02 1.917332875701427460e+07
3.640000000000000180e-02 1.900889185287076980e+07
3.653333333333333433e-02 1.881559458557201177e+07
3.666666666666666685e-02 1.862134745351464301e+07
3.680000000000000632e-02 1.853334841568925232e+07
3.693333333333333884e-02 1.838342470758283138e+07
3.706666666666667137e-02 1.828476151974674687e+07
3.720000000000000390e-02 1.823643322843966261e+07
3.733333333333333642e-02 1.810446376798336580e+07
3.746666666666666895e-02 1.797997741765649617e+07
3.760000000000000148e-02 1.776239841357702762e+07
3.773333333333333400e-02 1.767136821382095292e+07
3.786666666666666653e-02 1.755282135599242896e+07
3.799999999999999906e-02 1.743564500355979055e+07
3.813333333333333158e-02 1.728294974541415274e+07
3.826666666666666411e-02 1.710106001521772519e+07
3.840000000000000357e-02 1.698735710457340628e+07
3.853333333333333610e-02 1.684983311441453919e+07
3.866666666666666863e-02 1.662275283916975558e+07
3.880000000000000115e-02 1.654413053217909485e+07
3.893333333333333368e-02 1.636198030326360092e+07
3.906666666666667315e-02 1.620433715344844572e+07
3.920000000000000567e-02 1.613207828650563769e+07
3.933333333333333820e-02 1.602157765514606424e+07
3.946666666666667073e-02 1.591515328216877952e+07
3.960000000000000325e-02 1.578591180125178210e+07
3.973333333333333578e-02 1.566461752851654217e+07
3.986666666666666831e-02 1.557673213057685271e+07
4.000000000000000083e-02 1.547417871017330512e+07
4.013333333333333336e-02 1.531815832460300624e+07
4.026666666666666589e-02 1.524090377507836372e+07
4.039999999999999841e-02 1.506262910227087513e+07
4.053333333333333094e-02 1.496638247664957494e+07
4.066666666666667040e-02 1.484104974313936010e+07
4.080000000000000293e-02 1.471321415305420756e+07
4.093333333333333546e-02 1.463251751282420941e+07
4.106666666666666798e-02 1.454796048428875580e+07
4.120000000000000051e-02 1.446185021144149080e+07
4.133333333333333304e-02 1.436806153100157157e+07
4.146666666666667250e-02 1.427524927485000156e+07
4.160000000000000503e-02 1.413203339900119230e+07
4.173333333333333756e-02 1.408445953131364845e+07
4.186666666666667008e-02 1.393946152069129795e+07
4.200000000000000261e-02 1.388463882037813775e+07
4.213333333333333514e-02 1.382349148055356182e+07
4.226666666666666766e-02 1.375419439687277377e+07
4.240000000000000019e-02 1.363989906466081180e+07
4.253333333333333965e-02 1.355094709008418955e+07
4.266666666666666524e-02 1.345974959118828177e+07
4.280000000000000471e-02 1.342572242487908155e+07
4.293333333333333030e-02 1.340879451560585760e+07
4.306666666666666976e-02 1.331770768562919833e+07
4.319999999999999535e-02 1.317415987664418668e+07
4.333333333333333481e-02 1.304724587077776156e+07
4.346666666666667428e-02 1.300867470727100037e+07
4.359999999999999987e-02 1.287833807115565985e+07
4.373333333333333933e-02 1.283383778777628578e+07
4.386666666666666492e-02 1.271085169466402195e+07
4.400000000000000439e-02 1.262050772596261092e+07
4.413333333333333691e-02 1.251925751643189229e+07
4.426666666666666944e-02 1.248269592525596358e+07
4.440000000000000197e-02 1.239288443629699573e+07
4.453333333333333449e-02 1.233487398503524624e+07
4.466666666666666702e-02 1.229793930779746175e+07
4.480000000000000648e-02 1.218740630077287368e+07
4.493333333333333207e-02 1.207840130941568874e+07
4.506666666666667154e-02 1.199639265340199135e+07
4.519999999999999712e-02 1.193505980891327374e+07
4.533333333333333659e-02 1.190387057793958113e+07
4.546666666666666218e-02 1.181003362231538445e+07
4.560000000000000164e-02 1.174621378895760700e+07
4.573333333333334111e-02 1.168107834605618380e+07
4.586666666666666670e-02 1.159133487596311420e+07
4.600000000000000616e-02 1.153804062625495717e+07
4.613333333333333175e-02 1.148884075794584118e+07
4.626666666666667121e-02 1.141525364770842902e+07
4.640000000000000374e-02 1.130036504570925049e+07
4.653333333333333627e-02 1.121152367692322657e+07
4.666666666666666879e-02 1.114533983877347410e+07
4.680000000000000132e-02 1.110664341157310642e+07
4.693333333333333385e-02 1.102148624353272654e+07
4.706666666666667331e-02 1.094265534539007954e+07
4.719999999999999890e-02 1.085677839991703071e+07
4.733333333333333837e-02 1.079320075325273350e+07
4.746666666666666395e-02 1.072887741845122352e+07
4.760000000000000342e-02 1.068238667270826735e+07
4.773333333333332901e-02 1.061023519087824225e+07
4.786666666666666847e-02 1.054853469933266565e+07
4.800000000000000794e-02 1.049617050268160738e+07
4.813333333333333353e-02 1.043248658838782087e+07
4.826666666666667299e-02 1.035400652253685333e+07
4.839999999999999858e-02 1.028250007958067209e+07
4.853333333333333804e-02 1.023640086791202426e+07
4.866666666666667057e-02 1.018576921751265787e+07
4.880000000000000310e-02 1.014315332695209794e+07
4.893333333333333562e-02 1.008034152451250702e+07
4.906666666666666815e-02 9.989864493121072650e+06
4.920000000000000068e-02 9.932434301398755983e+06
4.933333333333334014e-02 9.904694915609467775e+06
4.946666666666666573e-02 9.879699657836848870e+06
4.960000000000000520e-02 9.822397065514747053e+06
4.973333333333333078e-02 9.744937870331054553e+06
4.986666666666667025e-02 9.674327512418707833e+06
4.999999999999999584e-02 9.621701912715865299e+06
5.013333333333333530e-02 9.562627790712920949e+06
5.026666666666667477e-02 9.520680182602960616e+06
5.040000000000000036e-02 9.458991808593971655e+06
5.053333333333333982e-02 9.433138314495315775e+06
5.066666666666666541e-02 9.398316121557319537e+06
5.080000000000000487e-02 9.315667782449848950e+06
5.093333333333333740e-02 9.250096360032118857e+06
5.106666666666666993e-02 9.207006453006045893e+06
5.120000000000000245e-02 9.159725963872877881e+06
5.133333333333333498e-02 9.091329456304268911e+06
5.146666666666666751e-02 9.022253651239041239e+06
5.160000000000000697e-02 8.998109637657437474e+06
5.173333333333333256e-02 8.956939524655589834e+06
5.186666666666667203e-02 8.926903306128704920e+06
5.199999999999999761e-02 8.864216885556984693e+06
5.213333333333333708e-02 8.838466537037763745e+06
5.226666666666666267e-02 8.808198156432876363e+06
5.240000000000000213e-02 8.764172040550295264e+06
5.253333333333334160e-02 8.717033507766803727e+06
5.266666666666666718e-02 8.672504302968457341e+06
5.280000000000000665e-02 8.622573648394895718e+06
5.293333333333333224e-02 8.595909214655837044e+06
5.306666666666667170e-02 8.544251992288870737e+06
5.320000000000000423e-02 8.520765757526384667e+06
5.333333333333333676e-02 8.468118773352114484e+06
5.346666666666666928e-02 8.416952746594533324e+06
5.360000000000000181e-02 8.362790893290484324e+06
5.373333333333333434e-02 8.319403210831179284e+06
5.386666666666667380e-02 8.294862048756028526e+06
5.399999999999999939e-02 8.249359393368235789e+06
5.413333333333333885e-02 8.220873055526433513e+06
5.426666666666666444e-02 8.184614453485112637e+06
5.440000000000000391e-02 8.134918455974692479e+06
5.453333333333332950e-02 8.081417844576802105e+06
5.466666666666666896e-02 8.031798159581325948e+06
5.480000000000000843e-02 7.998623158700108528e+06
5.493333333333333401e-02 7.967528049579315819e+06
5.506666666666667348e-02 7.914535634396287613e+06
5.519999999999999907e-02 7.884720858729853295e+06
5.533333333333333853e-02 7.856597762230109423e+06
5.546666666666667106e-02 7.820380281228854321e+06
5.560000000000000359e-02 7.782992736335271038e+06
5.573333333333333611e-02 7.752851449468092062e+06
5.586666666666666864e-02 7.722251488901793025e+06
5.600000000000000117e-02 7.675012337444442324e+06
5.613333333333334063e-02 7.644684428315116093e+06
5.626666666666666622e-02 7.606147083516287617e+06
5.640000000000000568e-02 7.575872347598814406e+06
5.653333333333333127e-02 7.545323801263037138e+06
5.666666666666667074e-02 7.502671953226145357e+06
5.679999999999999633e-02 7.451813275247112848e+06
5.693333333333333579e-02 7.432520990711123683e+06
5.706666666666667526e-02 7.389480275652687065e+06
5.720000000000000084e-02 7.343974171183541417e+06
5.733333333333334031e-02 7.338878606334290467e+06
5.746666666666666590e-02 7.305638257765894756e+06
5.760000000000000536e-02 7.285339809636558406e+06
5.773333333333333789e-02 7.264298629916599020e+06
5.786666666666667042e-02 7.244365467305179685e+06
5.800000000000000294e-02 7.197071762629849836e+06
5.813333333333333547e-02 7.163761751491646282e+06
5.826666666666666800e-02 7.137360277602341026e+06
5.840000000000000052e-02 7.121971891161916777e+06
5.853333333333333305e-02 7.093768067327909172e+06
5.866666666666667251e-02 7.073514604774236679e+06
5.879999999999999810e-02 7.044026109039406292e+06
5.893333333333333757e-02 7.002783554306125268e+06
5.906666666666666315e-02 6.970517656742417254e+06
5.920000000000000262e-02 6.940457141269574873e+06
5.933333333333334209e-02 6.895236452676582150e+06
5.946666666666666767e-02 6.862957609564481303e+06
5.960000000000000714e-02 6.832497135490342043e+06
5.973333333333333273e-02 6.781517303635577671e+06
5.986666666666667219e-02 6.737838082769982517e+06
6.000000000000000472e-02 6.709628124760784209e+06
6.013333333333333725e-02 6.680744128379498608e+06
6.026666666666666977e-02 6.667372781118197367e+06
6.040000000000000230e-02 6.645382630540443584e+06
6.053333333333333482e-02 6.588908344378910027e+06
6.066666666666666735e-02 6.562169761678586714e+06
6.079999999999999988e-02 6.517872112398897298e+06
6.093333333333333934e-02 6.487217481614552438e+06
6.106666666666666493e-02 6.447721004857332446e+06
6.120000000000000440e-02 6.415035389152943157e+06
6.133333333333332998e-02 6.380419950468191877e+06
6.146666666666666945e-02 6.369187869927548803e+06
6.160000000000000892e-02 6.359656414682976902e+06
6.173333333333333450e-02 6.316662265812220052e+06
6.186666666666667397e-02 6.295560469211387448e+06
6.199999999999999956e-02 6.281198401365001686e+06
6.213333333333333902e-02 6.245826524948870763e+06
6.226666666666667155e-02 6.218396418419277295e+06
6.240000000000000407e-02 6.197009886244640686e+06
6.253333333333334354e-02 6.174852902700877748e+06
6.266666666666666219e-02 6.149494658127158880e+06
6.280000000000000859e-02 6.128890212909848429e+06
6.293333333333332724e-02 6.108794836093983613e+06
6.306666666666667365e-02 6.070463916924549267e+06
6.320000000000000617e-02 6.039214295082717203e+06
6.333333333333333870e-02 6.018999274032707326e+06
6.346666666666667123e-02 5.992714113119686954e+06
6.360000000000000375e-02 5.951943311916694976e+06
6.373333333333333628e-02 5.927606985983906314e+06
6.386666666666666881e-02 5.907627594870571047e+06
6.400000000000000133e-02 5.881810563438151032e+06
6.413333333333333386e-02 5.841183402881243266e+06
6.426666666666666639e-02 5.808098367440709844e+06
6.439999999999999891e-02 5.774028119512627833e+06
6.453333333333334532e-02 5.752517757147355936e+06
6.466666666666666397e-02 5.740902498835575767e+06
6.480000000000001037e-02 5.725837731896122918e+06
6.493333333333332902e-02 5.692362519448107108e+06
6.506666666666667542e-02 5.663129576156429015e+06
6.519999999999999407e-02 5.633382545827708207e+06
6.533333333333334048e-02 5.603400897986861877e+06
6.546666666666667300e-02 5.589934806995635852e+06
6.560000000000000553e-02 5.572734264305479825e+06
6.573333333333333806e-02 5.550897093603613786e+06
6.586666666666667058e-02 5.539029620788916945e+06
6.600000000000000311e-02 5.511457026429740712e+06
6.613333333333333564e-02 5.488144738992075436e+06
6.626666666666666816e-02 5.472125196732519194e+06
6.640000000000000069e-02 5.464711435366773047e+06
6.653333333333333321e-02 5.466840073552533984e+06
6.666666666666666574e-02 5.426075771209659055e+06
6.680000000000001215e-02 5.419927290478087030e+06
6.693333333333333079e-02 5.403656795851782896e+06
6.706666666666667720e-02 5.385269787976445630e+06
6.719999999999999585e-02 5.370308687738591805e+06
6.733333333333334225e-02 5.352572753646520898e+06
6.746666666666666090e-02 5.338269763158112764e+06
6.760000000000000731e-02 5.315350620252602734e+06
6.773333333333333983e-02 5.285714727332027629e+06
6.786666666666667236e-02 5.262729425241152756e+06
6.800000000000000488e-02 5.243800760742030106e+06
6.813333333333333741e-02 5.230820336150465533e+06
6.826666666666666994e-02 5.210000591103879735e+06
6.840000000000000246e-02 5.179685531388609670e+06
6.853333333333333499e-02 5.159827392489912920e+06
6.866666666666666752e-02 5.140047785145280883e+06
6.880000000000000004e-02 5.116527806720326655e+06
6.893333333333333257e-02 5.104926070264294744e+06
6.906666666666667898e-02 5.095445515065672807e+06
6.919999999999999762e-02 5.080419323859992437e+06
6.933333333333334403e-02 5.060388194945406169e+06
6.946666666666666268e-02 5.039229249001669697e+06
6.960000000000000908e-02 5.016957007226835005e+06
6.973333333333332773e-02 4.998826389596607536e+06
6.986666666666667413e-02 4.987881009858720005e+06
7.000000000000000666e-02 4.984755918733280152e+06
7.013333333333333919e-02 4.970933775573300198e+06
7.026666666666667171e-02 4.949182909036212601e+06
7.040000000000000424e-02 4.936105532079863362e+06
7.053333333333333677e-02 4.912849589651769027e+06
7.066666666666666929e-02 4.894340628619646654e+06
7.080000000000000182e-02 4.885565278455091640e+06
7.093333333333333435e-02 4.877967368466097862e+06
7.106666666666666687e-02 4.859719350355739705e+06
7.119999999999999940e-02 4.842007800430956297e+06
7.133333333333334580e-02 4.827235895086164586e+06
7.146666666666666445e-02 4.816371666072161868e+06
7.160000000000001086e-02 4.789178947037021630e+06
7.173333333333332951e-02 4.773844366189483553e+06
7.186666666666667591e-02 4.764846035212678835e+06
7.199999999999999456e-02 4.743828318883124739e+06
7.213333333333334096e-02 4.719051161938494071e+06
7.226666666666667349e-02 4.699140819773152471e+06
7.240000000000000602e-02 4.675930476043893024e+06
7.253333333333333854e-02 4.660321373786147684e+06
7.266666666666667107e-02 4.642800701709898189e+06
7.280000000000000360e-02 4.618265368937488645e+06
7.293333333333333612e-02 4.607429767080819234e+06
7.306666666666666865e-02 4.589357301294552162e+06
7.320000000000000118e-02 4.574691349194202572e+06
7.333333333333333370e-02 4.564939361435701139e+06
7.346666666666666623e-02 4.563798283980177715e+06
7.360000000000001263e-02 4.556479553029747680e+06
7.373333333333333128e-02 4.545555497953513637e+06
7.386666666666667769e-02 4.531313776884551160e+06
7.399999999999999634e-02 4.518326744229595177e+06
7.413333333333334274e-02 4.497710998643912375e+06
7.426666666666666139e-02 4.476340170192594640e+06
7.440000000000000779e-02 4.467228218380108476e+06
7.453333333333334032e-02 4.463519825712228194e+06
7.466666666666667285e-02 4.446819689339279197e+06
7.480000000000000537e-02 4.422051527137272991e+06
7.493333333333333790e-02 4.406794175030568615e+06
7.506666666666667043e-02 4.401022409630602226e+06
7.520000000000000295e-02 4.382447952945210971e+06
7.533333333333333548e-02 4.369242728107111529e+06
7.546666666666666801e-02 4.359203531735111028e+06
7.560000000000000053e-02 4.340827930837936699e+06
7.573333333333333306e-02 4.337171765138005838e+06
7.586666666666667946e-02 4.318019115624868311e+06
7.599999999999999811e-02 4.300901141690397635e+06
7.613333333333334452e-02 4.292567377645029686e+06
7.626666666666666317e-02 4.282504882378385402e+06
7.640000000000000957e-02 4.272061558484631591e+06
7.653333333333332822e-02 4.256323857567208819e+06
7.666666666666667462e-02 4.239633320504202507e+06
7.680000000000000715e-02 4.225814296864834614e+06
7.693333333333333968e-02 4.214937364009996876e+06
7.706666666666667220e-02 4.206222891067551449e+06
7.720000000000000473e-02 4.200249712050800212e+06
7.733333333333333726e-02 4.185103970387697220e+06
7.746666666666666978e-02 4.162078782159211580e+06
7.760000000000000231e-02 4.151063709789421875e+06
7.773333333333333484e-02 4.140290885720807593e+06
7.786666666666666736e-02 4.134302963398265652e+06
7.799999999999999989e-02 4.117267868460152764e+06
7.813333333333334629e-02 4.105942700786258094e+06
7.826666666666666494e-02 4.089093936192729045e+06
7.840000000000001135e-02 4.074502476412028540e+06
7.853333333333333000e-02 4.062580898216041736e+06
7.866666666666667640e-02 4.057848539477450307e+06
7.879999999999999505e-02 4.044444199681491125e+06
7.893333333333334145e-02 4.028954971975149121e+06
7.906666666666667398e-02 4.018984768518059514e+06
7.920000000000000651e-02 4.009407330920623615e+06
7.933333333333333903e-02 4.006436541716980282e+06
7.946666666666667156e-02 3.996230898284314666e+06
7.960000000000000409e-02 3.987264872947916854e+06
7.973333333333333661e-02 3.977761018744539469e+06
7.986666666666666914e-02 3.966866441122011282e+06
8.000000000000000167e-02 3.963808479054956697e+06
8.013333333333333419e-02 3.946871580678565893e+06
8.026666666666666672e-02 3.931300453270683065e+06
8.039999999999999925e-02 3.914798320446032565e+06
8.053333333333333177e-02 3.903092881032717880e+06
8.066666666666667818e-02 3.894598307712644804e+06
8.079999999999999682e-02 3.882586130276395008e+06
8.093333333333334323e-02 3.876370993852574844e+06
8.106666666666666188e-02 3.867830417323832866e+06
8.120000000000000828e-02 3.854684622278389521e+06
8.133333333333334081e-02 3.848098686989619397e+06
8.146666666666667334e-02 3.839230275012108497e+06
8.160000000000000586e-02 3.838169014564250130e+06
8.173333333333333839e-02 3.823703211559457239e+06
8.186666666666667092e-02 3.814406891840368975e+06
8.200000000000000344e-02 3.804696514026008546e+06
8.213333333333333597e-02 3.789377286200316157e+06
8.226666666666666849e-02 3.779217498510272242e+06
8.240000000000000102e-02 3.774570278022469953e+06
8.253333333333333355e-02 3.769798237136481330e+06
8.266666666666666607e-02 3.751123859740998130e+06
8.279999999999999860e-02 3.734124768703691661e+06
8.293333333333334501e-02 3.719148640496028587e+06
8.306666666666666365e-02 3.711785030502590351e+06
8.320000000000001006e-02 3.701020578842818737e+06
8.333333333333332871e-02 3.691676102399298921e+06
8.346666666666667511e-02 3.680382032339794561e+06
8.360000000000000764e-02 3.675951131796717644e+06
8.373333333333334016e-02 3.662850679556043819e+06
8.386666666666665881e-02 3.658990275538092479e+06
8.400000000000000522e-02 3.647775515598436818e+06
8.413333333333333774e-02 3.645518379530780483e+06
8.426666666666667027e-02 3.639214271422165912e+06
8.440000000000001668e-02 3.634964886921389494e+06
8.453333333333333532e-02 3.621341384254301433e+06
8.466666666666666785e-02 3.617542563206894323e+06
8.480000000000000038e-02 3.615492662745666690e+06
8.493333333333334678e-02 3.609718808925836813e+06
8.506666666666667931e-02 3.599877713336362038e+06
8.519999999999999796e-02 3.597231079811297823e+06
8.533333333333333048e-02 3.591463782343877945e+06
8.546666666666667689e-02 3.589985955337513704e+06
8.560000000000000941e-02 3.577104511091183871e+06
8.573333333333334194e-02 3.570893440409668721e+06
8.586666666666666059e-02 3.556648298765768297e+06
8.600000000000000699e-02 3.542638405516236089e+06
8.613333333333333952e-02 3.532600852069356013e+06
8.626666666666667205e-02 3.525300681640866213e+06
8.639999999999999070e-02 3.513029398844291456e+06
8.653333333333333710e-02 3.503562321149483789e+06
8.666666666666666963e-02 3.500088795120201074e+06
8.680000000000000215e-02 3.488507809869495686e+06
8.693333333333334856e-02 3.475694538155263755e+06
8.706666666666666721e-02 3.471480589668797795e+06
8.719999999999999973e-02 3.459480832325084135e+06
8.733333333333333226e-02 3.450471479964039754e+06
8.746666666666667866e-02 3.438983648860332090e+06
8.760000000000001119e-02 3.431231411944995169e+06
8.773333333333332984e-02 3.419312012548733968e+06
8.786666666666666237e-02 3.406283107325262390e+06
8.800000000000000877e-02 3.399211551105105784e+06
8.813333333333334130e-02 3.391120460469683632e+06
8.826666666666667382e-02 3.382006418198249768e+06
8.839999999999999247e-02 3.376722161046860740e+06
8.853333333333333888e-02 3.370359848503456451e+06
8.866666666666667140e-02 3.361330796599050052e+06
8.880000000000000393e-02 3.360429981223864481e+06
8.893333333333335033e-02 3.350541547748722136e+06
8.906666666666666898e-02 3.338232608194619883e+06
8.920000000000000151e-02 3.333663781676643994e+06
8.933333333333333404e-02 3.321169304232383613e+06
8.946666666666668044e-02 3.316783055595894344e+06
8.960000000000001297e-02 3.312137451505030505e+06
8.973333333333333162e-02 3.305468945123702288e+06
8.986666666666666414e-02 3.300747055800132453e+06
9.000000000000001055e-02 3.290076269946014974e+06
9.013333333333334307e-02 3.280335169897088315e+06
9.026666666666667560e-02 3.280921601053983904e+06
9.039999999999999425e-02 3.274845353491367307e+06
9.053333333333334065e-02 3.268413753205849789e+06
9.066666666666667318e-02 3.261483924835186917e+06
9.080000000000000571e-02 3.255803251363818534e+06
9.093333333333332436e-02 3.243288297903264407e+06
9.106666666666667076e-02 3.233083078274315689e+06
9.120000000000000329e-02 3.224261659372124821e+06
9.133333333333333581e-02 3.216942779308092780e+06
9.146666666666668222e-02 3.219170575180302374e+06
9.160000000000000087e-02 3.214372331734126434e+06
9.173333333333333339e-02 3.202229134843262844e+06
9.186666666666666592e-02 3.194493322648487985e+06
9.200000000000001232e-02 3.190203120788129047e+06
9.213333333333334485e-02 3.175814968168111984e+06
9.226666666666666350e-02 3.165916312786069699e+06
9.239999999999999603e-02 3.166900590903269127e+06
9.253333333333334243e-02 3.163914794503344689e+06
9.266666666666667496e-02 3.160440377442173194e+06
9.280000000000000748e-02 3.150985406928819139e+06
9.293333333333332613e-02 3.141226542789349332e+06
9.306666666666667254e-02 3.135082875645818654e+06
9.320000000000000506e-02 3.136731967594219837e+06
9.333333333333333759e-02 3.128353906788994092e+06
9.346666666666668399e-02 3.121047777521153446e+06
9.360000000000000264e-02 3.120879613345960621e+06
9.373333333333333517e-02 3.116089395602588076e+06
9.386666666666666770e-02 3.104323328465361148e+06
9.400000000000001410e-02 3.096961628951049410e+06
9.413333333333334663e-02 3.091186097486478742e+06
9.426666666666666528e-02 3.084450698126270436e+06
9.439999999999999780e-02 3.081480185718125198e+06
9.453333333333334421e-02 3.076049422452978324e+06
9.466666666666667673e-02 3.070535670979645569e+06
9.479999999999999538e-02 3.065357887784155086e+06
9.493333333333332791e-02 3.058590799296700396e+06
9.506666666666667431e-02 3.052099672312937677e+06
9.520000000000000684e-02 3.044773092197004706e+06
9.533333333333333937e-02 3.037003515628970228e+06
9.546666666666665801e-02 3.031787333660540637e+06
9.560000000000000442e-02 3.024222255060752854e+06
9.573333333333333695e-02 3.015087339394151699e+06
9.586666666666666947e-02 3.010581548739343882e+06
9.600000000000001588e-02 3.002270130954014137e+06
9.613333333333333452e-02 2.992911426525519229e+06
9.626666666666666705e-02 2.988044853248595726e+06
9.639999999999999958e-02 2.986323771513006184e+06
9.653333333333334598e-02 2.975006303948584944e+06
9.666666666666667851e-02 2.968596652676710859e+06
9.679999999999999716e-02 2.963773181975423358e+06
9.693333333333332968e-02 2.960133376169866882e+06
9.706666666666667609e-02 2.954224575037046801e+06
9.720000000000000862e-02 2.948199950729459058e+06
9.733333333333334114e-02 2.942729473484680988e+06
9.746666666666665979e-02 2.938621455960646737e+06
9.760000000000000620e-02 2.931500842615638394e+06
9.773333333333333872e-02 2.923516824459493626e+06
9.786666666666667125e-02 2.913785923141279258e+06
9.800000000000001765e-02 2.905725936450470239e+06
9.813333333333333630e-02 2.903014773529345170e+06
9.826666666666666883e-02 2.902797067968544550e+06
9.840000000000000135e-02 2.893115922690345440e+06
9.853333333333334776e-02 2.892826856874966994e+06
9.866666666666668029e-02 2.891925534467166290e+06
9.879999999999999893e-02 2.885471632586801890e+06
9.893333333333333146e-02 2.880564670023485087e+06
9.906666666666667787e-02 2.877137712875372265e+06
9.920000000000001039e-02 2.874844777044571005e+06
9.933333333333332904e-02 2.870586005647980608e+06
9.946666666666666157e-02 2.864703594362404663e+06
9.960000000000000797e-02 2.857616443232343066e+06
9.973333333333334050e-02 2.854057628196623176e+06
9.986666666666667302e-02 2.849809671380614862e+06
9.999999999999999167e-02 2.842010394437409006e+06
1.001333333333333381e-01 2.836348676083642524e+06
1.002666666666666706e-01 2.827990817417061422e+06
1.004000000000000031e-01 2.820901246255122591e+06
1.005333333333333495e-01 2.822000034316032194e+06
1.006666666666666682e-01 2.819165955679185688e+06
1.008000000000000007e-01 2.815648853976810817e+06
1.009333333333333332e-01 2.809208247077997308e+06
1.010666666666666796e-01 2.804991139039564878e+06
1.012000000000000122e-01 2.799607435719925910e+06
1.013333333333333308e-01 2.795690871452564374e+06
1.014666666666666633e-01 2.789214019151829649e+06
1.016000000000000097e-01 2.784404836790370289e+06
1.017333333333333423e-01 2.775655691252208315e+06
1.018666666666666748e-01 2.762978674806599505e+06
1.019999999999999934e-01 2.759691562147767283e+06
1.021333333333333399e-01 2.755578565849835519e+06
1.022666666666666724e-01 2.750583301137678325e+06
1.024000000000000049e-01 2.744223701948205475e+06
1.025333333333333513e-01 2.741817109484737739e+06
1.026666666666666700e-01 2.739551193888439797e+06
1.028000000000000025e-01 2.734909579641656019e+06
1.029333333333333350e-01 2.730596076063876506e+06
1.030666666666666814e-01 2.723882271369379945e+06
1.032000000000000139e-01 2.721163848295714706e+06
1.033333333333333326e-01 2.717835958748931065e+06
1.034666666666666651e-01 2.711827140318045393e+06
1.036000000000000115e-01 2.706453927215016913e+06
1.037333333333333441e-01 2.701428161099362653e+06
1.038666666666666627e-01 2.695675993016935885e+06
1.039999999999999952e-01 2.689242229936807416e+06
1.041333333333333416e-01 2.682887702233583201e+06
1.042666666666666742e-01 2.675784237790435087e+06
1.044000000000000067e-01 2.676135992873337120e+06
1.045333333333333253e-01 2.668605307186021004e+06
1.046666666666666717e-01 2.663606852350412402e+06
1.048000000000000043e-01 2.661633846980608534e+06
1.049333333333333368e-01 2.661812466875209007e+06
1.050666666666666832e-01 2.660219678301578853e+06
1.052000000000000018e-01 2.655840209341277368e+06
1.053333333333333344e-01 2.657911878522645216e+06
1.054666666666666669e-01 2.658070161282691173e+06
1.056000000000000133e-01 2.650096027930705808e+06
1.057333333333333458e-01 2.650059691828653682e+06
1.058666666666666645e-01 2.645316648734309245e+06
1.059999999999999970e-01 2.641742975552490912e+06
1.061333333333333434e-01 2.635354916308661457e+06
1.062666666666666759e-01 2.632915780149832834e+06
1.064000000000000085e-01 2.629034852766735014e+06
1.065333333333333271e-01 2.626600369978929404e+06
1.066666666666666735e-01 2.624211924581877887e+06
1.068000000000000060e-01 2.618699508868305478e+06
1.069333333333333386e-01 2.613023835784469265e+06
1.070666666666666850e-01 2.606319969735222869e+06
1.072000000000000036e-01 2.606454082730085123e+06
1.073333333333333361e-01 2.598357405114052817e+06
1.074666666666666687e-01 2.590762756014901213e+06
1.076000000000000151e-01 2.585815592405630741e+06
1.077333333333333476e-01 2.579351870745505206e+06
1.078666666666666663e-01 2.579183568180328701e+06
1.079999999999999988e-01 2.575621794106619433e+06
1.081333333333333452e-01 2.574153093426664360e+06
1.082666666666666777e-01 2.565743589126268402e+06
1.083999999999999964e-01 2.559426994881976396e+06
1.085333333333333289e-01 2.555385690633603837e+06
1.086666666666666753e-01 2.555654279142767657e+06
1.088000000000000078e-01 2.552733210720864125e+06
1.089333333333333403e-01 2.553446191714065149e+06
1.090666666666666590e-01 2.546728427683535032e+06
1.092000000000000054e-01 2.542839099618386477e+06
1.093333333333333379e-01 2.541516911614926532e+06
1.094666666666666704e-01 2.542675015191819053e+06
1.096000000000000169e-01 2.540951459098698571e+06
1.097333333333333355e-01 2.540257302932978142e+06
1.098666666666666680e-01 2.534059503047769889e+06
1.100000000000000006e-01 2.535122892409034073e+06
1.101333333333333470e-01 2.536268373019637540e+06
1.102666666666666795e-01 2.530555503898014780e+06
1.103999999999999981e-01 2.527099666527235415e+06
1.105333333333333307e-01 2.524078582612466533e+06
1.106666666666666771e-01 2.520435985619953834e+06
1.108000000000000096e-01 2.515851080999606289e+06
1.109333333333333421e-01 2.511273433593916707e+06
1.110666666666666608e-01 2.505260702787265647e+06
1.112000000000000072e-01 2.497754312937557697e+06
1.113333333333333397e-01 2.491534363894639071e+06
1.114666666666666722e-01 2.488139468142743688e+06
1.116000000000000186e-01 2.487037298059450462e+06
1.117333333333333373e-01 2.482496752464585938e+06
1.118666666666666698e-01 2.480207979360147845e+06
1.120000000000000023e-01 2.476456984334169421e+06
1.121333333333333487e-01 2.471357460867730901e+06
1.122666666666666813e-01 2.465430175226720981e+06
1.123999999999999999e-01 2.462702526546909939e+06
1.125333333333333324e-01 2.459198153567797504e+06
1.126666666666666788e-01 2.451937384406264871e+06
1.128000000000000114e-01 2.448377165999679826e+06
1.129333333333333300e-01 2.442677987090877257e+06
1.130666666666666625e-01 2.442184487230234314e+06
1.132000000000000089e-01 2.439458480804588180e+06
1.133333333333333415e-01 2.434692788237062283e+06
1.134666666666666740e-01 2.428527938084412832e+06
1.135999999999999927e-01 2.426246068355795927e+06
1.137333333333333391e-01 2.422504543182774447e+06
1.138666666666666716e-01 2.420013807737882249e+06
1.140000000000000041e-01 2.418999080238340888e+06
1.141333333333333505e-01 2.416508529848727398e+06
1.142666666666666692e-01 2.412903657437088434e+06
1.144000000000000017e-01 2.409108444037646987e+06
1.145333333333333342e-01 2.401989322288814466e+06
1.146666666666666806e-01 2.396946680287292227e+06
1.148000000000000131e-01 2.390590601484667044e+06
1.149333333333333318e-01 2.392482530088612810e+06
1.150666666666666643e-01 2.390522622641351540e+06
1.152000000000000107e-01 2.389193565391824581e+06
1.153333333333333433e-01 2.385679878637491260e+06
1.154666666666666758e-01 2.384828480229019187e+06
1.155999999999999944e-01 2.380096428691089153e+06
1.157333333333333408e-01 2.379145572588807903e+06
1.158666666666666734e-01 2.375675376990844496e+06
1.160000000000000059e-01 2.368954963736216538e+06
1.161333333333333523e-01 2.362474193830475211e+06
1.162666666666666709e-01 2.358351546417197678e+06
1.164000000000000035e-01 2.353832337488107383e+06
1.165333333333333360e-01 2.349853779443509877e+06
1.166666666666666824e-01 2.347068351618346758e+06
1.168000000000000010e-01 2.345692014054032974e+06
1.169333333333333336e-01 2.342082657939075958e+06
1.170666666666666661e-01 2.337070235647076741e+06
1.172000000000000125e-01 2.332984882396494504e+06
1.173333333333333450e-01 2.331696313668352086e+06
1.174666666666666637e-01 2.334074325977398083e+06
1.175999999999999962e-01 2.334410196435652673e+06
1.177333333333333426e-01 2.332084717986517586e+06
1.178666666666666751e-01 2.324912774084155913e+06
1.180000000000000077e-01 2.325695903625510167e+06
1.181333333333333263e-01 2.327153638001385611e+06
1.182666666666666727e-01 2.325135615913695190e+06
1.184000000000000052e-01 2.320164072470492218e+06
1.185333333333333378e-01 2.317033908138610888e+06
1.186666666666666842e-01 2.315872494998732582e+06
1.188000000000000028e-01 2.312097924871952739e+06
1.189333333333333353e-01 2.307092667134415824e+06
1.190666666666666679e-01 2.306777352898209356e+06
1.192000000000000143e-01 2.301991724451323971e+06
1.193333333333333468e-01 2.299186416646575090e+06
1.194666666666666655e-01 2.295584776596621610e+06
1.195999999999999980e-01 2.292950614695494529e+06
1.197333333333333444e-01 2.290652065480179619e+06
1.198666666666666769e-01 2.286204810739342123e+06
1.200000000000000094e-01 2.282237458937507588e+06
1.201333333333333281e-01 2.279876854488634039e+06
1.202666666666666745e-01 2.275745675221779849e+06
1.204000000000000070e-01 2.272219207318880130e+06
1.205333333333333395e-01 2.272133807802997995e+06
1.206666666666666859e-01 2.267212894016504288e+06
1.208000000000000046e-01 2.265306868346098810e+06
1.209333333333333371e-01 2.265697423179346137e+06
1.210666666666666696e-01 2.263419375682723243e+06
1.212000000000000161e-01 2.259103749443523120e+06
1.213333333333333347e-01 2.257721674004520290e+06
1.214666666666666672e-01 2.254047779138408601e+06
1.215999999999999998e-01 2.251678835213883314e+06
1.217333333333333462e-01 2.252334540009597782e+06
1.218666666666666787e-01 2.248911800015911460e+06
1.219999999999999973e-01 2.245741380886179395e+06
1.221333333333333299e-01 2.242365617588314228e+06
1.222666666666666763e-01 2.237394735591046512e+06
1.224000000000000088e-01 2.237355855943826959e+06
1.225333333333333413e-01 2.237853091850246303e+06
1.226666666666666600e-01 2.235326869377675466e+06
1.228000000000000064e-01 2.235240903521418571e+06
1.229333333333333389e-01 2.234809536612080410e+06
1.230666666666666714e-01 2.232524526896246709e+06
1.232000000000000178e-01 2.234462400270508137e+06
1.233333333333333365e-01 2.232755039647222031e+06
1.234666666666666690e-01 2.233416385599984322e+06
1.236000000000000015e-01 2.232090994999296963e+06
1.237333333333333479e-01 2.230163250139634591e+06
1.238666666666666805e-01 2.224649964318039361e+06
1.239999999999999991e-01 2.219728667234901339e+06
1.241333333333333316e-01 2.218813147200430278e+06
1.242666666666666780e-01 2.217876312504477333e+06
1.244000000000000106e-01 2.216152706976624671e+06
1.245333333333333431e-01 2.215114089097089600e+06
1.246666666666666617e-01 2.212320607344524004e+06
1.248000000000000081e-01 2.209984707696681842e+06
1.249333333333333407e-01 2.206654145395387430e+06
1.250666666666666871e-01 2.202738466460791416e+06
1.252000000000000057e-01 2.199065695735231042e+06
1.253333333333333244e-01 2.193168710467580240e+06
1.254666666666666708e-01 2.189474805102395825e+06
1.256000000000000172e-01 2.187945740081121679e+06
1.257333333333333358e-01 2.182732881127239671e+06
1.258666666666666545e-01 2.183871057714780327e+06
1.260000000000000009e-01 2.183261002612912096e+06
1.261333333333333473e-01 2.180480775898771361e+06
1.262666666666666659e-01 2.179576943959042430e+06
1.264000000000000123e-01 2.180903007582240738e+06
1.265333333333333310e-01 2.181320660669127945e+06
1.266666666666666774e-01 2.179112059312786907e+06
1.267999999999999960e-01 2.176126539549852256e+06
1.269333333333333425e-01 2.177786938523855992e+06
1.270666666666666889e-01 2.172590038863697089e+06
1.272000000000000075e-01 2.171993225784263108e+06
1.273333333333333262e-01 2.171961543490185868e+06
1.274666666666666726e-01 2.169998283081923146e+06
1.276000000000000190e-01 2.168181106067739893e+06
1.277333333333333376e-01 2.165314684013465419e+06
1.278666666666666563e-01 2.162042137409070507e+06
1.280000000000000027e-01 2.154065012530069333e+06
1.281333333333333491e-01 2.151203456396892201e+06
1.282666666666666677e-01 2.152057833979111630e+06
1.284000000000000141e-01 2.149509615510185715e+06
1.285333333333333328e-01 2.147305644817211665e+06
1.286666666666666792e-01 2.145011298095623497e+06
1.287999999999999978e-01 2.144135472299022134e+06
1.289333333333333442e-01 2.139418850128734019e+06
1.290666666666666906e-01 2.137273569392877631e+06
1.292000000000000093e-01 2.136073777337065432e+06
1.293333333333333279e-01 2.136186313399297651e+06
1.294666666666666743e-01 2.134715313801173121e+06
1.296000000000000207e-01 2.131667500781069044e+06
1.297333333333333394e-01 2.131534335067772772e+06
1.298666666666666580e-01 2.129696333864487242e+06
1.300000000000000044e-01 2.128716861404773779e+06
1.301333333333333508e-01 2.127956967526299413e+06
1.302666666666666695e-01 2.129629109888839535e+06
1.303999999999999881e-01 2.130932237398212310e+06
1.305333333333333345e-01 2.128215979283968918e+06
1.306666666666666810e-01 2.125188801604154985e+06
1.307999999999999996e-01 2.122852329160374124e+06
1.309333333333333460e-01 2.122070278364864644e+06
1.310666666666666647e-01 2.120130015372566879e+06
1.312000000000000111e-01 2.117426529233509209e+06
1.313333333333333297e-01 2.114968700962930452e+06
1.314666666666666761e-01 2.113980696999056730e+06
1.316000000000000225e-01 2.113580918243763503e+06
1.317333333333333412e-01 2.114913692719547078e+06
1.318666666666666598e-01 2.112031100283640437e+06
1.320000000000000062e-01 2.109189584206407890e+06
1.321333333333333526e-01 2.108211268898353912e+06
1.322666666666666713e-01 2.108348660672806669e+06
1.323999999999999899e-01 2.107322526413899381e+06
1.325333333333333363e-01 2.105291433949774131e+06
1.326666666666666827e-01 2.105293306652656291e+06
1.328000000000000014e-01 2.102254827056187205e+06
1.329333333333333478e-01 2.099827383390680887e+06
1.330666666666666664e-01 2.097929856911391951e+06
1.332000000000000128e-01 2.094885173398853280e+06
1.333333333333333315e-01 2.095084618568724487e+06
1.334666666666666779e-01 2.093508478847855236e+06
1.336000000000000243e-01 2.087663676859903382e+06
1.337333333333333429e-01 2.086784325250852853e+06
1.338666666666666616e-01 2.083974628745343769e+06
1.340000000000000080e-01 2.080572887998592341e+06
1.341333333333333544e-01 2.078110871190143982e+06
1.342666666666666730e-01 2.075025242326232139e+06
1.343999999999999917e-01 2.072156335794967134e+06
1.345333333333333381e-01 2.068649321975895902e+06
1.346666666666666845e-01 2.063471359845529543e+06
1.348000000000000032e-01 2.061845261982617667e+06
1.349333333333333218e-01 2.059655682766350918e+06
1.350666666666666682e-01 2.058629627773678862e+06
1.352000000000000146e-01 2.056642915622535162e+06
1.353333333333333333e-01 2.056456313145692926e+06
1.354666666666666797e-01 2.056054772965981625e+06
1.355999999999999983e-01 2.056442518273467897e+06
1.357333333333333447e-01 2.054299250973074697e+06
1.358666666666666634e-01 2.054250598008877831e+06
1.360000000000000098e-01 2.053813709216234507e+06
1.361333333333333562e-01 2.049912676581088454e+06
1.362666666666666748e-01 2.048599555936247576e+06
1.363999999999999935e-01 2.045814206499622203e+06
1.365333333333333399e-01 2.042605271723879268e+06
1.366666666666666863e-01 2.044619877455910202e+06
1.368000000000000049e-01 2.040472770300497999e+06
1.369333333333333236e-01 2.036209393157121260e+06
1.370666666666666700e-01 2.038975637849508552e+06
1.372000000000000164e-01 2.039450101218394469e+06
1.373333333333333350e-01 2.039777231908820337e+06
1.374666666666666814e-01 2.036218805251000682e+06
1.376000000000000001e-01 2.037069625524772564e+06
1.377333333333333465e-01 2.036474891675285762e+06
1.378666666666666651e-01 2.033341271486253710e+06
1.380000000000000115e-01 2.027481282938528340e+06
1.381333333333333580e-01 2.024756191812467994e+06
1.382666666666666766e-01 2.024369499436452053e+06
1.383999999999999952e-01 2.023849583223293768e+06
1.385333333333333417e-01 2.021572088212685660e+06
1.386666666666666881e-01 2.018390180681949481e+06
1.388000000000000067e-01 2.016459932598167332e+06
1.389333333333333254e-01 2.016547195675385883e+06
1.390666666666666718e-01 2.013755123692255234e+06
1.392000000000000182e-01 2.013044241909844568e+06
1.393333333333333368e-01 2.008602134413953638e+06
1.394666666666666555e-01 2.008613198939364171e+06
1.396000000000000019e-01 2.007170104383427650e+06
1.397333333333333483e-01 2.006764812414746964e+06
1.398666666666666669e-01 2.004106065097605810e+06
1.400000000000000133e-01 2.002072440772654023e+06
1.401333333333333320e-01 2.000135356131214881e+06
1.402666666666666784e-01 1.999116306601220276e+06
1.403999999999999970e-01 1.997006384064296028e+06
1.405333333333333434e-01 1.997177139247613493e+06
1.406666666666666898e-01 1.995038342813605443e+06
1.408000000000000085e-01 1.993128281714118319e+06
1.409333333333333271e-01 1.988308858665021136e+06
1.410666666666666735e-01 1.988804759878976503e+06
1.412000000000000199e-01 1.984064397784349741e+06
1.413333333333333386e-01 1.983426780006581219e+06
1.414666666666666572e-01 1.983560265502500115e+06
1.416000000000000036e-01 1.982049382470561657e+06
1.417333333333333500e-01 1.981333506829880178e+06
1.418666666666666687e-01 1.982361172379780095e+06
1.420000000000000151e-01 1.979220190886438126e+06
1.421333333333333337e-01 1.980560670317761367e+06
1.422666666666666802e-01 1.978256636299712351e+06
1.423999999999999988e-01 1.977895606599970721e+06
1.425333333333333452e-01 1.973597508035663748e+06
1.426666666666666916e-01 1.972418453619811218e+06
1.428000000000000103e-01 1.974601924081608420e+06
1.429333333333333289e-01 1.975371469944266370e+06
1.430666666666666753e-01 1.973089962076520314e+06
1.432000000000000217e-01 1.970102370107643306e+06
1.433333333333333404e-01 1.968744470354937483e+06
1.434666666666666590e-01 1.965194276654860238e+06
1.436000000000000054e-01 1.964792280655407812e+06
1.437333333333333518e-01 1.961249700702049071e+06
1.438666666666666705e-01 1.959611900108805392e+06
1.439999999999999891e-01 1.960166446260617813e+06
1.441333333333333355e-01 1.960214761440824252e+06
1.442666666666666819e-01 1.957367782953710994e+06
1.444000000000000006e-01 1.958061376093743136e+06
1.445333333333333470e-01 1.955457751702051610e+06
1.446666666666666656e-01 1.952773813333414262e+06
1.448000000000000120e-01 1.952997918938140152e+06
1.449333333333333307e-01 1.953526214034015546e+06
1.450666666666666771e-01 1.954028654301897623e+06
1.452000000000000235e-01 1.954916989087337628e+06
1.453333333333333421e-01 1.951725671372662531e+06
1.454666666666666608e-01 1.953047704805592773e+06
1.456000000000000072e-01 1.953637425037154462e+06
1.457333333333333536e-01 1.955612348689058097e+06
1.458666666666666722e-01 1.953888624432286248e+06
1.459999999999999909e-01 1.956517939015991054e+06
1.461333333333333373e-01 1.956053183168063872e+06
1.462666666666666837e-01 1.956670306417962303e+06
1.464000000000000024e-01 1.957245533802237362e+06
1.465333333333333488e-01 1.957864242725173477e+06
1.466666666666666674e-01 1.959261423764620209e+06
1.468000000000000138e-01 1.960770790710455738e+06
1.469333333333333325e-01 1.960829013907143148e+06
1.470666666666666789e-01 1.958713189499737229e+06
1.472000000000000253e-01 1.955293942229882581e+06
1.473333333333333439e-01 1.953619610524292570e+06
1.474666666666666626e-01 1.954422621097529074e+06
1.476000000000000090e-01 1.953015172331123147e+06
1.477333333333333554e-01 1.950453053412623238e+06
1.478666666666666740e-01 1.950992356797128916e+06
1.479999999999999927e-01 1.950388849239646690e+06
1.481333333333333391e-01 1.947884949816137087e+06
1.482666666666666855e-01 1.945975506099086255e+06
1.484000000000000041e-01 1.943196525410998380e+06
1.485333333333333228e-01 1.941400405118919443e+06
1.486666666666666692e-01 1.939787613089003833e+06
1.488000000000000156e-01 1.940486842997322790e+06
1.489333333333333342e-01 1.936486924993562745e+06
1.490666666666666806e-01 1.935865265734975226e+06
1.491999999999999993e-01 1.934904723760610679e+06
1.493333333333333457e-01 1.934529753860941157e+06
1.494666666666666643e-01 1.932827245707023190e+06
1.496000000000000107e-01 1.932762720704250271e+06
1.497333333333333572e-01 1.933610343569409102e+06
1.498666666666666758e-01 1.932708492911771173e+06
1.499999999999999944e-01 1.929650481372892391e+06
1.501333333333333409e-01 1.930637857863961486e+06
1.502666666666666873e-01 1.929785253935773624e+06
1.504000000000000059e-01 1.929112596083027311e+06
1.505333333333333246e-01 1.926737955995786004e+06
1.506666666666666710e-01 1.929980849354481790e+06
1.508000000000000174e-01 1.928913578550938750e+06
1.509333333333333360e-01 1.930680370616653468e+06
1.510666666666666824e-01 1.931607797453012550e+06
1.512000000000000011e-01 1.929876311920350417e+06
1.513333333333333475e-01 1.926982052407171577e+06
1.514666666666666661e-01 1.925439373363216175e+06
1.516000000000000125e-01 1.923725683597422903e+06
1.517333333333333589e-01 1.923547279738777317e+06
1.518666666666666776e-01 1.924462800329474965e+06
1.519999999999999962e-01 1.923387858699619537e+06
1.521333333333333426e-01 1.924426671321342001e+06
1.522666666666666890e-01 1.924578439463394228e+06
1.524000000000000077e-01 1.923702818970229477e+06
1.525333333333333263e-01 1.924037975319094723e+06
1.526666666666666727e-01 1.924301065353504615e+06
1.528000000000000191e-01 1.924373152480331017e+06
1.529333333333333378e-01 1.923427641321107280e+06
1.530666666666666564e-01 1.922369575577326585e+06
1.532000000000000028e-01 1.920960869267852278e+06
1.533333333333333492e-01 1.919279414590687258e+06
1.534666666666666679e-01 1.919995631158064352e+06
1.536000000000000143e-01 1.917528688589906320e+06
1.537333333333333329e-01 1.917396631978995632e+06
1.538666666666666794e-01 1.917355881853555329e+06
1.539999999999999980e-01 1.917027999018034665e+06
1.541333333333333444e-01 1.916136445745928213e+06
1.542666666666666908e-01 1.916580796762644546e+06
1.544000000000000095e-01 1.912809773755561793e+06
1.545333333333333281e-01 1.913941172040475998e+06
1.546666666666666745e-01 1.912300928466714919e+06
1.548000000000000209e-01 1.908641214075924363e+06
1.549333333333333396e-01 1.906850615814428544e+06
1.550666666666666582e-01 1.903368157349319430e+06
1.552000000000000046e-01 1.903361748947833665e+06
1.553333333333333510e-01 1.902741333734021988e+06
1.554666666666666697e-01 1.900649728387481766e+06
1.556000000000000161e-01 1.900059579080264317e+06
1.557333333333333347e-01 1.899488040885420050e+06
1.558666666666666811e-01 1.899265235296420986e+06
1.559999999999999998e-01 1.896089086175952107e+06
1.561333333333333462e-01 1.895778749321510782e+06
1.562666666666666926e-01 1.896127132405861747e+06
1.564000000000000112e-01 1.899578131971183233e+06
1.565333333333333299e-01 1.897429695597767364e+06
1.566666666666666763e-01 1.896796244634685572e+06
1.568000000000000227e-01 1.899532623943263898e+06
1.569333333333333413e-01 1.899124841108710971e+06
1.570666666666666600e-01 1.898385621203095885e+06
1.572000000000000064e-01 1.898866442074134946e+06
1.573333333333333528e-01 1.900186568190594437e+06
1.574666666666666714e-01 1.899177574823659612e+06
1.575999999999999901e-01 1.897458838180870283e+06
1.577333333333333365e-01 1.895611759076589486e+06
1.578666666666666829e-01 1.893655502381974366e+06
1.580000000000000016e-01 1.891874308753068559e+06
1.581333333333333480e-01 1.891333226446408080e+06
1.582666666666666666e-01 1.893420242141741794e+06
1.584000000000000130e-01 1.893369135250127874e+06
1.585333333333333317e-01 1.892595925828190753e+06
1.586666666666666781e-01 1.893435316775676329e+06
1.588000000000000245e-01 1.894243211471589748e+06
1.589333333333333431e-01 1.894794455840180861e+06
1.590666666666666618e-01 1.894043499177741585e+06
1.592000000000000082e-01 1.894301597979033599e+06
1.593333333333333546e-01 1.891842628817812772e+06
1.594666666666666732e-01 1.891481396851027152e+06
1.595999999999999919e-01 1.890267781052666483e+06
1.597333333333333383e-01 1.887688263953496004e+06
1.598666666666666847e-01 1.886055111655703513e+06
1.600000000000000033e-01 1.886138197302334011e+06
1.601333333333333497e-01 1.883807987687577959e+06
1.602666666666666684e-01 1.884179195052407915e+06
1.604000000000000148e-01 1.887313244202057831e+06
1.605333333333333334e-01 1.888861358985363971e+06
1.606666666666666798e-01 1.886493324614766054e+06
1.607999999999999985e-01 1.887567812745608389e+06
1.609333333333333449e-01 1.887674947872974211e+06
1.610666666666666635e-01 1.888729508700578474e+06
1.612000000000000099e-01 1.887480445766436402e+06
1.613333333333333564e-01 1.888020738449719734e+06
1.614666666666666750e-01 1.888905831049987115e+06
1.615999999999999936e-01 1.889358254615945509e+06
1.617333333333333401e-01 1.887316314962565666e+06
1.618666666666666865e-01 1.887188229699294083e+06
1.620000000000000051e-01 1.886957039660590934e+06
1.621333333333333238e-01 1.886268977202547947e+06
1.622666666666666702e-01 1.888923563098853687e+06
1.624000000000000166e-01 1.888609140609708847e+06
1.625333333333333352e-01 1.886616245984265814e+06
1.626666666666666816e-01 1.889098383902000962e+06
1.628000000000000003e-01 1.889855639834265225e+06
1.629333333333333467e-01 1.888780937968980521e+06
1.630666666666666653e-01 1.887674098092496395e+06
1.632000000000000117e-01 1.888173770471691154e+06
1.633333333333333581e-01 1.889418852201842004e+06
1.634666666666666768e-01 1.886523438015144086e+06
1.635999999999999954e-01 1.883307046829296742e+06
1.637333333333333418e-01 1.883465789076079847e+06
1.638666666666666882e-01 1.883028284966005478e+06
1.640000000000000069e-01 1.880975640194597887e+06
1.641333333333333255e-01 1.879523704949215287e+06
1.642666666666666719e-01 1.878796462601052830e+06
1.644000000000000183e-01 1.877353905296515673e+06
1.645333333333333370e-01 1.874993528405129211e+06
1.646666666666666834e-01 1.874168176380502293e+06
1.648000000000000020e-01 1.874546068893810036e+06
1.649333333333333484e-01 1.875550248262101319e+06
1.650666666666666671e-01 1.873831900222724071e+06
1.652000000000000135e-01 1.873645255853371462e+06
1.653333333333333321e-01 1.873784005535448203e+06
1.654666666666666786e-01 1.874351218858871609e+06
1.655999999999999972e-01 1.872641605579328258e+06
1.657333333333333436e-01 1.869464506393024232e+06
1.658666666666666900e-01 1.870872401474248851e+06
1.660000000000000087e-01 1.870867693988549057e+06
1.661333333333333273e-01 1.871822322897316888e+06
1.662666666666666737e-01 1.872434333453128114e+06
1.664000000000000201e-01 1.872331896904345136e+06
1.665333333333333388e-01 1.871345223347808234e+06
