0.000000000000000000e+00 3.325053871816240251e+06
1.333333333333333397e-04 4.015063872619394213e+06
2.666666666666666794e-04 5.363450972818657756e+06
4.000000000000000192e-04 8.563964261040551588e+06
5.333333333333333589e-04 1.483567907793859951e+07
6.666666666666666444e-04 1.556186058509862982e+07
8.000000000000000383e-04 2.209065537666780874e+07
9.333333333333333239e-04 2.899369393095027655e+07
1.066666666666666718e-03 3.826308252469549328e+07
1.200000000000000112e-03 6.182860197836665064e+07
1.333333333333333289e-03 5.890564506321144849e+07
1.466666666666666683e-03 6.177226510998796672e+07
1.600000000000000077e-03 7.970293062956039608e+07
1.733333333333333471e-03 1.135484953358559310e+08
1.866666666666666648e-03 1.133490157284992337e+08
2.000000000000000042e-03 1.080650720103423446e+08
2.133333333333333436e-03 1.515506051232529879e+08
2.266666666666666829e-03 1.376197562739605308e+08
2.400000000000000223e-03 1.662119959132925868e+08
2.533333333333333184e-03 1.093516582491973341e+08
2.666666666666666578e-03 1.314629580528438836e+08
2.800000000000000405e-03 1.435583230913413465e+08
2.933333333333333365e-03 1.475097632030550838e+08
3.066666666666666759e-03 1.929898141083841324e+08
3.200000000000000153e-03 1.716609006235144734e+08
3.333333333333333547e-03 1.639935461069853008e+08
3.466666666666666941e-03 2.302254176688429713e+08
3.600000000000000335e-03 2.592573277554284930e+08
3.733333333333333295e-03 1.946608460303207040e+08
3.866666666666667123e-03 9.452487271963888407e+07
4.000000000000000083e-03 1.121181006983491629e+08
4.133333333333333477e-03 1.921433915292634666e+08
4.266666666666666871e-03 3.123918596381732225e+08
4.400000000000000265e-03 5.019178268973407745e+08
4.533333333333333659e-03 7.151861734345163107e+08
4.666666666666667053e-03 1.115109093315646410e+09
4.800000000000000447e-03 1.184307138865080595e+09
4.933333333333333841e-03 1.328882025902911186e+09
5.066666666666666367e-03 1.282469998514079094e+09
5.200000000000000629e-03 1.350398603382673979e+09
5.333333333333333155e-03 1.534216056859525919e+09
5.466666666666667417e-03 9.189806293912161589e+08
5.600000000000000810e-03 1.086183942299150944e+09
5.733333333333333337e-03 1.105528559669649124e+09
5.866666666666666731e-03 9.640243020478838682e+08
6.000000000000000992e-03 1.022232077370347619e+09
6.133333333333333519e-03 1.102586589352838278e+09
6.266666666666666913e-03 1.148725197901768684e+09
6.400000000000000307e-03 8.900674062897958755e+08
6.533333333333332833e-03 1.158828734556379557e+09
6.666666666666667095e-03 8.923199509369031191e+08
6.800000000000000488e-03 7.042695880798252821e+08
6.933333333333333882e-03 6.262146064026907682e+08
7.066666666666666409e-03 7.994777552289190292e+08
7.200000000000000670e-03 6.774350459288253784e+08
7.333333333333334064e-03 7.714850199291185141e+08
7.466666666666666591e-03 1.004726564088257313e+09
7.599999999999999985e-03 9.853151292993044853e+08
7.733333333333334246e-03 1.225492041641877174e+09
7.866666666666665905e-03 1.246075664005259037e+09
8.000000000000000167e-03 9.743321261435046196e+08
8.133333333333334428e-03 1.150011965518093586e+09
8.266666666666666954e-03 1.222203760462404966e+09
8.399999999999999481e-03 9.581831465389724970e+08
8.533333333333333742e-03 1.042961405830829382e+09
8.666666666666668004e-03 1.235111727033374548e+09
8.800000000000000530e-03 1.073658935094811082e+09
8.933333333333333057e-03 1.223379345453866005e+09
9.066666666666667318e-03 1.523966753291178226e+09
9.200000000000001579e-03 1.633441808032673120e+09
9.333333333333334106e-03 1.551940676994690180e+09
9.466666666666666632e-03 1.321075155087163448e+09
9.600000000000000894e-03 1.139948748523147106e+09
9.733333333333333420e-03 1.102358975510785580e+09
9.866666666666667682e-03 1.074700189440257311e+09
1.000000000000000021e-02 1.061709891664073348e+09
1.013333333333333273e-02 1.062644691921963930e+09
1.026666666666666700e-02 1.026054245215070009e+09
1.040000000000000126e-02 1.026330271138717890e+09
1.053333333333333378e-02 9.755460747102328539e+08
1.066666666666666631e-02 9.101515231138341427e+08
1.079999999999999884e-02 9.446860640459799767e+08
1.093333333333333483e-02 8.324610448260064125e+08
1.106666666666666736e-02 8.622010309784454107e+08
1.120000000000000162e-02 7.553427905563849211e+08
1.133333333333333415e-02 7.524364103105169535e+08
1.146666666666666667e-02 7.108002194754042625e+08
1.160000000000000094e-02 6.555228830236200094e+08
1.173333333333333346e-02 5.654251199252989292e+08
1.186666666666666599e-02 5.082670512926456332e+08
1.200000000000000198e-02 4.437277915410735607e+08
1.213333333333333451e-02 4.288159181048253179e+08
1.226666666666666704e-02 3.960346541090392470e+08
1.240000000000000130e-02 3.513846328150085807e+08
1.253333333333333383e-02 3.272565170865727067e+08
1.266666666666666635e-02 3.078086789788909554e+08
1.280000000000000061e-02 2.877505861805511117e+08
1.293333333333333314e-02 2.866655608764951825e+08
1.306666666666666567e-02 2.534259533563576043e+08
1.320000000000000166e-02 2.423965040813199580e+08
1.333333333333333419e-02 2.492064714609892964e+08
1.346666666666666845e-02 2.330771537773004174e+08
1.360000000000000098e-02 2.365774554176250696e+08
1.373333333333333350e-02 2.310045306547764838e+08
1.386666666666666776e-02 2.231005013285361230e+08
1.400000000000000029e-02 2.486316566125495732e+08
1.413333333333333282e-02 2.346808517598779798e+08
1.426666666666666881e-02 2.202073081930728555e+08
1.440000000000000134e-02 2.172544577090742588e+08
1.453333333333333387e-02 2.239234460394528806e+08
1.466666666666666813e-02 2.222345734521818459e+08
1.480000000000000066e-02 2.225685608459389508e+08
1.493333333333333318e-02 2.377888724231996238e+08
1.506666666666666744e-02 2.351029982823199034e+08
1.519999999999999997e-02 2.463517776957443655e+08
1.533333333333333250e-02 2.631343952147642374e+08
1.546666666666666849e-02 2.616931195995567143e+08
1.560000000000000102e-02 2.758528133554545641e+08
1.573333333333333181e-02 2.831692167473583221e+08
1.586666666666666781e-02 2.910345432159141302e+08
1.600000000000000033e-02 2.739734433917233944e+08
1.613333333333333633e-02 2.497435599068975747e+08
1.626666666666666886e-02 2.350158662191672027e+08
1.640000000000000138e-02 2.300988525390852094e+08
1.653333333333333391e-02 2.084489420468664169e+08
1.666666666666666644e-02 1.978088449708567560e+08
1.679999999999999896e-02 1.888577025173408091e+08
1.693333333333333496e-02 1.803595649235488474e+08
1.706666666666666748e-02 1.698166243577895164e+08
1.720000000000000001e-02 1.639954252047138214e+08
1.733333333333333601e-02 1.600291781677131951e+08
1.746666666666666853e-02 1.548539517101235986e+08
1.760000000000000106e-02 1.501976092969990671e+08
1.773333333333333359e-02 1.448552587188487053e+08
1.786666666666666611e-02 1.422971247315212488e+08
1.799999999999999864e-02 1.361881797816521525e+08
1.813333333333333464e-02 1.329539213771000504e+08
1.826666666666666716e-02 1.267680568718259186e+08
1.840000000000000316e-02 1.227245468260727376e+08
1.853333333333333569e-02 1.198049129477132559e+08
1.866666666666666821e-02 1.157567152417787611e+08
1.880000000000000074e-02 1.126732962727556825e+08
1.893333333333333326e-02 1.111663915899756104e+08
1.906666666666666579e-02 1.078083029232742935e+08
1.920000000000000179e-02 1.042931179932234287e+08
1.933333333333333431e-02 1.013865518995673209e+08
1.946666666666666684e-02 9.879516661502979696e+07
1.960000000000000284e-02 9.721124274703985453e+07
1.973333333333333536e-02 9.548053981263475120e+07
1.986666666666666789e-02 9.173846755390442908e+07
2.000000000000000042e-02 9.083170515692882240e+07
2.013333333333333294e-02 8.854846552210098505e+07
2.026666666666666547e-02 8.602922020310720801e+07
2.040000000000000147e-02 8.390749339010718465e+07
2.053333333333333399e-02 8.185010002560603619e+07
2.066666666666666652e-02 8.038502477827297151e+07
2.080000000000000251e-02 7.705368049836048484e+07
2.093333333333333504e-02 7.728385912816430628e+07
2.106666666666666757e-02 7.525643574570386112e+07
2.120000000000000009e-02 7.555597071584156156e+07
2.133333333333333262e-02 7.259028493611714244e+07
2.146666666666666515e-02 7.244683262945096195e+07
2.159999999999999767e-02 7.083530268323244154e+07
2.173333333333333714e-02 7.112579708266353607e+07
2.186666666666666967e-02 6.868324815903916955e+07
2.200000000000000219e-02 6.714812198277686536e+07
2.213333333333333472e-02 6.569612940657227486e+07
2.226666666666666725e-02 6.543559347351893783e+07
2.240000000000000324e-02 6.449170086193075031e+07
2.253333333333333577e-02 6.261674550741864741e+07
2.266666666666666829e-02 6.254912352847050875e+07
2.280000000000000082e-02 6.173988477347145230e+07
2.293333333333333335e-02 6.131558882166429609e+07
2.306666666666666587e-02 5.900689740686662495e+07
2.320000000000000187e-02 5.769337776080054790e+07
2.333333333333333440e-02 5.660804286953488737e+07
2.346666666666666692e-02 5.627646277717328072e+07
2.359999999999999945e-02 5.544635710514346510e+07
2.373333333333333198e-02 5.432929957557035983e+07
2.386666666666666450e-02 5.367174245903956145e+07
2.400000000000000397e-02 5.291456536105962843e+07
2.413333333333333650e-02 5.247555208292610943e+07
2.426666666666666902e-02 5.179392651440897584e+07
2.440000000000000155e-02 5.112818178629510850e+07
2.453333333333333408e-02 4.972724849827322364e+07
2.466666666666667007e-02 4.888824588974136859e+07
2.480000000000000260e-02 4.794915781389585882e+07
2.493333333333333512e-02 4.752071674502454698e+07
2.506666666666666765e-02 4.629028894739197940e+07
2.520000000000000018e-02 4.572736286778939515e+07
2.533333333333333270e-02 4.515866401429075003e+07
2.546666666666666870e-02 4.468422207390835881e+07
2.560000000000000123e-02 4.422719020637582242e+07
2.573333333333333375e-02 4.365501308643242717e+07
2.586666666666666628e-02 4.360383885894571245e+07
2.599999999999999881e-02 4.274460075505799055e+07
2.613333333333333133e-02 4.251393956388422847e+07
2.626666666666667080e-02 4.192568941418527812e+07
2.640000000000000333e-02 4.143016279247874767e+07
2.653333333333333585e-02 4.093707816059582680e+07
2.666666666666666838e-02 4.003674408013350517e+07
2.680000000000000090e-02 3.969867851634801924e+07
2.693333333333333690e-02 3.870017041120694578e+07
2.706666666666666943e-02 3.819302143135986477e+07
2.720000000000000195e-02 3.828431803098237514e+07
2.733333333333333448e-02 3.765027971630319208e+07
2.746666666666666701e-02 3.709020074810662866e+07
2.759999999999999953e-02 3.697150721667585522e+07
2.773333333333333553e-02 3.666414340945376456e+07
2.786666666666666806e-02 3.603639871742347628e+07
2.800000000000000058e-02 3.541475679145794362e+07
2.813333333333333311e-02 3.501118449608363211e+07
2.826666666666666564e-02 3.484656935755783319e+07
2.839999999999999816e-02 3.447963590415439755e+07
2.853333333333333763e-02 3.413911918272458762e+07
2.866666666666667015e-02 3.406629728439664841e+07
2.880000000000000268e-02 3.350082347992898151e+07
2.893333333333333521e-02 3.329576385109483451e+07
2.906666666666666773e-02 3.280997100502679124e+07
2.920000000000000026e-02 3.259003934102769941e+07
2.933333333333333626e-02 3.213586950720402971e+07
2.946666666666666878e-02 3.166870751169024035e+07
2.960000000000000131e-02 3.132028880272074416e+07
2.973333333333333384e-02 3.077211182826593518e+07
2.986666666666666636e-02 3.042873362714463845e+07
3.000000000000000236e-02 3.027624400956024230e+07
3.013333333333333489e-02 2.986272148555503786e+07
3.026666666666666741e-02 2.961192050607481226e+07
3.039999999999999994e-02 2.930737879977585375e+07
3.053333333333333247e-02 2.901607576052945852e+07
3.066666666666666499e-02 2.864179437122685462e+07
3.080000000000000446e-02 2.841714258706073090e+07
3.093333333333333698e-02 2.794967395516178384e+07
3.106666666666666951e-02 2.777926287748992443e+07
3.120000000000000204e-02 2.757053821374057606e+07
3.133333333333333109e-02 2.722688999297976866e+07
3.146666666666666362e-02 2.685672858771987632e+07
3.160000000000000309e-02 2.666929514099768922e+07
3.173333333333333561e-02 2.624459959412771091e+07
3.186666666666666814e-02 2.603275533530057594e+07
3.200000000000000067e-02 2.582520678325557336e+07
3.213333333333333319e-02 2.549797560907294601e+07
3.226666666666667266e-02 2.535424787361000478e+07
3.240000000000000518e-02 2.494357433231537789e+07
3.253333333333333771e-02 2.471600599700438231e+07
3.266666666666667024e-02 2.460833543688981980e+07
3.280000000000000276e-02 2.447517397026598454e+07
3.293333333333333529e-02 2.417757068719260767e+07
3.306666666666666782e-02 2.395798664126679674e+07
3.320000000000000034e-02 2.372206348353909329e+07
3.333333333333333287e-02 2.357151894444988668e+07
3.346666666666666540e-02 2.336352720827890560e+07
3.359999999999999792e-02 2.305292543047222868e+07
3.373333333333333045e-02 2.278815952400334179e+07
3.386666666666666992e-02 2.252752662723408639e+07
3.400000000000000244e-02 2.219851013121765107e+07
3.413333333333333497e-02 2.202290418063743412e+07
3.426666666666666750e-02 2.172022154274062440e+07
3.440000000000000002e-02 2.157267175518913567e+07
3.453333333333333949e-02 2.143984802083482221e+07
3.466666666666667201e-02 2.122913711123911291e+07
3.480000000000000454e-02 2.096414641954311728e+07
3.493333333333333707e-02 2.074267443806756288e+07
3.506666666666666959e-02 2.061790580183689296e+07
3.520000000000000212e-02 2.041301769987706095e+07
3.533333333333333465e-02 2.015043970944165066e+07
3.546666666666666717e-02 1.999950243431411684e+07
3.559999999999999970e-02 1.977487317850858346e+07
3.573333333333333223e-02 1.958428790911616385e+07
3.586666666666666475e-02 1.946674243869796023e+07
3.599999999999999728e-02 1.934566773904363438e+07
3.613333333333333675e-02 1.916816039228730649e+07
3.626666666666666927e-02 1.898714310873113200e+07
3.640000000000000180e-02 1.885165579248449951e+07
3.653333333333333433e-02 1.865948809463375807e+07
3.666666666666666685e-02 1.848603318529495597e+07
3.680000000000000632e-02 1.835380651612586901e+07
3.693333333333333884e-02 1.826077000353087112e+07
3.706666666666667137e-02 1.806040012212135270e+07
3.720000000000000390e-02 1.790248786611060798e+07
3.733333333333333642e-02 1.775864798463818803e+07
3.746666666666666895e-02 1.760654956780239195e+07
3.760000000000000148e-02 1.750411173082150891e+07
3.773333333333333400e-02 1.732552352277579159e+07
3.786666666666666653e-02 1.724332359697092697e+07
3.799999999999999906e-02 1.707185183477016538e+07
3.813333333333333158e-02 1.701470356043809280e+07
3.826666666666666411e-02 1.684631545847117156e+07
3.840000000000000357e-02 1.669181315683677979e+07
3.853333333333333610e-02 1.654621115242152102e+07
3.866666666666666863e-02 1.647545916193598881e+07
3.880000000000000115e-02 1.635795519127078727e+07
3.893333333333333368e-02 1.632633681939589232e+07
3.906666666666667315e-02 1.615455484716977738e+07
3.920000000000000567e-02 1.601927725109177828e+07
3.933333333333333820e-02 1.586429857785176113e+07
3.946666666666667073e-02 1.575333164958601072e+07
3.960000000000000325e-02 1.559545291775840707e+07
3.973333333333333578e-02 1.550378019733525999e+07
3.986666666666666831e-02 1.535160213288202137e+07
4.000000000000000083e-02 1.523672310118568130e+07
4.013333333333333336e-02 1.507753767095804401e+07
4.026666666666666589e-02 1.491587333496694081e+07
4.039999999999999841e-02 1.476138260917876475e+07
4.053333333333333094e-02 1.466623186630209722e+07
4.066666666666667040e-02 1.458000598825384304e+07
4.080000000000000293e-02 1.447586577265245654e+07
4.093333333333333546e-02 1.435795859893931076e+07
4.106666666666666798e-02 1.424940520094999485e+07
4.120000000000000051e-02 1.415673638622250967e+07
4.133333333333333304e-02 1.410128974316055700e+07
4.146666666666667250e-02 1.397984866103675216e+07
4.160000000000000503e-02 1.390250871003017016e+07
4.173333333333333756e-02 1.381626059423016384e+07
4.186666666666667008e-02 1.370666140166576393e+07
4.200000000000000261e-02 1.360699103470818140e+07
4.213333333333333514e-02 1.345487695345702581e+07
4.226666666666666766e-02 1.331595630589229986e+07
4.240000000000000019e-02 1.317764574117099307e+07
4.253333333333333965e-02 1.312703943096609041e+07
4.266666666666666524e-02 1.303298655109433644e+07
4.280000000000000471e-02 1.294675228043923341e+07
4.293333333333333030e-02 1.287840656613092124e+07
4.306666666666666976e-02 1.283373894768697582e+07
4.319999999999999535e-02 1.273353417285325751e+07
4.333333333333333481e-02 1.263868428217256255e+07
4.346666666666667428e-02 1.251188335569505952e+07
4.359999999999999987e-02 1.244417997388534620e+07
4.373333333333333933e-02 1.232873520612860285e+07
4.386666666666666492e-02 1.226639580849209055e+07
4.400000000000000439e-02 1.215659980398231000e+07
4.413333333333333691e-02 1.209618370793537982e+07
4.426666666666666944e-02 1.202214175242049620e+07
4.440000000000000197e-02 1.196582294487968087e+07
4.453333333333333449e-02 1.185326860783019476e+07
4.466666666666666702e-02 1.180290761354482360e+07
4.480000000000000648e-02 1.174862556620506383e+07
4.493333333333333207e-02 1.169463671134236455e+07
4.506666666666667154e-02 1.159109231718733907e+07
4.519999999999999712e-02 1.147455045446924306e+07
4.533333333333333659e-02 1.139258874381363206e+07
4.546666666666666218e-02 1.127036563761320151e+07
4.560000000000000164e-02 1.119126591319758072e+07
4.573333333333334111e-02 1.115271144040491618e+07
4.586666666666666670e-02 1.106649798280787282e+07
4.600000000000000616e-02 1.100517739948152564e+07
4.613333333333333175e-02 1.095749117670571804e+07
4.626666666666667121e-02 1.089369342656981200e+07
4.640000000000000374e-02 1.080089178876286000e+07
4.653333333333333627e-02 1.073836670694766380e+07
4.666666666666666879e-02 1.067994875557064824e+07
4.680000000000000132e-02 1.063734611096799187e+07
4.693333333333333385e-02 1.057799938649090752e+07
4.706666666666667331e-02 1.051629417074192688e+07
4.719999999999999890e-02 1.046737637960582785e+07
4.733333333333333837e-02 1.039860796871739812e+07
4.746666666666666395e-02 1.033490484630800597e+07
4.760000000000000342e-02 1.025014521616815403e+07
4.773333333333332901e-02 1.017976888173357770e+07
4.786666666666666847e-02 1.012935609421124123e+07
4.800000000000000794e-02 1.008382223631644249e+07
4.813333333333333353e-02 1.001901140586226620e+07
4.826666666666667299e-02 9.967843911543808877e+06
4.839999999999999858e-02 9.913774273581465706e+06
4.853333333333333804e-02 9.870549234780183062e+06
4.866666666666667057e-02 9.779156976158307865e+06
4.880000000000000310e-02 9.727310163314420730e+06
4.893333333333333562e-02 9.676044449174299836e+06
4.906666666666666815e-02 9.649999948980962858e+06
4.920000000000000068e-02 9.588102657073069364e+06
4.933333333333334014e-02 9.541883494635568932e+06
4.946666666666666573e-02 9.497075500347008929e+06
4.960000000000000520e-02 9.436851976533047855e+06
4.973333333333333078e-02 9.407220560884345323e+06
4.986666666666667025e-02 9.322978483824536204e+06
4.999999999999999584e-02 9.274379468380125239e+06
5.013333333333333530e-02 9.209576769495652989e+06
5.026666666666667477e-02 9.139415567176397890e+06
5.040000000000000036e-02 9.083601160738224164e+06
5.053333333333333982e-02 9.034387683805186301e+06
5.066666666666666541e-02 8.979045168761368841e+06
5.080000000000000487e-02 8.914917219503400847e+06
5.093333333333333740e-02 8.883943497632203624e+06
5.106666666666666993e-02 8.846843116534069180e+06
5.120000000000000245e-02 8.805764749229893088e+06
5.133333333333333498e-02 8.763251447367388755e+06
5.146666666666666751e-02 8.757603331741046160e+06
5.160000000000000697e-02 8.752464613087635487e+06
5.173333333333333256e-02 8.709600663111032918e+06
5.186666666666667203e-02 8.670067283225733787e+06
5.199999999999999761e-02 8.643791548565035686e+06
5.213333333333333708e-02 8.603843526187578216e+06
5.226666666666666267e-02 8.550643191571272910e+06
5.240000000000000213e-02 8.473744742593498901e+06
5.253333333333334160e-02 8.442315937308672816e+06
5.266666666666666718e-02 8.442353063969844952e+06
5.280000000000000665e-02 8.391483500262243673e+06
5.293333333333333224e-02 8.342069538605601527e+06
5.306666666666667170e-02 8.319750746913303621e+06
5.320000000000000423e-02 8.295367785361167043e+06
5.333333333333333676e-02 8.263821689384797588e+06
5.346666666666666928e-02 8.234566631371910684e+06
5.360000000000000181e-02 8.177681259180979803e+06
5.373333333333333434e-02 8.116372882538633421e+06
5.386666666666667380e-02 8.079330624913842417e+06
5.399999999999999939e-02 8.065363252131978050e+06
5.413333333333333885e-02 8.020433293775878847e+06
5.426666666666666444e-02 7.961143342681377195e+06
5.440000000000000391e-02 7.929779348470991477e+06
5.453333333333332950e-02 7.901379515738185495e+06
5.466666666666666896e-02 7.880857418119180016e+06
5.480000000000000843e-02 7.837705475179573521e+06
5.493333333333333401e-02 7.808378240560363978e+06
5.506666666666667348e-02 7.770685788827895187e+06
5.519999999999999907e-02 7.725126772496894933e+06
5.533333333333333853e-02 7.699930492648012936e+06
5.546666666666667106e-02 7.648404517305320129e+06
5.560000000000000359e-02 7.614045983113485388e+06
5.573333333333333611e-02 7.588935994226301089e+06
5.586666666666666864e-02 7.555228359461106360e+06
5.600000000000000117e-02 7.497676848989407532e+06
5.613333333333334063e-02 7.461492998430881649e+06
5.626666666666666622e-02 7.433339719774275087e+06
5.640000000000000568e-02 7.400667030544107780e+06
5.653333333333333127e-02 7.386996030927957036e+06
5.666666666666667074e-02 7.333392996577498503e+06
5.679999999999999633e-02 7.302418198789820075e+06
5.693333333333333579e-02 7.254778286813711748e+06
5.706666666666667526e-02 7.236075515361349098e+06
5.720000000000000084e-02 7.210256070028560236e+06
5.733333333333334031e-02 7.180542288377556019e+06
5.746666666666666590e-02 7.141435154796150513e+06
5.760000000000000536e-02 7.100680850690760650e+06
5.773333333333333789e-02 7.065272616821317933e+06
5.786666666666667042e-02 7.036596647923624143e+06
5.800000000000000294e-02 6.989106736490541138e+06
5.813333333333333547e-02 6.974308309385398403e+06
5.826666666666666800e-02 6.948615033041977324e+06
5.840000000000000052e-02 6.935143538976044394e+06
5.853333333333333305e-02 6.914811528280206025e+06
5.866666666666667251e-02 6.897753411107165739e+06
5.879999999999999810e-02 6.851222141312965192e+06
5.893333333333333757e-02 6.835790424878174439e+06
5.906666666666666315e-02 6.820359284323791042e+06
5.920000000000000262e-02 6.803503059936584905e+06
5.933333333333334209e-02 6.774977797689626925e+06
5.946666666666666767e-02 6.750934294484184124e+06
5.960000000000000714e-02 6.733240949312243611e+06
5.973333333333333273e-02 6.703931631989724934e+06
5.986666666666667219e-02 6.691896369338418357e+06
6.000000000000000472e-02 6.674868671849575825e+06
6.013333333333333725e-02 6.649522264831725508e+06
6.026666666666666977e-02 6.631618567696267739e+06
6.040000000000000230e-02 6.610010327044019476e+06
6.053333333333333482e-02 6.573528341335782781e+06
6.066666666666666735e-02 6.551559770327314734e+06
6.079999999999999988e-02 6.537649916492680088e+06
6.093333333333333934e-02 6.525189691989368759e+06
6.106666666666666493e-02 6.496245090177426115e+06
6.120000000000000440e-02 6.462006697575246915e+06
6.133333333333332998e-02 6.428503547885801643e+06
6.146666666666666945e-02 6.397625479111820459e+06
6.160000000000000892e-02 6.373172496642306447e+06
6.173333333333333450e-02 6.363204942181117833e+06
6.186666666666667397e-02 6.334148462422232144e+06
6.199999999999999956e-02 6.302726713714993559e+06
6.213333333333333902e-02 6.284265057367620990e+06
6.226666666666667155e-02 6.263969639187298715e+06
6.240000000000000407e-02 6.224929684174060822e+06
6.253333333333334354e-02 6.199230085459969938e+06
6.266666666666666219e-02 6.166583076095123775e+06
6.280000000000000859e-02 6.148023232724120840e+06
6.293333333333332724e-02 6.122207395229788497e+06
6.306666666666667365e-02 6.107909881272997707e+06
6.320000000000000617e-02 6.091095211164224893e+06
6.333333333333333870e-02 6.078151892391111702e+06
6.346666666666667123e-02 6.052685875897955149e+06
6.360000000000000375e-02 6.008784216991767287e+06
6.373333333333333628e-02 5.987013105158000253e+06
6.386666666666666881e-02 5.967739632618554868e+06
6.400000000000000133e-02 5.932582496363054030e+06
6.413333333333333386e-02 5.912259268605811521e+06
6.426666666666666639e-02 5.880691066371884197e+06
6.439999999999999891e-02 5.862579547741470858e+06
6.453333333333334532e-02 5.837587725075673312e+06
6.466666666666666397e-02 5.813486295925375074e+06
6.480000000000001037e-02 5.794317144125495106e+06
6.493333333333332902e-02 5.767411376651685685e+06
6.506666666666667542e-02 5.750527671792620793e+06
6.519999999999999407e-02 5.726096434927268885e+06
6.533333333333334048e-02 5.700264310980753973e+06
6.546666666666667300e-02 5.665377370333082974e+06
6.560000000000000553e-02 5.628292033612837084e+06
6.573333333333333806e-02 5.610105478460570797e+06
6.586666666666667058e-02 5.571172532901010476e+06
6.600000000000000311e-02 5.534247847870699130e+06
6.613333333333333564e-02 5.515616870806793682e+06
6.626666666666666816e-02 5.492379285306640901e+06
6.640000000000000069e-02 5.473041088339261711e+06
6.653333333333333321e-02 5.454932117120700888e+06
6.666666666666666574e-02 5.430688980465558358e+06
6.680000000000001215e-02 5.404622793416786008e+06
6.693333333333333079e-02 5.384673625776642933e+06
6.706666666666667720e-02 5.373262471164404415e+06
6.719999999999999585e-02 5.345151669586568139e+06
6.733333333333334225e-02 5.322253561824698001e+06
6.746666666666666090e-02 5.308114845546163619e+06
6.760000000000000731e-02 5.295331540990469977e+06
6.773333333333333983e-02 5.272978769078390673e+06
6.786666666666667236e-02 5.252387653595575131e+06
6.800000000000000488e-02 5.234964238471205346e+06
6.813333333333333741e-02 5.222546505391538143e+06
6.826666666666666994e-02 5.197553222144490108e+06
6.840000000000000246e-02 5.185602766486522742e+06
6.853333333333333499e-02 5.170340709327233955e+06
6.866666666666666752e-02 5.150854246897344477e+06
6.880000000000000004e-02 5.122896521910529584e+06
6.893333333333333257e-02 5.106231835181383416e+06
6.906666666666667898e-02 5.094023607747741975e+06
6.919999999999999762e-02 5.066290536908448674e+06
6.933333333333334403e-02 5.043538854305007495e+06
6.946666666666666268e-02 5.025724830597587861e+06
6.960000000000000908e-02 4.998373762397101149e+06
6.973333333333332773e-02 4.978349260979406536e+06
6.986666666666667413e-02 4.960354551325523295e+06
7.000000000000000666e-02 4.944362215021712705e+06
7.013333333333333919e-02 4.924589057743357494e+06
7.026666666666667171e-02 4.911658323184746318e+06
7.040000000000000424e-02 4.889637513052854687e+06
7.053333333333333677e-02 4.880784032801596448e+06
7.066666666666666929e-02 4.867473268130077049e+06
7.080000000000000182e-02 4.851043814232377335e+06
7.093333333333333435e-02 4.835175403638975695e+06
7.106666666666666687e-02 4.821948710800739005e+06
7.119999999999999940e-02 4.806527414786105044e+06
7.133333333333334580e-02 4.781537553369157948e+06
7.146666666666666445e-02 4.766171195529287681e+06
7.160000000000001086e-02 4.751682087738968432e+06
7.173333333333332951e-02 4.747091364809283987e+06
7.186666666666667591e-02 4.732125472671904601e+06
7.199999999999999456e-02 4.722183173322301358e+06
7.213333333333334096e-02 4.707600273118676618e+06
7.226666666666667349e-02 4.697041482182181440e+06
7.240000000000000602e-02 4.692968321884113364e+06
7.253333333333333854e-02 4.682560254054849036e+06
7.266666666666667107e-02 4.676491968742594123e+06
7.280000000000000360e-02 4.664688186544608325e+06
7.293333333333333612e-02 4.651578661863933317e+06
7.306666666666666865e-02 4.645960986776323058e+06
7.320000000000000118e-02 4.628901447445414029e+06
7.333333333333333370e-02 4.621667287105243653e+06
7.346666666666666623e-02 4.609661467575464398e+06
7.360000000000001263e-02 4.591198325829312205e+06
7.373333333333333128e-02 4.581629483228955418e+06
7.386666666666667769e-02 4.574528637037352659e+06
7.399999999999999634e-02 4.582723623618043959e+06
7.413333333333334274e-02 4.570453948960416950e+06
7.426666666666666139e-02 4.557655117337715812e+06
7.440000000000000779e-02 4.540007746660075150e+06
7.453333333333334032e-02 4.534301387826518156e+06
7.466666666666667285e-02 4.528131330092957243e+06
7.480000000000000537e-02 4.508880326897788793e+06
7.493333333333333790e-02 4.488548772203087807e+06
7.506666666666667043e-02 4.490347308482371271e+06
7.520000000000000295e-02 4.485455786777752452e+06
7.533333333333333548e-02 4.478254747165995650e+06
7.546666666666666801e-02 4.465965707905954681e+06
7.560000000000000053e-02 4.452424128632985055e+06
7.573333333333333306e-02 4.436261959651701152e+06
7.586666666666667946e-02 4.425531711129448377e+06
7.599999999999999811e-02 4.408866455320321955e+06
7.613333333333334452e-02 4.398279611807636917e+06
7.626666666666666317e-02 4.385894804351273924e+06
7.640000000000000957e-02 4.373702266653261147e+06
7.653333333333332822e-02 4.358847420166415162e+06
7.666666666666667462e-02 4.347003300069478340e+06
7.680000000000000715e-02 4.330905703177260235e+06
7.693333333333333968e-02 4.316996674405482598e+06
7.706666666666667220e-02 4.305634717216400430e+06
7.720000000000000473e-02 4.288209954675166868e+06
7.733333333333333726e-02 4.271118491563341580e+06
7.746666666666666978e-02 4.262738646715455689e+06
7.760000000000000231e-02 4.251362298523546197e+06
7.773333333333333484e-02 4.233806347601774149e+06
7.786666666666666736e-02 4.215740781650277786e+06
7.799999999999999989e-02 4.197733959879580885e+06
7.813333333333334629e-02 4.184022795100244228e+06
7.826666666666666494e-02 4.168715738172810525e+06
7.840000000000001135e-02 4.161975282104343642e+06
7.853333333333333000e-02 4.153356173715198413e+06
7.866666666666667640e-02 4.142752570618079044e+06
7.879999999999999505e-02 4.135420876168358605e+06
7.893333333333334145e-02 4.116550236345139332e+06
7.906666666666667398e-02 4.103114558856323827e+06
7.920000000000000651e-02 4.095522384427513462e+06
7.933333333333333903e-02 4.081966688335433137e+06
7.946666666666667156e-02 4.067045877873081714e+06
7.960000000000000409e-02 4.052768526226620656e+06
7.973333333333333661e-02 4.051593449403873179e+06
7.986666666666666914e-02 4.042476263699352741e+06
8.000000000000000167e-02 4.033640423878188711e+06
8.013333333333333419e-02 4.025965257800688967e+06
8.026666666666666672e-02 4.008670722165107261e+06
8.039999999999999925e-02 3.998658813276245724e+06
8.053333333333333177e-02 3.992480998686991632e+06
8.066666666666667818e-02 3.976466147415186744e+06
8.079999999999999682e-02 3.968376590942410752e+06
8.093333333333334323e-02 3.960106383572292980e+06
8.106666666666666188e-02 3.949965452311496716e+06
8.120000000000000828e-02 3.939843902529137675e+06
8.133333333333334081e-02 3.923165965018630959e+06
8.146666666666667334e-02 3.911187868856102694e+06
8.160000000000000586e-02 3.902961988634456880e+06
8.173333333333333839e-02 3.884996881697026547e+06
8.186666666666667092e-02 3.870844963318417314e+06
8.200000000000000344e-02 3.865627496983767021e+06
8.213333333333333597e-02 3.860210714569135103e+06
8.226666666666666849e-02 3.851773015869915951e+06
8.240000000000000102e-02 3.840198964323046152e+06
8.253333333333333355e-02 3.827379430886534974e+06
8.266666666666666607e-02 3.824849496711638756e+06
8.279999999999999860e-02 3.810717180262360256e+06
8.293333333333334501e-02 3.799188197123644873e+06
8.306666666666666365e-02 3.790306768253619783e+06
8.320000000000001006e-02 3.781113753234300297e+06
8.333333333333332871e-02 3.769843298687490169e+06
8.346666666666667511e-02 3.761482049958685413e+06
8.360000000000000764e-02 3.755676346717609093e+06
8.373333333333334016e-02 3.747092257122626994e+06
8.386666666666665881e-02 3.733181883586531039e+06
8.400000000000000522e-02 3.717298466104394756e+06
8.413333333333333774e-02 3.708745853482114151e+06
8.426666666666667027e-02 3.704747051115089562e+06
8.440000000000001668e-02 3.702933747254355345e+06
8.453333333333333532e-02 3.693681476165837608e+06
8.466666666666666785e-02 3.687566509386793710e+06
8.480000000000000038e-02 3.678171846453831065e+06
8.493333333333334678e-02 3.664165880162681919e+06
8.506666666666667931e-02 3.646125339611291885e+06
8.519999999999999796e-02 3.633194536761151627e+06
8.533333333333333048e-02 3.619223690510049462e+06
8.546666666666667689e-02 3.610799468498392031e+06
8.560000000000000941e-02 3.601221243835350499e+06
8.573333333333334194e-02 3.589857232637731358e+06
8.586666666666666059e-02 3.580415002644110471e+06
8.600000000000000699e-02 3.573657933664067648e+06
8.613333333333333952e-02 3.561200230048878118e+06
8.626666666666667205e-02 3.555086579324450810e+06
8.639999999999999070e-02 3.548976280141212512e+06
8.653333333333333710e-02 3.543879018659723457e+06
8.666666666666666963e-02 3.543428671800680459e+06
8.680000000000000215e-02 3.539095042265549768e+06
8.693333333333334856e-02 3.523708968479485251e+06
8.706666666666666721e-02 3.517167197961801197e+06
8.719999999999999973e-02 3.513101174877463374e+06
8.733333333333333226e-02 3.503625763993283734e+06
8.746666666666667866e-02 3.493863005280404817e+06
8.760000000000001119e-02 3.487781294845200144e+06
8.773333333333332984e-02 3.482376955054743215e+06
8.786666666666666237e-02 3.475425751668620389e+06
8.800000000000000877e-02 3.471788667440363672e+06
8.813333333333334130e-02 3.464946243263013661e+06
8.826666666666667382e-02 3.458821846232437529e+06
8.839999999999999247e-02 3.453041119246734772e+06
8.853333333333333888e-02 3.442864440838782582e+06
8.866666666666667140e-02 3.436670116774296388e+06
8.880000000000000393e-02 3.428671677030592225e+06
8.893333333333335033e-02 3.423370589781543706e+06
8.906666666666666898e-02 3.415211961930894759e+06
8.920000000000000151e-02 3.410875683218304999e+06
8.933333333333333404e-02 3.403880099091521930e+06
8.946666666666668044e-02 3.401107361318039708e+06
8.960000000000001297e-02 3.393890318455751985e+06
8.973333333333333162e-02 3.386344412746234797e+06
8.986666666666666414e-02 3.376141373727167957e+06
9.000000000000001055e-02 3.360513310861610807e+06
9.013333333333334307e-02 3.351413766679032706e+06
9.026666666666667560e-02 3.340148004004824441e+06
9.039999999999999425e-02 3.331308594003779348e+06
9.053333333333334065e-02 3.327256625188135076e+06
9.066666666666667318e-02 3.315720131354360841e+06
9.080000000000000571e-02 3.311712035053832922e+06
9.093333333333332436e-02 3.306425869778539985e+06
9.106666666666667076e-02 3.304416727455035783e+06
9.120000000000000329e-02 3.294829180893416516e+06
9.133333333333333581e-02 3.288349208419340197e+06
9.146666666666668222e-02 3.276310259016144555e+06
9.160000000000000087e-02 3.268127811187902465e+06
9.173333333333333339e-02 3.257159079283113591e+06
9.186666666666666592e-02 3.250629329872793518e+06
9.200000000000001232e-02 3.240791602785087656e+06
9.213333333333334485e-02 3.237028521771632601e+06
9.226666666666666350e-02 3.230089205637096893e+06
9.239999999999999603e-02 3.227571729613606352e+06
9.253333333333334243e-02 3.218780203466120176e+06
9.266666666666667496e-02 3.209436447015726939e+06
9.280000000000000748e-02 3.212005053179226350e+06
9.293333333333332613e-02 3.202957161205152050e+06
9.306666666666667254e-02 3.190023123509209137e+06
9.320000000000000506e-02 3.181712625985700637e+06
9.333333333333333759e-02 3.179304958595712669e+06
9.346666666666668399e-02 3.168929143198607024e+06
9.360000000000000264e-02 3.159953243421125226e+06
9.373333333333333517e-02 3.148696284039195161e+06
9.386666666666666770e-02 3.141030671061690431e+06
9.400000000000001410e-02 3.135996489527763333e+06
9.413333333333334663e-02 3.132342162604863290e+06
9.426666666666666528e-02 3.127474161034115124e+06
9.439999999999999780e-02 3.119518815787220374e+06
9.453333333333334421e-02 3.110365206825655419e+06
9.466666666666667673e-02 3.103284695328426082e+06
9.479999999999999538e-02 3.093364303413658869e+06
9.493333333333332791e-02 3.081893513524078764e+06
9.506666666666667431e-02 3.072555107632183470e+06
9.520000000000000684e-02 3.061867336396244355e+06
9.533333333333333937e-02 3.049283510270764120e+06
9.546666666666665801e-02 3.041410651913653128e+06
9.560000000000000442e-02 3.038458722618553322e+06
9.573333333333333695e-02 3.032144650306434371e+06
9.586666666666666947e-02 3.024560132836876437e+06
9.600000000000001588e-02 3.019603353389099706e+06
9.613333333333333452e-02 3.013022183694977313e+06
9.626666666666666705e-02 3.010274868900391273e+06
9.639999999999999958e-02 3.007066576169905253e+06
9.653333333333334598e-02 3.001627824921426829e+06
9.666666666666667851e-02 2.989073491126641165e+06
9.679999999999999716e-02 2.983948108587513678e+06
9.693333333333332968e-02 2.980621252358302474e+06
9.706666666666667609e-02 2.974068231521591544e+06
9.720000000000000862e-02 2.971931290155916475e+06
9.733333333333334114e-02 2.964070015640687197e+06
9.746666666666665979e-02 2.962902844747976866e+06
9.760000000000000620e-02 2.955087854089464527e+06
9.773333333333333872e-02 2.950659560133625288e+06
9.786666666666667125e-02 2.941287075452979188e+06
9.800000000000001765e-02 2.938111938230560161e+06
9.813333333333333630e-02 2.937527550368992146e+06
9.826666666666666883e-02 2.934756040771347005e+06
9.840000000000000135e-02 2.926351398612300865e+06
9.853333333333334776e-02 2.923894710841216613e+06
9.866666666666668029e-02 2.919505891947525088e+06
9.879999999999999893e-02 2.913291457660750020e+06
9.893333333333333146e-02 2.907135720711422618e+06
9.906666666666667787e-02 2.901749008758665062e+06
9.920000000000001039e-02 2.897654140534052160e+06
9.933333333333332904e-02 2.887170148264579941e+06
9.946666666666666157e-02 2.881107126482328400e+06
9.960000000000000797e-02 2.876091872803385369e+06
9.973333333333334050e-02 2.874321717821950559e+06
9.986666666666667302e-02 2.870273424064421561e+06
9.999999999999999167e-02 2.867608300940915477e+06
1.001333333333333381e-01 2.865280640908621252e+06
1.002666666666666706e-01 2.861922320261164103e+06
1.004000000000000031e-01 2.854092652237673756e+06
1.005333333333333495e-01 2.846030165855281521e+06
1.006666666666666682e-01 2.841662798665514681e+06
1.008000000000000007e-01 2.836493744130505249e+06
1.009333333333333332e-01 2.828558679379758425e+06
1.010666666666666796e-01 2.819429612667769659e+06
1.012000000000000122e-01 2.812192021058590617e+06
1.013333333333333308e-01 2.803593182305872906e+06
1.014666666666666633e-01 2.797002701803658623e+06
1.016000000000000097e-01 2.788581684809025843e+06
1.017333333333333423e-01 2.784244647868684027e+06
1.018666666666666748e-01 2.775773342952023726e+06
1.019999999999999934e-01 2.769268225137630478e+06
1.021333333333333399e-01 2.764886588396508712e+06
1.022666666666666724e-01 2.759353827085457742e+06
1.024000000000000049e-01 2.756653710453193635e+06
1.025333333333333513e-01 2.753290395921256393e+06
1.026666666666666700e-01 2.748453772217753343e+06
1.028000000000000025e-01 2.745620125620797276e+06
1.029333333333333350e-01 2.736942455795299262e+06
1.030666666666666814e-01 2.728717647738183383e+06
1.032000000000000139e-01 2.717698797865299042e+06
1.033333333333333326e-01 2.713577176808679476e+06
1.034666666666666651e-01 2.707171877061801497e+06
1.036000000000000115e-01 2.704566720420433208e+06
1.037333333333333441e-01 2.702017966752018314e+06
1.038666666666666627e-01 2.695472237236109562e+06
1.039999999999999952e-01 2.697419796957785729e+06
1.041333333333333416e-01 2.692834507489582058e+06
1.042666666666666742e-01 2.690281958950855769e+06
1.044000000000000067e-01 2.686068213420002256e+06
1.045333333333333253e-01 2.681598053916928358e+06
1.046666666666666717e-01 2.675063461135576479e+06
1.048000000000000043e-01 2.676679413351899944e+06
1.049333333333333368e-01 2.676924223002141807e+06
1.050666666666666832e-01 2.674855598215739243e+06
1.052000000000000018e-01 2.669657722637784667e+06
1.053333333333333344e-01 2.665106585737076588e+06
1.054666666666666669e-01 2.663414023434520699e+06
1.056000000000000133e-01 2.663008608505052980e+06
1.057333333333333458e-01 2.659324370253441390e+06
1.058666666666666645e-01 2.657736264240727294e+06
1.059999999999999970e-01 2.653586772929158527e+06
1.061333333333333434e-01 2.648535074062685482e+06
1.062666666666666759e-01 2.645835292817389593e+06
1.064000000000000085e-01 2.641129334843708202e+06
1.065333333333333271e-01 2.640798935148536693e+06
1.066666666666666735e-01 2.632611050674828235e+06
1.068000000000000060e-01 2.625875545731424820e+06
1.069333333333333386e-01 2.619101960672005545e+06
1.070666666666666850e-01 2.614057516338255722e+06
1.072000000000000036e-01 2.612186242173416074e+06
1.073333333333333361e-01 2.606586062436016742e+06
1.074666666666666687e-01 2.601477317505727056e+06
1.076000000000000151e-01 2.598086624615131877e+06
1.077333333333333476e-01 2.591708511416321620e+06
1.078666666666666663e-01 2.592224174292442854e+06
1.079999999999999988e-01 2.589318438306760043e+06
1.081333333333333452e-01 2.582435573236716911e+06
1.082666666666666777e-01 2.579491111479165033e+06
1.083999999999999964e-01 2.573684955707727000e+06
1.085333333333333289e-01 2.572827357497149613e+06
1.086666666666666753e-01 2.567018924295477569e+06
1.088000000000000078e-01 2.562218495182639454e+06
1.089333333333333403e-01 2.557736668092529289e+06
1.090666666666666590e-01 2.551201614910938311e+06
1.092000000000000054e-01 2.546043369708597660e+06
1.093333333333333379e-01 2.540759000085103791e+06
1.094666666666666704e-01 2.536764501595813315e+06
1.096000000000000169e-01 2.532094617911924608e+06
1.097333333333333355e-01 2.526378612348465715e+06
1.098666666666666680e-01 2.522284655103960540e+06
1.100000000000000006e-01 2.516728683374255430e+06
1.101333333333333470e-01 2.511359791467058938e+06
1.102666666666666795e-01 2.508477687344264239e+06
1.103999999999999981e-01 2.504964962267207447e+06
1.105333333333333307e-01 2.499015155116238631e+06
1.106666666666666771e-01 2.492575287408122793e+06
1.108000000000000096e-01 2.484922310641501565e+06
1.109333333333333421e-01 2.478615055921492632e+06
1.110666666666666608e-01 2.470275840899365488e+06
1.112000000000000072e-01 2.464968353119961917e+06
1.113333333333333397e-01 2.459116553396464791e+06
1.114666666666666722e-01 2.457450318321609404e+06
1.116000000000000186e-01 2.459738514961088076e+06
1.117333333333333373e-01 2.455308001564145554e+06
1.118666666666666698e-01 2.448742882260533981e+06
1.120000000000000023e-01 2.444235656797054224e+06
1.121333333333333487e-01 2.437070456722489558e+06
1.122666666666666813e-01 2.436241586469694041e+06
1.123999999999999999e-01 2.434101207128262147e+06
1.125333333333333324e-01 2.427598304823279381e+06
1.126666666666666788e-01 2.421072597964006942e+06
1.128000000000000114e-01 2.421225671665546950e+06
1.129333333333333300e-01 2.416503817609107587e+06
1.130666666666666625e-01 2.417359731891594362e+06
1.132000000000000089e-01 2.414112701985037420e+06
1.133333333333333415e-01 2.407797479225377552e+06
1.134666666666666740e-01 2.405886540304936934e+06
1.135999999999999927e-01 2.397122323462255299e+06
1.137333333333333391e-01 2.393607529316132888e+06
1.138666666666666716e-01 2.393497674382397905e+06
1.140000000000000041e-01 2.390077212844450958e+06
1.141333333333333505e-01 2.387147172874865588e+06
1.142666666666666692e-01 2.384029443935805466e+06
1.144000000000000017e-01 2.379249739781953860e+06
1.145333333333333342e-01 2.373841621660146862e+06
1.146666666666666806e-01 2.369670295380169526e+06
1.148000000000000131e-01 2.367182459438623860e+06
1.149333333333333318e-01 2.359186411572177894e+06
1.150666666666666643e-01 2.355460806866211351e+06
1.152000000000000107e-01 2.350932974742159713e+06
1.153333333333333433e-01 2.346732625950408168e+06
1.154666666666666758e-01 2.341871483852850273e+06
1.155999999999999944e-01 2.338098331252465490e+06
1.157333333333333408e-01 2.334075979434721172e+06
1.158666666666666734e-01 2.330018305754777510e+06
1.160000000000000059e-01 2.326986105261787772e+06
1.161333333333333523e-01 2.326368553014130332e+06
1.162666666666666709e-01 2.323395830292586703e+06
1.164000000000000035e-01 2.320750830383973196e+06
1.165333333333333360e-01 2.319130092914316803e+06
1.166666666666666824e-01 2.316312128778185230e+06
1.168000000000000010e-01 2.316295408922542352e+06
1.169333333333333336e-01 2.308928093477115966e+06
1.170666666666666661e-01 2.304914895466253627e+06
1.172000000000000125e-01 2.300525582809406333e+06
1.173333333333333450e-01 2.295792613109230530e+06
1.174666666666666637e-01 2.289402831631776877e+06
1.175999999999999962e-01 2.284809222427940927e+06
1.177333333333333426e-01 2.281401449359201826e+06
1.178666666666666751e-01 2.276353964748118073e+06
1.180000000000000077e-01 2.274432655436279252e+06
1.181333333333333263e-01 2.271882580889875069e+06
1.182666666666666727e-01 2.266940365969406441e+06
1.184000000000000052e-01 2.263916859640220180e+06
1.185333333333333378e-01 2.259411249656829052e+06
1.186666666666666842e-01 2.255113370168164372e+06
1.188000000000000028e-01 2.251789542067135219e+06
1.189333333333333353e-01 2.247388871402274817e+06
1.190666666666666679e-01 2.243337977360422257e+06
1.192000000000000143e-01 2.242643537734357174e+06
1.193333333333333468e-01 2.237367192985296249e+06
1.194666666666666655e-01 2.230959733478803653e+06
1.195999999999999980e-01 2.229034308676720131e+06
1.197333333333333444e-01 2.226333149117024615e+06
1.198666666666666769e-01 2.224032767939345445e+06
1.200000000000000094e-01 2.221585713883842807e+06
1.201333333333333281e-01 2.220687962212814018e+06
1.202666666666666745e-01 2.218281558388516307e+06
1.204000000000000070e-01 2.214546343362422660e+06
1.205333333333333395e-01 2.211396086059969384e+06
1.206666666666666859e-01 2.208632698091221973e+06
1.208000000000000046e-01 2.206109988515013829e+06
1.209333333333333371e-01 2.203371891758648213e+06
1.210666666666666696e-01 2.200649058077288326e+06
1.212000000000000161e-01 2.196257297991580330e+06
1.213333333333333347e-01 2.191872665742577519e+06
1.214666666666666672e-01 2.190569759206188843e+06
1.215999999999999998e-01 2.189527071910363156e+06
1.217333333333333462e-01 2.188772883745609317e+06
1.218666666666666787e-01 2.187702881277139299e+06
1.219999999999999973e-01 2.183689820925441105e+06
1.221333333333333299e-01 2.179677654235017952e+06
1.222666666666666763e-01 2.175815685208708979e+06
1.224000000000000088e-01 2.171583774006843567e+06
1.225333333333333413e-01 2.171822773647637106e+06
1.226666666666666600e-01 2.166834310700896196e+06
1.228000000000000064e-01 2.158843735477160197e+06
1.229333333333333389e-01 2.155747654177436605e+06
1.230666666666666714e-01 2.153694226232267451e+06
1.232000000000000178e-01 2.147892479788066819e+06
1.233333333333333365e-01 2.144563719718420878e+06
1.234666666666666690e-01 2.143105774065716192e+06
1.236000000000000015e-01 2.138722748442110140e+06
1.237333333333333479e-01 2.136893211750146933e+06
1.238666666666666805e-01 2.134049439801912755e+06
1.239999999999999991e-01 2.132178713245146908e+06
1.241333333333333316e-01 2.131485581029273104e+06
1.242666666666666780e-01 2.129515446073793340e+06
1.244000000000000106e-01 2.128407773594221566e+06
1.245333333333333431e-01 2.125702117097068112e+06
1.246666666666666617e-01 2.120561126413409598e+06
1.248000000000000081e-01 2.117225983154738322e+06
1.249333333333333407e-01 2.113877598654454574e+06
1.250666666666666871e-01 2.111891300612540916e+06
1.252000000000000057e-01 2.105384114568845835e+06
1.253333333333333244e-01 2.102403022927224170e+06
1.254666666666666708e-01 2.099113649281330872e+06
1.256000000000000172e-01 2.099606633629340213e+06
1.257333333333333358e-01 2.096318496146054240e+06
1.258666666666666545e-01 2.094360254650399555e+06
1.260000000000000009e-01 2.093003334593880223e+06
1.261333333333333473e-01 2.094434425338187255e+06
1.262666666666666659e-01 2.090569278620008845e+06
1.264000000000000123e-01 2.085252995209129993e+06
1.265333333333333310e-01 2.082650843931865413e+06
1.266666666666666774e-01 2.079721540271080565e+06
1.267999999999999960e-01 2.075888824283385416e+06
1.269333333333333425e-01 2.074599965294131311e+06
1.270666666666666889e-01 2.070743569206867833e+06
1.272000000000000075e-01 2.069288950266470201e+06
1.273333333333333262e-01 2.068614298060519388e+06
1.274666666666666726e-01 2.072218351374949561e+06
1.276000000000000190e-01 2.070689484509240836e+06
1.277333333333333376e-01 2.070147175605422119e+06
1.278666666666666563e-01 2.068751921722848434e+06
1.280000000000000027e-01 2.066857856032982469e+06
1.281333333333333491e-01 2.063932037270240253e+06
1.282666666666666677e-01 2.063076772591682384e+06
1.284000000000000141e-01 2.061555156932254555e+06
1.285333333333333328e-01 2.059227448987578275e+06
1.286666666666666792e-01 2.054298517526299227e+06
1.287999999999999978e-01 2.054037268705467694e+06
1.289333333333333442e-01 2.052273737765386701e+06
1.290666666666666906e-01 2.050434007170409197e+06
1.292000000000000093e-01 2.043885169909995282e+06
1.293333333333333279e-01 2.043010235552807339e+06
1.294666666666666743e-01 2.043230692268382525e+06
1.296000000000000207e-01 2.044169745578896953e+06
1.297333333333333394e-01 2.042036193243061425e+06
1.298666666666666580e-01 2.041114126492254902e+06
1.300000000000000044e-01 2.038449034754639026e+06
1.301333333333333508e-01 2.035365263684932608e+06
1.302666666666666695e-01 2.035916201762843179e+06
1.303999999999999881e-01 2.031606728715704987e+06
1.305333333333333345e-01 2.027511496808156837e+06
1.306666666666666810e-01 2.026895797278840560e+06
1.307999999999999996e-01 2.021098885997865349e+06
1.309333333333333460e-01 2.020911047010998707e+06
1.310666666666666647e-01 2.020117737843087176e+06
1.312000000000000111e-01 2.016406459042759845e+06
1.313333333333333297e-01 2.016915853030850878e+06
1.314666666666666761e-01 2.015413410778284539e+06
1.316000000000000225e-01 2.016256333777134772e+06
1.317333333333333412e-01 2.012067143943872070e+06
1.318666666666666598e-01 2.010248157521629473e+06
1.320000000000000062e-01 2.006431665633199038e+06
1.321333333333333526e-01 2.004928804376915563e+06
1.322666666666666713e-01 2.003599567711644340e+06
1.323999999999999899e-01 2.000532499587391503e+06
1.325333333333333363e-01 1.997835506103013642e+06
1.326666666666666827e-01 1.996430137811246794e+06
1.328000000000000014e-01 1.996186233996138209e+06
1.329333333333333478e-01 1.994323908366010757e+06
1.330666666666666664e-01 1.993925399206476053e+06
1.332000000000000128e-01 1.993821094384092139e+06
1.333333333333333315e-01 1.994558760038390290e+06
1.334666666666666779e-01 1.992073275095374556e+06
1.336000000000000243e-01 1.991133321050308645e+06
1.337333333333333429e-01 1.991314049807478674e+06
1.338666666666666616e-01 1.992598634393158834e+06
1.340000000000000080e-01 1.991257851203384809e+06
1.341333333333333544e-01 1.987291054676853353e+06
1.342666666666666730e-01 1.987681425623518182e+06
1.343999999999999917e-01 1.988584172914368799e+06
1.345333333333333381e-01 1.986934841382005019e+06
1.346666666666666845e-01 1.984787914701343281e+06
1.348000000000000032e-01 1.981372378515447257e+06
1.349333333333333218e-01 1.983714993495694827e+06
1.350666666666666682e-01 1.979779391803416423e+06
1.352000000000000146e-01 1.977140287783233216e+06
1.353333333333333333e-01 1.977395174897221848e+06
1.354666666666666797e-01 1.976319732073114952e+06
1.355999999999999983e-01 1.975446190082125831e+06
1.357333333333333447e-01 1.974905352213922888e+06
1.358666666666666634e-01 1.973815611221746774e+06
1.360000000000000098e-01 1.970959112473039655e+06
1.361333333333333562e-01 1.967605842956302222e+06
1.362666666666666748e-01 1.966570456828193739e+06
1.363999999999999935e-01 1.965658602409469895e+06
1.365333333333333399e-01 1.967853834293451626e+06
1.366666666666666863e-01 1.966110499840038363e+06
1.368000000000000049e-01 1.965551063157601515e+06
1.369333333333333236e-01 1.963209447225428652e+06
1.370666666666666700e-01 1.958919921815867769e+06
1.372000000000000164e-01 1.956733988571371185e+06
1.373333333333333350e-01 1.952770683096857509e+06
1.374666666666666814e-01 1.951261032109745312e+06
1.376000000000000001e-01 1.951492651130413404e+06
1.377333333333333465e-01 1.952120748445888748e+06
1.378666666666666651e-01 1.951879142456616508e+06
1.380000000000000115e-01 1.952465906264217105e+06
1.381333333333333580e-01 1.950258057649133261e+06
1.382666666666666766e-01 1.948108743447596440e+06
1.383999999999999952e-01 1.945517009575784672e+06
1.385333333333333417e-01 1.945747253990859725e+06
1.386666666666666881e-01 1.946384802362191956e+06
1.388000000000000067e-01 1.943105677809001179e+06
1.389333333333333254e-01 1.941513239286766853e+06
1.390666666666666718e-01 1.939237588999385480e+06
1.392000000000000182e-01 1.939310779859788949e+06
1.393333333333333368e-01 1.939312499699227512e+06
1.394666666666666555e-01 1.934712118429710390e+06
1.396000000000000019e-01 1.931384096181678120e+06
1.397333333333333483e-01 1.931668203462107107e+06
1.398666666666666669e-01 1.929888976803541183e+06
1.400000000000000133e-01 1.929808382061854936e+06
1.401333333333333320e-01 1.932968278259128099e+06
1.402666666666666784e-01 1.932375022904180922e+06
1.403999999999999970e-01 1.933364732975870371e+06
1.405333333333333434e-01 1.930748476492011454e+06
1.406666666666666898e-01 1.929178147548957495e+06
1.408000000000000085e-01 1.927125200172551908e+06
1.409333333333333271e-01 1.925537672060255893e+06
1.410666666666666735e-01 1.922268431375742657e+06
1.412000000000000199e-01 1.921408780908733141e+06
1.413333333333333386e-01 1.918873550599236274e+06
1.414666666666666572e-01 1.919973954188367352e+06
1.416000000000000036e-01 1.922942439772435930e+06
1.417333333333333500e-01 1.926346121623612707e+06
1.418666666666666687e-01 1.925403333232242381e+06
1.420000000000000151e-01 1.925220348398405360e+06
1.421333333333333337e-01 1.922888934107698733e+06
1.422666666666666802e-01 1.923082750206443015e+06
1.423999999999999988e-01 1.922089817482767859e+06
1.425333333333333452e-01 1.922712068066696404e+06
1.426666666666666916e-01 1.921462251845590072e+06
1.428000000000000103e-01 1.920055101464490872e+06
1.429333333333333289e-01 1.916200799194287043e+06
1.430666666666666753e-01 1.914381213979977882e+06
1.432000000000000217e-01 1.914435208004033891e+06
1.433333333333333404e-01 1.913223452954717679e+06
1.434666666666666590e-01 1.912221104642715771e+06
1.436000000000000054e-01 1.909499045222166227e+06
1.437333333333333518e-01 1.910441250871258322e+06
1.438666666666666705e-01 1.916436316193996230e+06
1.439999999999999891e-01 1.913466112422447419e+06
1.441333333333333355e-01 1.910506339746956481e+06
1.442666666666666819e-01 1.909238636685327860e+06
1.444000000000000006e-01 1.909489902386626462e+06
1.445333333333333470e-01 1.909303513998170849e+06
1.446666666666666656e-01 1.906448563820358831e+06
1.448000000000000120e-01 1.903911470340103842e+06
1.449333333333333307e-01 1.905845922006360954e+06
1.450666666666666771e-01 1.905236460019724909e+06
1.452000000000000235e-01 1.904321602773623075e+06
1.453333333333333421e-01 1.903740220746316016e+06
1.454666666666666608e-01 1.900440769600810017e+06
1.456000000000000072e-01 1.898250286679692101e+06
1.457333333333333536e-01 1.900279326376343379e+06
1.458666666666666722e-01 1.897892521612900542e+06
1.459999999999999909e-01 1.898477090834177798e+06
1.461333333333333373e-01 1.900609410784969339e+06
1.462666666666666837e-01 1.894382665156144183e+06
1.464000000000000024e-01 1.887750106564411661e+06
1.465333333333333488e-01 1.887030807769170031e+06
1.466666666666666674e-01 1.885478138278521365e+06
1.468000000000000138e-01 1.884238036032980774e+06
1.469333333333333325e-01 1.882363844306808431e+06
1.470666666666666789e-01 1.879040057306153933e+06
1.472000000000000253e-01 1.878134788055662764e+06
1.473333333333333439e-01 1.878211561652395176e+06
1.474666666666666626e-01 1.879647326264976058e+06
1.476000000000000090e-01 1.879279994780359324e+06
1.477333333333333554e-01 1.879321574926530011e+06
1.478666666666666740e-01 1.875693916307085194e+06
1.479999999999999927e-01 1.877981948634788161e+06
1.481333333333333391e-01 1.877595807378766360e+06
1.482666666666666855e-01 1.873595970568276709e+06
1.484000000000000041e-01 1.871131990092059132e+06
1.485333333333333228e-01 1.867957106047625188e+06
1.486666666666666692e-01 1.865560889283487108e+06
1.488000000000000156e-01 1.865960027089280542e+06
1.489333333333333342e-01 1.864404855960036628e+06
1.490666666666666806e-01 1.861978914092879277e+06
1.491999999999999993e-01 1.860597512615313753e+06
1.493333333333333457e-01 1.860987861749614123e+06
1.494666666666666643e-01 1.860206678960936144e+06
1.496000000000000107e-01 1.859957302847435232e+06
1.497333333333333572e-01 1.859405397103017196e+06
1.498666666666666758e-01 1.860297789985991549e+06
1.499999999999999944e-01 1.857175755634027068e+06
1.501333333333333409e-01 1.857675160382328089e+06
1.502666666666666873e-01 1.855918633513447363e+06
1.504000000000000059e-01 1.855224070199514041e+06
1.505333333333333246e-01 1.853559073689468438e+06
1.506666666666666710e-01 1.853917883499820484e+06
1.508000000000000174e-01 1.853159476121926913e+06
1.509333333333333360e-01 1.853530957172707655e+06
1.510666666666666824e-01 1.852915999234582530e+06
1.512000000000000011e-01 1.851402385887469864e+06
1.513333333333333475e-01 1.852116409866085276e+06
1.514666666666666661e-01 1.853342395363481017e+06
1.516000000000000125e-01 1.852627116605452495e+06
1.517333333333333589e-01 1.854680405457572546e+06
1.518666666666666776e-01 1.853915553868660470e+06
1.519999999999999962e-01 1.853343764579298906e+06
1.521333333333333426e-01 1.852662635065891314e+06
1.522666666666666890e-01 1.850936986469446449e+06
1.524000000000000077e-01 1.849343659666927764e+06
1.525333333333333263e-01 1.848280187739316840e+06
1.526666666666666727e-01 1.847695054443652043e+06
1.528000000000000191e-01 1.844106909369585104e+06
1.529333333333333378e-01 1.844145634880933445e+06
1.530666666666666564e-01 1.843794896523352480e+06
1.532000000000000028e-01 1.843494472196599934e+06
1.533333333333333492e-01 1.845117251573593821e+06
1.534666666666666679e-01 1.845298356999899959e+06
1.536000000000000143e-01 1.846841364754974144e+06
1.537333333333333329e-01 1.849032044583891518e+06
1.538666666666666794e-01 1.849318389613951324e+06
1.539999999999999980e-01 1.850424018057712354e+06
1.541333333333333444e-01 1.847300024091084255e+06
1.542666666666666908e-01 1.844134767101643374e+06
1.544000000000000095e-01 1.840795132325018290e+06
1.545333333333333281e-01 1.839769216254316736e+06
1.546666666666666745e-01 1.841118570048819063e+06
1.548000000000000209e-01 1.841963131074723788e+06
1.549333333333333396e-01 1.838123883824076271e+06
1.550666666666666582e-01 1.837822062879046658e+06
1.552000000000000046e-01 1.837117281119536376e+06
1.553333333333333510e-01 1.833344987353205448e+06
1.554666666666666697e-01 1.829594980536815245e+06
1.556000000000000161e-01 1.830030608821114758e+06
1.557333333333333347e-01 1.829867211752569070e+06
1.558666666666666811e-01 1.831857269116671756e+06
1.559999999999999998e-01 1.831638106249634176e+06
1.561333333333333462e-01 1.831359654172572074e+06
1.562666666666666926e-01 1.832963247418777784e+06
1.564000000000000112e-01 1.833841110449902248e+06
1.565333333333333299e-01 1.832689390827183379e+06
1.566666666666666763e-01 1.832268553560399450e+06
1.568000000000000227e-01 1.831749117251240881e+06
1.569333333333333413e-01 1.833415441611908376e+06
1.570666666666666600e-01 1.832270196811824106e+06
1.572000000000000064e-01 1.830674445065306965e+06
1.573333333333333528e-01 1.831337059367064154e+06
1.574666666666666714e-01 1.834799498768943595e+06
1.575999999999999901e-01 1.833996293701561633e+06
1.577333333333333365e-01 1.833151641565127531e+06
1.578666666666666829e-01 1.831958118653308367e+06
1.580000000000000016e-01 1.832746767107570311e+06
1.581333333333333480e-01 1.831383525708172470e+06
1.582666666666666666e-01 1.830179094288405497e+06
1.584000000000000130e-01 1.830343770206422079e+06
1.585333333333333317e-01 1.829188647511718096e+06
1.586666666666666781e-01 1.829600151062156539e+06
1.588000000000000245e-01 1.830616433363898890e+06
1.589333333333333431e-01 1.830363209256726550e+06
1.590666666666666618e-01 1.829783941573452437e+06
1.592000000000000082e-01 1.832601426800027024e+06
1.593333333333333546e-01 1.834900246699545998e+06
1.594666666666666732e-01 1.836489749134207843e+06
1.595999999999999919e-01 1.835800592420208501e+06
1.597333333333333383e-01 1.835794058131052647e+06
1.598666666666666847e-01 1.834754673810667126e+06
1.600000000000000033e-01 1.834815164573632646e+06
1.601333333333333497e-01 1.833521845036701299e+06
1.602666666666666684e-01 1.833686154488203581e+06
1.604000000000000148e-01 1.832077558521183673e+06
1.605333333333333334e-01 1.831544727873211494e+06
1.606666666666666798e-01 1.831310747276883107e+06
1.607999999999999985e-01 1.830384818167254562e+06
1.609333333333333449e-01 1.829462040471430169e+06
1.610666666666666635e-01 1.830850961082356749e+06
1.612000000000000099e-01 1.829969165540327551e+06
1.613333333333333564e-01 1.832592904064639239e+06
1.614666666666666750e-01 1.831530688001781702e+06
1.615999999999999936e-01 1.829661713108929573e+06
1.617333333333333401e-01 1.828477938406379428e+06
1.618666666666666865e-01 1.824844882464879425e+06
1.620000000000000051e-01 1.827816865672427695e+06
1.621333333333333238e-01 1.829620109314381611e+06
1.622666666666666702e-01 1.831645903433773201e+06
1.624000000000000166e-01 1.832253562328252476e+06
1.625333333333333352e-01 1.832314558034993941e+06
1.626666666666666816e-01 1.832823010580476606e+06
1.628000000000000003e-01 1.832673767745380290e+06
1.629333333333333467e-01 1.832342212090664078e+06
1.630666666666666653e-01 1.832330280047835549e+06
1.632000000000000117e-01 1.833647129220006289e+06
1.633333333333333581e-01 1.832946036881598178e+06
1.634666666666666768e-01 1.830348888929262292e+06
1.635999999999999954e-01 1.832812702061986784e+06
1.637333333333333418e-01 1.833528094550466631e+06
1.638666666666666882e-01 1.832404454075164627e+06
1.640000000000000069e-01 1.829275317474841373e+06
1.641333333333333255e-01 1.828685680590253090e+06
1.642666666666666719e-01 1.829101129080132116e+06
1.644000000000000183e-01 1.827879320498015499e+06
1.645333333333333370e-01 1.826988004283089656e+06
1.646666666666666834e-01 1.830701439640243072e+06
1.648000000000000020e-01 1.832719075949060032e+06
1.649333333333333484e-01 1.833414498877920676e+06
1.650666666666666671e-01 1.833285440503148595e+06
1.652000000000000135e-01 1.832472331847954541e+06
1.653333333333333321e-01 1.830713378702745540e+06
1.654666666666666786e-01 1.828089598596641794e+06
1.655999999999999972e-01 1.825625449816064909e+06
1.657333333333333436e-01 1.823361770621609176e+06
1.658666666666666900e-01 1.825191240701727336e+06
1.660000000000000087e-01 1.823321333994313376e+06
1.661333333333333273e-01 1.823591256206373451e+06
1.662666666666666737e-01 1.825511247210302623e+06
1.664000000000000201e-01 1.827060394234285690e+06
1.665333333333333388e-01 1.826296943377650576e+06
