0.000000000000000000e+00 1.258087502719960175e+06
1.111111111111111029e-04 1.413122028087479295e+06
2.222222222222222058e-04 2.325854233309912961e+06
3.333333333333333222e-04 3.967772811507911887e+06
4.444444444444444115e-04 7.233704285931712948e+06
5.555555555555555551e-04 1.119596656651830114e+07
6.666666666666666444e-04 1.572421480161898956e+07
7.777777777777777337e-04 1.728503256910398602e+07
8.888888888888888231e-04 2.949336078352648020e+07
1.000000000000000021e-03 3.133037076368873566e+07
1.111111111111111110e-03 5.496870726702974737e+07
1.222222222222222199e-03 5.285017926546291262e+07
1.333333333333333289e-03 3.844991715651416034e+07
1.444444444444444378e-03 8.201254576712867618e+07
1.555555555555555467e-03 6.719030393037675321e+07
1.666666666666666774e-03 7.564948779022145271e+07
1.777777777777777646e-03 1.021594478203047365e+08
1.888888888888888735e-03 8.220122342810148001e+07
2.000000000000000042e-03 1.176120398231983185e+08
2.111111111111110914e-03 1.282314124398962110e+08
2.222222222222222220e-03 1.173589930956212282e+08
2.333333333333333526e-03 1.096379329446924329e+08
2.444444444444444399e-03 1.029423858084224612e+08
2.555555555555555271e-03 1.117827236442898661e+08
2.666666666666666578e-03 1.243479052727248520e+08
2.777777777777777884e-03 1.455573605736636519e+08
2.888888888888888756e-03 1.685314690606369972e+08
2.999999999999999629e-03 2.040076548625223041e+08
3.111111111111110935e-03 2.336779964997126758e+08
3.222222222222222241e-03 2.463881287979126275e+08
3.333333333333333547e-03 2.621844763362334669e+08
3.444444444444444420e-03 2.738752290817664266e+08
3.555555555555555292e-03 1.889326046037469804e+08
3.666666666666666598e-03 1.538227868157100976e+08
3.777777777777777471e-03 1.463980182509830296e+08
3.888888888888888343e-03 1.732944411074221432e+08
4.000000000000000083e-03 2.518229995750404000e+08
4.111111111111111389e-03 3.474274361149005294e+08
4.222222222222221828e-03 4.335580067187517881e+08
4.333333333333333134e-03 5.117333668739008307e+08
4.444444444444444441e-03 6.910611141839146614e+08
4.555555555555554879e-03 7.734002716783826351e+08
4.666666666666667053e-03 8.662991810202231407e+08
4.777777777777777492e-03 9.492600907916332483e+08
4.888888888888888798e-03 9.069475811153811216e+08
5.000000000000000104e-03 8.256938462007801533e+08
5.111111111111110543e-03 9.171883318160997629e+08
5.222222222222221849e-03 7.972577594881939888e+08
5.333333333333333155e-03 7.677609610534085035e+08
5.444444444444443594e-03 7.663277141208450794e+08
5.555555555555555768e-03 5.745116048432986736e+08
5.666666666666666206e-03 7.108823629697982073e+08
5.777777777777777513e-03 9.032015562570056915e+08
5.888888888888888819e-03 7.356130667797974348e+08
5.999999999999999258e-03 7.165735065853639841e+08
6.111111111111111431e-03 7.800348930510857105e+08
6.222222222222221870e-03 7.304578117071174383e+08
6.333333333333333176e-03 6.953071697275148630e+08
6.444444444444444482e-03 6.537253266735450029e+08
6.555555555555554921e-03 7.673938406824067831e+08
6.666666666666667095e-03 7.630361397934406996e+08
6.777777777777777533e-03 8.613169817959944010e+08
6.888888888888888840e-03 8.337147110219116211e+08
6.999999999999999278e-03 9.130589749560853243e+08
7.111111111111110585e-03 8.465684368548232317e+08
7.222222222222222758e-03 9.824481616175479889e+08
7.333333333333333197e-03 8.656515180304908752e+08
7.444444444444444503e-03 1.119867200634682417e+09
7.555555555555554942e-03 1.031147882167134643e+09
7.666666666666666248e-03 1.241860912865537167e+09
7.777777777777776687e-03 1.249092799539630651e+09
7.888888888888887993e-03 1.188712429429520369e+09
8.000000000000000167e-03 1.134499982841189384e+09
8.111111111111110605e-03 1.188420194788089991e+09
8.222222222222222779e-03 1.247670883302071810e+09
8.333333333333333218e-03 1.201078284746632099e+09
8.444444444444443656e-03 1.555596658209269524e+09
8.555555555555555830e-03 1.804012269409819126e+09
8.666666666666666269e-03 1.919037946993322611e+09
8.777777777777778442e-03 1.749030642435033798e+09
8.888888888888888881e-03 1.946311628720828295e+09
8.999999999999999320e-03 1.818543484004706383e+09
9.111111111111109759e-03 2.072027793181577206e+09
9.222222222222221932e-03 1.974987806001114845e+09
9.333333333333334106e-03 1.858483578487646103e+09
9.444444444444444545e-03 1.778974050492014647e+09
9.555555555555554983e-03 1.781598754697970390e+09
9.666666666666665422e-03 1.668349865088461876e+09
9.777777777777777596e-03 1.746450249492637157e+09
9.888888888888888035e-03 1.573244134585052252e+09
1.000000000000000021e-02 1.412032107406024694e+09
1.011111111111111065e-02 1.271992179172557354e+09
1.022222222222222109e-02 1.163516171270564795e+09
1.033333333333333326e-02 1.232771084991849422e+09
1.044444444444444370e-02 1.209134430622449875e+09
1.055555555555555414e-02 1.093420302091734648e+09
1.066666666666666631e-02 1.089963220338296175e+09
1.077777777777777675e-02 9.879257803216366768e+08
1.088888888888888719e-02 9.661598241885112524e+08
1.100000000000000110e-02 8.688764273830987215e+08
1.111111111111111154e-02 8.269624225088769197e+08
1.122222222222222197e-02 7.344335456044199467e+08
1.133333333333333241e-02 7.294381195265523195e+08
1.144444444444444459e-02 6.387670431668829918e+08
1.155555555555555503e-02 5.807429970069149733e+08
1.166666666666666546e-02 5.576949905535655022e+08
1.177777777777777764e-02 5.201658294873610735e+08
1.188888888888888808e-02 5.034938495207707882e+08
1.199999999999999852e-02 4.696294721485692859e+08
1.211111111111111242e-02 4.497405901901900172e+08
1.222222222222222286e-02 4.219805296489802003e+08
1.233333333333333330e-02 4.154530599587960839e+08
1.244444444444444374e-02 3.971098045594440699e+08
1.255555555555555591e-02 3.731414070656032562e+08
1.266666666666666635e-02 3.596297328420871496e+08
1.277777777777777679e-02 3.307190077617483139e+08
1.288888888888888896e-02 3.293915558237423301e+08
1.299999999999999940e-02 3.292740601317183971e+08
1.311111111111110984e-02 3.223191249087200761e+08
1.322222222222222028e-02 3.111372710775219798e+08
1.333333333333333419e-02 3.123017479175536036e+08
1.344444444444444463e-02 3.188940452950981259e+08
1.355555555555555507e-02 3.122469588480067849e+08
1.366666666666666724e-02 3.065962677057179809e+08
1.377777777777777768e-02 2.999357694646760821e+08
1.388888888888888812e-02 2.972280161785971522e+08
1.399999999999999856e-02 2.624915960355862081e+08
1.411111111111111073e-02 2.699684997674294114e+08
1.422222222222222117e-02 2.676198764051726162e+08
1.433333333333333161e-02 2.627379376536195278e+08
1.444444444444444552e-02 2.535778455945500731e+08
1.455555555555555595e-02 2.609892563289869130e+08
1.466666666666666639e-02 2.496549663767415583e+08
1.477777777777777683e-02 2.490931184338386059e+08
1.488888888888888901e-02 2.433032084806338549e+08
1.499999999999999944e-02 2.377537743501377404e+08
1.511111111111110988e-02 2.263185421269184947e+08
1.522222222222222206e-02 2.189232518362005055e+08
1.533333333333333250e-02 2.211090686859868467e+08
1.544444444444444293e-02 2.069146591870914996e+08
1.555555555555555337e-02 2.033210407801886797e+08
1.566666666666666555e-02 1.951762312633887827e+08
1.577777777777777599e-02 1.900613577760956883e+08
1.588888888888888642e-02 1.830622772828691602e+08
1.600000000000000033e-02 1.775889735202380121e+08
1.611111111111111077e-02 1.714508788800106347e+08
1.622222222222222121e-02 1.644766908891412020e+08
1.633333333333333165e-02 1.554767798487153947e+08
1.644444444444444556e-02 1.502133804466152787e+08
1.655555555555555600e-02 1.506394940494109094e+08
1.666666666666666644e-02 1.496790525388411283e+08
1.677777777777777687e-02 1.487553781065711677e+08
1.688888888888888731e-02 1.455316055276587605e+08
1.699999999999999775e-02 1.429639622018948793e+08
1.711111111111111166e-02 1.409818289946913123e+08
1.722222222222222210e-02 1.398806581253049672e+08
1.733333333333333254e-02 1.349198248280890584e+08
1.744444444444444298e-02 1.332229661081571132e+08
1.755555555555555688e-02 1.275240620209104717e+08
1.766666666666666732e-02 1.270339184517320395e+08
1.777777777777777776e-02 1.233914243220780492e+08
1.788888888888888820e-02 1.208442549275759906e+08
1.799999999999999864e-02 1.201746504535876364e+08
1.811111111111110908e-02 1.145174045996977091e+08
1.822222222222221952e-02 1.161061437302045524e+08
1.833333333333333343e-02 1.136501359843999445e+08
1.844444444444444386e-02 1.093868112173203975e+08
1.855555555555555430e-02 1.065830009790801257e+08
1.866666666666666821e-02 1.052076688247748911e+08
1.877777777777777865e-02 1.031694972655594349e+08
1.888888888888888909e-02 1.014329852306029648e+08
1.899999999999999953e-02 1.002378639358863235e+08
1.911111111111110997e-02 9.902645471407945454e+07
1.922222222222222041e-02 9.807641197238713503e+07
1.933333333333333084e-02 9.588045529193748534e+07
1.944444444444444475e-02 9.524751649075312912e+07
1.955555555555555519e-02 9.444596801887126267e+07
1.966666666666666563e-02 9.297791619028347731e+07
1.977777777777777607e-02 9.143321459876421094e+07
1.988888888888888998e-02 9.007953650293266773e+07
2.000000000000000042e-02 8.895198466884966195e+07
2.011111111111111086e-02 8.924605768283987045e+07
2.022222222222222129e-02 8.737428233553077281e+07
2.033333333333333173e-02 8.437652404892760515e+07
2.044444444444444217e-02 8.135879030865192413e+07
2.055555555555555261e-02 7.959105026453420520e+07
2.066666666666666652e-02 7.828651576096895337e+07
2.077777777777777696e-02 7.725903067189820111e+07
2.088888888888888740e-02 7.731223695553758740e+07
2.100000000000000130e-02 7.550169419383977354e+07
2.111111111111110827e-02 7.277358134293887019e+07
2.122222222222222218e-02 7.171658621202884614e+07
2.133333333333333262e-02 7.106636658748313785e+07
2.144444444444444306e-02 6.930577007756306231e+07
2.155555555555555350e-02 6.765408031475904584e+07
2.166666666666666741e-02 6.699450254865413904e+07
2.177777777777777438e-02 6.690624474880299717e+07
2.188888888888888828e-02 6.635976130590572953e+07
2.200000000000000219e-02 6.630838306491707265e+07
2.211111111111110916e-02 6.491705249836730212e+07
2.222222222222222307e-02 6.333308724037868530e+07
2.233333333333333351e-02 6.258403005174869299e+07
2.244444444444444395e-02 6.246597305324029177e+07
2.255555555555555439e-02 6.042351689128499478e+07
2.266666666666666483e-02 5.931586167592918873e+07
2.277777777777777526e-02 5.883100806431860477e+07
2.288888888888888917e-02 5.905005088664250821e+07
2.299999999999999614e-02 5.832083691890208423e+07
2.311111111111111005e-02 5.802950635362754017e+07
2.322222222222222396e-02 5.679842862503287941e+07
2.333333333333333093e-02 5.640041671576946974e+07
2.344444444444444484e-02 5.522276601251529157e+07
2.355555555555555527e-02 5.491998121719410270e+07
2.366666666666666571e-02 5.346233379494298249e+07
2.377777777777777615e-02 5.314736880991996825e+07
2.388888888888889006e-02 5.162907982923288643e+07
2.399999999999999703e-02 5.123003081592976302e+07
2.411111111111111094e-02 5.086593498266136646e+07
2.422222222222222485e-02 5.022444371356096864e+07
2.433333333333333182e-02 5.012765473788309842e+07
2.444444444444444572e-02 4.941924701378390938e+07
2.455555555555555269e-02 4.890921835520640016e+07
2.466666666666666660e-02 4.832326393433293700e+07
2.477777777777777704e-02 4.701899707452745736e+07
2.488888888888888748e-02 4.676232515499841422e+07
2.499999999999999792e-02 4.664966401493643969e+07
2.511111111111111183e-02 4.590001509172832966e+07
2.522222222222221880e-02 4.524978043416959047e+07
2.533333333333333270e-02 4.533617632494702935e+07
2.544444444444444661e-02 4.526059012390632927e+07
2.555555555555555358e-02 4.463417688399200886e+07
2.566666666666666749e-02 4.418857731004967541e+07
2.577777777777777793e-02 4.381402176840959489e+07
2.588888888888888837e-02 4.341306617769361287e+07
2.599999999999999881e-02 4.281373260665614158e+07
2.611111111111110925e-02 4.105539937997466326e+07
2.622222222222221968e-02 4.136833121108472347e+07
2.633333333333333359e-02 4.085138787637414783e+07
2.644444444444444056e-02 3.982887393300495297e+07
2.655555555555555447e-02 4.018573722928533703e+07
2.666666666666666838e-02 4.003029396642796695e+07
2.677777777777777535e-02 3.959328577786827087e+07
2.688888888888888926e-02 3.950731150956605375e+07
2.699999999999999969e-02 3.877540734259699285e+07
2.711111111111111013e-02 3.899814977094407380e+07
2.722222222222222057e-02 3.850810515278819203e+07
2.733333333333333448e-02 3.776889392186400294e+07
2.744444444444444145e-02 3.798322603037544340e+07
2.755555555555555536e-02 3.724391839633750916e+07
2.766666666666666233e-02 3.675935380161515623e+07
2.777777777777777624e-02 3.589961701985611767e+07
2.788888888888889014e-02 3.525097050202740729e+07
2.799999999999999711e-02 3.491710867996729165e+07
2.811111111111111102e-02 3.507185415972348303e+07
2.822222222222222146e-02 3.499086912902673334e+07
2.833333333333333190e-02 3.442975647998226434e+07
2.844444444444444234e-02 3.382269590479370207e+07
2.855555555555555625e-02 3.343510609814815968e+07
2.866666666666666322e-02 3.365107470845022053e+07
2.877777777777777712e-02 3.290110923125837743e+07
2.888888888888889103e-02 3.291638369503861666e+07
2.899999999999999800e-02 3.219259762392217293e+07
2.911111111111111191e-02 3.217115623604643345e+07
2.922222222222222235e-02 3.186374410106983036e+07
2.933333333333333279e-02 3.170724898298818246e+07
2.944444444444444323e-02 3.104926562846357748e+07
2.955555555555555367e-02 3.105373813405082002e+07
2.966666666666666410e-02 3.086851060284745321e+07
2.977777777777777801e-02 3.093732014044361934e+07
2.988888888888888498e-02 3.038607678964411095e+07
2.999999999999999889e-02 3.000471982254307345e+07
3.011111111111111280e-02 2.941690014468839020e+07
3.022222222222221977e-02 2.915599683296926320e+07
3.033333333333333368e-02 2.891092453637449816e+07
3.044444444444444411e-02 2.861383257158521563e+07
3.055555555555555455e-02 2.864675033870635927e+07
3.066666666666666499e-02 2.793904319523667917e+07
3.077777777777777890e-02 2.784324274306467921e+07
3.088888888888888587e-02 2.720580438091754541e+07
3.099999999999999978e-02 2.706631686933038384e+07
3.111111111111110675e-02 2.691003660099140182e+07
3.122222222222222066e-02 2.700013123927500844e+07
3.133333333333333109e-02 2.708569471342650801e+07
3.144444444444444153e-02 2.685157493041579053e+07
3.155555555555555197e-02 2.642315701854263619e+07
3.166666666666666935e-02 2.628547604738486931e+07
3.177777777777777285e-02 2.594882580070570111e+07
3.188888888888889023e-02 2.581173065553075075e+07
3.200000000000000067e-02 2.559811426332376525e+07
3.211111111111111110e-02 2.539902266870453581e+07
3.222222222222222154e-02 2.487143175620208681e+07
3.233333333333333198e-02 2.473448379835054651e+07
3.244444444444444242e-02 2.461812214642974362e+07
3.255555555555555286e-02 2.447917940006044134e+07
3.266666666666666330e-02 2.421977590038763359e+07
3.277777777777777374e-02 2.413153110409440100e+07
3.288888888888889112e-02 2.395932980780900270e+07
3.299999999999999462e-02 2.368157881460781768e+07
3.311111111111111199e-02 2.367593086418342218e+07
3.322222222222222243e-02 2.333557571689150110e+07
3.333333333333333287e-02 2.290601382724102959e+07
3.344444444444444331e-02 2.289395521407190710e+07
3.355555555555555375e-02 2.286487178676289693e+07
3.366666666666666419e-02 2.273736633088290319e+07
3.377777777777777463e-02 2.267750881853474677e+07
3.388888888888889200e-02 2.245643091564456746e+07
3.399999999999999550e-02 2.218502234618285298e+07
3.411111111111111288e-02 2.213954387745577097e+07
3.422222222222222332e-02 2.189552037539413199e+07
3.433333333333333376e-02 2.150163723336507380e+07
3.444444444444444420e-02 2.123355675180780515e+07
3.455555555555555464e-02 2.113493174796508998e+07
3.466666666666666508e-02 2.096778673040886596e+07
3.477777777777777551e-02 2.089756001977168396e+07
3.488888888888888595e-02 2.067772454402584583e+07
3.499999999999999639e-02 2.054597377673150599e+07
3.511111111111111377e-02 2.020939821893226728e+07
3.522222222222221727e-02 2.010918107279160991e+07
3.533333333333333465e-02 1.997130257972533256e+07
3.544444444444444509e-02 1.976323085732888430e+07
3.555555555555555552e-02 1.971872884692436084e+07
3.566666666666666596e-02 1.953505777233926207e+07
3.577777777777777640e-02 1.951023202127441764e+07
3.588888888888888684e-02 1.939016707504897192e+07
3.599999999999999728e-02 1.919863065756423399e+07
3.611111111111110772e-02 1.924194393320433050e+07
3.622222222222221816e-02 1.900365716710039601e+07
3.633333333333333554e-02 1.886839751031767949e+07
3.644444444444443904e-02 1.880437845963193476e+07
3.655555555555555641e-02 1.863839148338181898e+07
3.666666666666666685e-02 1.846969702550073341e+07
3.677777777777777729e-02 1.841665847229727358e+07
3.688888888888888773e-02 1.830943615575103462e+07
3.699999999999999817e-02 1.802521958402641490e+07
3.711111111111110861e-02 1.782586635948832333e+07
3.722222222222221905e-02 1.776820886004930735e+07
3.733333333333333642e-02 1.776744632840618491e+07
3.744444444444443992e-02 1.766068329182581231e+07
3.755555555555555730e-02 1.741989962382710725e+07
3.766666666666666080e-02 1.724517206630570814e+07
3.777777777777777818e-02 1.715616205797910318e+07
3.788888888888888862e-02 1.719712797754272819e+07
3.799999999999999906e-02 1.709451171335990354e+07
3.811111111111110950e-02 1.706753465667035058e+07
3.822222222222221993e-02 1.684711018297910690e+07
3.833333333333333037e-02 1.676276343189586140e+07
3.844444444444444081e-02 1.663930948577237874e+07
3.855555555555555819e-02 1.677320448825212382e+07
3.866666666666666169e-02 1.658593108659958839e+07
3.877777777777777907e-02 1.638833970266780816e+07
3.888888888888888951e-02 1.638257368996984139e+07
3.899999999999999994e-02 1.634700494973498024e+07
3.911111111111111038e-02 1.624170108782451786e+07
3.922222222222222082e-02 1.608319392002820224e+07
3.933333333333333126e-02 1.602370119589295052e+07
3.944444444444444170e-02 1.585341787161795422e+07
3.955555555555555214e-02 1.574050917453969643e+07
3.966666666666666258e-02 1.567720715024793893e+07
3.977777777777777996e-02 1.551489117653231882e+07
3.988888888888888345e-02 1.538564763356933929e+07
4.000000000000000083e-02 1.523986270183604024e+07
4.011111111111111127e-02 1.514094877441637963e+07
4.022222222222222171e-02 1.513811287268568203e+07
4.033333333333333215e-02 1.511129496666023694e+07
4.044444444444444259e-02 1.503092024596691690e+07
4.055555555555555303e-02 1.491162173988607526e+07
4.066666666666666347e-02 1.476538353256279230e+07
4.077777777777778084e-02 1.471129375357097387e+07
4.088888888888888434e-02 1.465725673589214496e+07
4.100000000000000172e-02 1.448478607534016110e+07
4.111111111111110522e-02 1.436709824773293547e+07
4.122222222222222260e-02 1.425689126065078378e+07
4.133333333333333304e-02 1.420520129741317779e+07
4.144444444444444348e-02 1.418265673158099316e+07
4.155555555555555391e-02 1.411366532145370357e+07
4.166666666666666435e-02 1.400017283658322506e+07
4.177777777777777479e-02 1.385949610892786831e+07
4.188888888888888523e-02 1.377143887411770038e+07
4.200000000000000261e-02 1.367601741902936436e+07
4.211111111111110611e-02 1.354615780002422445e+07
4.222222222222221655e-02 1.345622016501192376e+07
4.233333333333333393e-02 1.335989364244518615e+07
4.244444444444444436e-02 1.323772924126321264e+07
4.255555555555554786e-02 1.321182058858353645e+07
4.266666666666666524e-02 1.316342065502922609e+07
4.277777777777777568e-02 1.310483688670989871e+07
4.288888888888888612e-02 1.299499202703796141e+07
4.300000000000000350e-02 1.284500022919594683e+07
4.311111111111110700e-02 1.276215428244972602e+07
4.322222222222221744e-02 1.266768635990572162e+07
4.333333333333333481e-02 1.263769780799785443e+07
4.344444444444444525e-02 1.260176320845249668e+07
4.355555555555554875e-02 1.258463021994912811e+07
4.366666666666666613e-02 1.262981169635802321e+07
4.377777777777777657e-02 1.259910141878260672e+07
4.388888888888888701e-02 1.253141733303043991e+07
4.400000000000000439e-02 1.251578934338678792e+07
4.411111111111110789e-02 1.231363888232078217e+07
4.422222222222221832e-02 1.221132088184452429e+07
4.433333333333333570e-02 1.210483083258925378e+07
4.444444444444444614e-02 1.196780447690499574e+07
4.455555555555554964e-02 1.195771579081124254e+07
4.466666666666666702e-02 1.184872842150685005e+07
4.477777777777777746e-02 1.184221352400462888e+07
4.488888888888888790e-02 1.177722438802876510e+07
4.500000000000000527e-02 1.179458701731913723e+07
4.511111111111110877e-02 1.172698236009861529e+07
4.522222222222221921e-02 1.181225486573048308e+07
4.533333333333332965e-02 1.180540529763497598e+07
4.544444444444444703e-02 1.163850755157505162e+07
4.555555555555555053e-02 1.153051376556742750e+07
4.566666666666666097e-02 1.148949603815799579e+07
4.577777777777777835e-02 1.140536081895765103e+07
4.588888888888888878e-02 1.138852073425785452e+07
4.599999999999999228e-02 1.141869664151804894e+07
4.611111111111110966e-02 1.141782709570387751e+07
4.622222222222222010e-02 1.145571894848489761e+07
4.633333333333333054e-02 1.137006938606069237e+07
4.644444444444444792e-02 1.126358075838777050e+07
4.655555555555555142e-02 1.118195375599649549e+07
4.666666666666666186e-02 1.107674995728451386e+07
4.677777777777777923e-02 1.103919576596878469e+07
4.688888888888888967e-02 1.099619787824389897e+07
4.699999999999999317e-02 1.090743969173411466e+07
4.711111111111111055e-02 1.084751889673549496e+07
4.722222222222222099e-02 1.084660284552649036e+07
4.733333333333333143e-02 1.087529269223889895e+07
4.744444444444444881e-02 1.075626569741038792e+07
4.755555555555555231e-02 1.071479098069808260e+07
4.766666666666666274e-02 1.077410664048017934e+07
4.777777777777778012e-02 1.066569755569487810e+07
4.788888888888889056e-02 1.061878565915113874e+07
4.799999999999999406e-02 1.059434726760949008e+07
4.811111111111111144e-02 1.057432528041629307e+07
4.822222222222222188e-02 1.056174695762189105e+07
4.833333333333333232e-02 1.052497733495200798e+07
4.844444444444444969e-02 1.044924630155266449e+07
4.855555555555555319e-02 1.035077919369914196e+07
4.866666666666666363e-02 1.033264782290469855e+07
4.877777777777777407e-02 1.033705899431975372e+07
4.888888888888889145e-02 1.031336947899307869e+07
4.899999999999999495e-02 1.024327513041263632e+07
4.911111111111110539e-02 1.011844353865580633e+07
4.922222222222222276e-02 1.001343528549674340e+07
4.933333333333333320e-02 9.967032598633039743e+06
4.944444444444443670e-02 9.920594352877015248e+06
4.955555555555555408e-02 9.855108222666690126e+06
4.966666666666666452e-02 9.861298499492729083e+06
4.977777777777777496e-02 9.787016021935844794e+06
4.988888888888889234e-02 9.724385762336591259e+06
4.999999999999999584e-02 9.670335150333227590e+06
5.011111111111110628e-02 9.541948868149712682e+06
5.022222222222222365e-02 9.442684128042776138e+06
5.033333333333333409e-02 9.475614417487325147e+06
5.044444444444443759e-02 9.512285172777799889e+06
5.055555555555555497e-02 9.440883324317844585e+06
5.066666666666666541e-02 9.378252604694256559e+06
5.077777777777777585e-02 9.390186003326870501e+06
5.088888888888889322e-02 9.383475430470908061e+06
5.099999999999999672e-02 9.366377876813553274e+06
5.111111111111110716e-02 9.204075826488986611e+06
5.122222222222222454e-02 9.114423370477396995e+06
5.133333333333333498e-02 9.073142226131828502e+06
5.144444444444443848e-02 9.103106070192292333e+06
5.155555555555555586e-02 9.044916143010573462e+06
5.166666666666666630e-02 8.981312158732820302e+06
5.177777777777777674e-02 8.953780593457175419e+06
5.188888888888888024e-02 8.895236613712638617e+06
5.199999999999999761e-02 8.850750644124520943e+06
5.211111111111110805e-02 8.793120878765642643e+06
5.222222222222221849e-02 8.754702066987231374e+06
5.233333333333333587e-02 8.775055990237988532e+06
5.244444444444443937e-02 8.756026377695247531e+06
5.255555555555554981e-02 8.707230952745923772e+06
5.266666666666666718e-02 8.678670997054457664e+06
5.277777777777777762e-02 8.620377983841253445e+06
5.288888888888888112e-02 8.612160756644409150e+06
5.299999999999999850e-02 8.594311956765484065e+06
5.311111111111110894e-02 8.495348664564009756e+06
5.322222222222221938e-02 8.458821615242581815e+06
5.333333333333333676e-02 8.436198156694203615e+06
5.344444444444444026e-02 8.421727131086599082e+06
5.355555555555555070e-02 8.393047829702340066e+06
5.366666666666666807e-02 8.337491883869622834e+06
5.377777777777777851e-02 8.315974246266508475e+06
5.388888888888888201e-02 8.307675259902102873e+06
5.399999999999999939e-02 8.233011023641384207e+06
5.411111111111110983e-02 8.210043732637455687e+06
5.422222222222222027e-02 8.178029241096748970e+06
5.433333333333333764e-02 8.130654202376087196e+06
5.444444444444444114e-02 8.048826348768595606e+06
5.455555555555555158e-02 8.030701841830232181e+06
5.466666666666666896e-02 8.011050043714533560e+06
5.477777777777777940e-02 8.008431897520291619e+06
5.488888888888888290e-02 8.005988286020666361e+06
5.500000000000000028e-02 8.002375013454879634e+06
5.511111111111111072e-02 7.977692712404261343e+06
5.522222222222222116e-02 7.967687515399176627e+06
5.533333333333332466e-02 7.900296375534102321e+06
5.544444444444444203e-02 7.900313048361573368e+06
5.555555555555555247e-02 7.857901878929893486e+06
5.566666666666666291e-02 7.862446250967084430e+06
5.577777777777778029e-02 7.830533366201017983e+06
5.588888888888888379e-02 7.814363935649254359e+06
5.599999999999999423e-02 7.743193597356327809e+06
5.611111111111111160e-02 7.678975151498245075e+06
5.622222222222222204e-02 7.622810086018832400e+06
5.633333333333332554e-02 7.601476477565298788e+06
5.644444444444444292e-02 7.516174040662674233e+06
5.655555555555555336e-02 7.478663735417139716e+06
5.666666666666666380e-02 7.473282804459018633e+06
5.677777777777778118e-02 7.525908077916181646e+06
5.688888888888888468e-02 7.505027351109483279e+06
5.699999999999999512e-02 7.477999069579989649e+06
5.711111111111111249e-02 7.450901975655459799e+06
5.722222222222222293e-02 7.416413401835900731e+06
5.733333333333332643e-02 7.386451025346044451e+06
5.744444444444444381e-02 7.324411275532372296e+06
5.755555555555555425e-02 7.303990048582319170e+06
5.766666666666666469e-02 7.276484383346760646e+06
5.777777777777778206e-02 7.222297192463722080e+06
5.788888888888888556e-02 7.233645449430620298e+06
5.799999999999999600e-02 7.231850299182253890e+06
5.811111111111111338e-02 7.230282826051502489e+06
5.822222222222222382e-02 7.208202356878653169e+06
5.833333333333332732e-02 7.177735422868295573e+06
5.844444444444444470e-02 7.138960243071805686e+06
5.855555555555555514e-02 7.090259293268399313e+06
5.866666666666666557e-02 7.031275077647540718e+06
5.877777777777776907e-02 7.009226160268186592e+06
5.888888888888888645e-02 6.961071683615902439e+06
5.899999999999999689e-02 6.941490223456363194e+06
5.911111111111110733e-02 6.922202042500728741e+06
5.922222222222222471e-02 6.884739951839245856e+06
5.933333333333332821e-02 6.878499051690074615e+06
5.944444444444443865e-02 6.868666419898303226e+06
5.955555555555555602e-02 6.836665078794550151e+06
5.966666666666666646e-02 6.838892774013678543e+06
5.977777777777776996e-02 6.845645649635832757e+06
5.988888888888888734e-02 6.802189047638199292e+06
5.999999999999999778e-02 6.788616500748795457e+06
6.011111111111110822e-02 6.791103327848413028e+06
6.022222222222222560e-02 6.732437385036086664e+06
6.033333333333332910e-02 6.743765920947782695e+06
6.044444444444443953e-02 6.713946797866908833e+06
6.055555555555555691e-02 6.660194100804955699e+06
6.066666666666666735e-02 6.641678382101245224e+06
6.077777777777777085e-02 6.590804318909597583e+06
6.088888888888888823e-02 6.572923563726312481e+06
6.099999999999999867e-02 6.576029156122095883e+06
6.111111111111110911e-02 6.581108034620299004e+06
6.122222222222222648e-02 6.551290663404010236e+06
6.133333333333332998e-02 6.526384866486062296e+06
6.144444444444444042e-02 6.494893912126635201e+06
6.155555555555555780e-02 6.482555472934486344e+06
6.166666666666666824e-02 6.475863728259022348e+06
6.177777777777777174e-02 6.460557001788710244e+06
6.188888888888888912e-02 6.454207999372927472e+06
6.199999999999999956e-02 6.435493913086192682e+06
6.211111111111110999e-02 6.424764363180779852e+06
6.222222222222221349e-02 6.466167507226826623e+06
6.233333333333333087e-02 6.455496608106162399e+06
6.244444444444444131e-02 6.406786917904955335e+06
6.255555555555554481e-02 6.374548105329335667e+06
6.266666666666666219e-02 6.354395424880933017e+06
6.277777777777777957e-02 6.339644791264857166e+06
6.288888888888888307e-02 6.335372013883391395e+06
6.300000000000000044e-02 6.307532880042843521e+06
6.311111111111110394e-02 6.297922626059263945e+06
6.322222222222222132e-02 6.227963708968980238e+06
6.333333333333333870e-02 6.190204272109143436e+06
6.344444444444444220e-02 6.166397513665070757e+06
6.355555555555554570e-02 6.134773167561817914e+06
6.366666666666666308e-02 6.119025050176869147e+06
6.377777777777778045e-02 6.109639059884615242e+06
6.388888888888888395e-02 6.066817292921062559e+06
6.400000000000000133e-02 6.051619079261759296e+06
6.411111111111110483e-02 6.061111805880686268e+06
6.422222222222222221e-02 6.057795833586263470e+06
6.433333333333333959e-02 6.018429140162622556e+06
6.444444444444444309e-02 6.008338404571289197e+06
6.455555555555554659e-02 6.017496919484065846e+06
6.466666666666666397e-02 5.999077594696775079e+06
6.477777777777778134e-02 5.982815340425740927e+06
6.488888888888888484e-02 5.934294539941636845e+06
6.500000000000000222e-02 5.907277641268142499e+06
6.511111111111110572e-02 5.892085571768018417e+06
6.522222222222222310e-02 5.854047592625800520e+06
6.533333333333332660e-02 5.833544128554118797e+06
6.544444444444444398e-02 5.821173199837939814e+06
6.555555555555554748e-02 5.776008148775413632e+06
6.566666666666666485e-02 5.754981447822530754e+06
6.577777777777778223e-02 5.748390716834600084e+06
6.588888888888888573e-02 5.716231060810684226e+06
6.599999999999998923e-02 5.662286539152462967e+06
6.611111111111110661e-02 5.625806488883785903e+06
6.622222222222222399e-02 5.607353396055462770e+06
6.633333333333332749e-02 5.594563790532028303e+06
6.644444444444444486e-02 5.559557000610291958e+06
6.655555555555554836e-02 5.574024660201111808e+06
6.666666666666666574e-02 5.561334607422178611e+06
6.677777777777778312e-02 5.540521777665379457e+06
6.688888888888888662e-02 5.535177009031955153e+06
6.699999999999999012e-02 5.537222621428896673e+06
6.711111111111110750e-02 5.537129132475635037e+06
6.722222222222222487e-02 5.525254746154395863e+06
6.733333333333332837e-02 5.509703284760360606e+06
6.744444444444444575e-02 5.461593964323565364e+06
6.755555555555554925e-02 5.454045244266476482e+06
6.766666666666666663e-02 5.428561611898584291e+06
6.777777777777778401e-02 5.386109114838295616e+06
6.788888888888888751e-02 5.358298710871803574e+06
6.799999999999999101e-02 5.338633792547147721e+06
6.811111111111110838e-02 5.308571211236737669e+06
6.822222222222222576e-02 5.313981320770449936e+06
6.833333333333332926e-02 5.299622194502711296e+06
6.844444444444444664e-02 5.292275602641498670e+06
6.855555555555555014e-02 5.298298873199952766e+06
6.866666666666666752e-02 5.278984756486333907e+06
6.877777777777777102e-02 5.279722854174759239e+06
6.888888888888888840e-02 5.238633129325506277e+06
6.899999999999999190e-02 5.234174846124592237e+06
6.911111111111110927e-02 5.213401749849393964e+06
6.922222222222222665e-02 5.188951859985030256e+06
6.933333333333333015e-02 5.177514202946542762e+06
6.944444444444443365e-02 5.188530721900462173e+06
6.955555555555555103e-02 5.188588504582975060e+06
6.966666666666666841e-02 5.190629006767837331e+06
6.977777777777777191e-02 5.173077909436205402e+06
6.988888888888888928e-02 5.144415238955426030e+06
6.999999999999999278e-02 5.133029043517350219e+06
7.011111111111111016e-02 5.141834308115699328e+06
7.022222222222222754e-02 5.133658918504598550e+06
7.033333333333333104e-02 5.107139605276308954e+06
7.044444444444443454e-02 5.084936649247981608e+06
7.055555555555555192e-02 5.088470674017745070e+06
7.066666666666666929e-02 5.071890218776042573e+06
7.077777777777777279e-02 5.043320690246697515e+06
7.088888888888889017e-02 5.037580132686085068e+06
7.099999999999999367e-02 5.005290063573661260e+06
7.111111111111111105e-02 5.011167437802270055e+06
7.122222222222222843e-02 4.997762745090162382e+06
7.133333333333333193e-02 5.008734050155537203e+06
7.144444444444443543e-02 4.993924541173105128e+06
7.155555555555555280e-02 4.996945580632420257e+06
7.166666666666667018e-02 4.979627023752959445e+06
7.177777777777777368e-02 4.981871403524677269e+06
7.188888888888889106e-02 4.950250960884922184e+06
7.199999999999999456e-02 4.952593543064760044e+06
7.211111111111111194e-02 4.942413296595608816e+06
7.222222222222221544e-02 4.920319584586833604e+06
7.233333333333333282e-02 4.898596676196185872e+06
7.244444444444443632e-02 4.892610882754193619e+06
7.255555555555555369e-02 4.853130201886855997e+06
7.266666666666667107e-02 4.836058351151732728e+06
7.277777777777777457e-02 4.839645413713213056e+06
7.288888888888887807e-02 4.825938877863874659e+06
7.299999999999999545e-02 4.827464798916785978e+06
7.311111111111111283e-02 4.811562364628197625e+06
7.322222222222221633e-02 4.781048855891083367e+06
7.333333333333333370e-02 4.754483680328968912e+06
7.344444444444443720e-02 4.733836017817834392e+06
7.355555555555555458e-02 4.710936399701766670e+06
7.366666666666667196e-02 4.711949907278146595e+06
7.377777777777777546e-02 4.703058514895078726e+06
7.388888888888887896e-02 4.683941466768417507e+06
7.399999999999999634e-02 4.690248366793532856e+06
7.411111111111111371e-02 4.688693117675094865e+06
7.422222222222221721e-02 4.691202266998885199e+06
7.433333333333333459e-02 4.689362270832660608e+06
7.444444444444443809e-02 4.664988313032533973e+06
7.455555555555555547e-02 4.651460717399808578e+06
7.466666666666667285e-02 4.645328067408982664e+06
7.477777777777777635e-02 4.645755053563709371e+06
7.488888888888887985e-02 4.616550166132473387e+06
7.499999999999999722e-02 4.611774466334867291e+06
7.511111111111111460e-02 4.583496258632575162e+06
7.522222222222221810e-02 4.551244971680816263e+06
7.533333333333332160e-02 4.546519004603420384e+06
7.544444444444443898e-02 4.517023538946862333e+06
7.555555555555555636e-02 4.511633952212946489e+06
7.566666666666665986e-02 4.515363201556229964e+06
7.577777777777777724e-02 4.513803704135859385e+06
7.588888888888888073e-02 4.504137658401967026e+06
7.599999999999999811e-02 4.485378895089437254e+06
7.611111111111111549e-02 4.484847973538737744e+06
7.622222222222221899e-02 4.471565286831445992e+06
7.633333333333332249e-02 4.473726084008200094e+06
7.644444444444443987e-02 4.455018422155220062e+06
7.655555555555555725e-02 4.423635352137301117e+06
7.666666666666666075e-02 4.424021560884718783e+06
7.677777777777777812e-02 4.441443089492195286e+06
7.688888888888888162e-02 4.435770004955510609e+06
7.699999999999999900e-02 4.457328756284177303e+06
7.711111111111111638e-02 4.460399663523450494e+06
7.722222222222221988e-02 4.452576212844963185e+06
7.733333333333332338e-02 4.448303716048064642e+06
7.744444444444444076e-02 4.391050105331596918e+06
7.755555555555555813e-02 4.362439358682766557e+06
7.766666666666666163e-02 4.339500895735302009e+06
7.777777777777777901e-02 4.336498710199876688e+06
7.788888888888888251e-02 4.347356917941368185e+06
7.799999999999999989e-02 4.327347298815771006e+06
7.811111111111111727e-02 4.335319922524392605e+06
7.822222222222222077e-02 4.329642546843294986e+06
7.833333333333332427e-02 4.318864639705223963e+06
7.844444444444444164e-02 4.284647085825049318e+06
7.855555555555555902e-02 4.311866957539550960e+06
7.866666666666666252e-02 4.290315713881292380e+06
7.877777777777776602e-02 4.276966956390572712e+06
7.888888888888888340e-02 4.303931160025437362e+06
7.900000000000000078e-02 4.328053696518490091e+06
7.911111111111110428e-02 4.307434115519495681e+06
7.922222222222222165e-02 4.292654134056940675e+06
7.933333333333332515e-02 4.270446734733067453e+06
7.944444444444444253e-02 4.244722050987862982e+06
7.955555555555555991e-02 4.238290526655931026e+06
7.966666666666666341e-02 4.216044206664555706e+06
7.977777777777776691e-02 4.211623146876314655e+06
7.988888888888888429e-02 4.202663129972908646e+06
8.000000000000000167e-02 4.143965830030682962e+06
8.011111111111110517e-02 4.139585664217926096e+06
8.022222222222222254e-02 4.131654554741147906e+06
8.033333333333332604e-02 4.105136939167800825e+06
8.044444444444444342e-02 4.129057622270356864e+06
8.055555555555556080e-02 4.110848120552300476e+06
8.066666666666666430e-02 4.077494120805534534e+06
8.077777777777776780e-02 4.117307692695266102e+06
8.088888888888888518e-02 4.096850257787825540e+06
8.100000000000000255e-02 4.071418954015466850e+06
8.111111111111110605e-02 4.122664592529364396e+06
8.122222222222222343e-02 4.099530381472556852e+06
8.133333333333332693e-02 4.098962401508493815e+06
8.144444444444444431e-02 4.063976113415712025e+06
8.155555555555556169e-02 4.040359737061376683e+06
8.166666666666666519e-02 4.045560652641934343e+06
8.177777777777776869e-02 4.020819914532873314e+06
8.188888888888888606e-02 4.005504832549580373e+06
8.200000000000000344e-02 4.010948004587514326e+06
8.211111111111110694e-02 4.002516892300269101e+06
8.222222222222221044e-02 3.971623441318961792e+06
8.233333333333332782e-02 3.983456685218243860e+06
8.244444444444444520e-02 3.955673504584662151e+06
8.255555555555554870e-02 3.923521997065475676e+06
8.266666666666666607e-02 3.912118949047731236e+06
8.277777777777776957e-02 3.900294138672873378e+06
8.288888888888888695e-02 3.885316482819076162e+06
8.300000000000000433e-02 3.885352649383370765e+06
8.311111111111110783e-02 3.928426230461179279e+06
8.322222222222221133e-02 3.934997109681267291e+06
8.333333333333332871e-02 3.931267587491875980e+06
8.344444444444444609e-02 3.938357295927072410e+06
8.355555555555554959e-02 3.893205482892241329e+06
8.366666666666666696e-02 3.879123826067503076e+06
8.377777777777777046e-02 3.858109943845573813e+06
8.388888888888888784e-02 3.834876534057654440e+06
8.400000000000000522e-02 3.837623112922798377e+06
8.411111111111109484e-02 3.827238851602033246e+06
8.422222222222221222e-02 3.808876964974892791e+06
8.433333333333332960e-02 3.802961518746696878e+06
8.444444444444443310e-02 3.809438683115047868e+06
8.455555555555555047e-02 3.778333855549233034e+06
8.466666666666666785e-02 3.755369565203039907e+06
8.477777777777777135e-02 3.746245381986224558e+06
8.488888888888888873e-02 3.755971440566764679e+06
8.500000000000000611e-02 3.736515305018285755e+06
8.511111111111109573e-02 3.698805506755234208e+06
8.522222222222221311e-02 3.720875288465227000e+06
8.533333333333333048e-02 3.705915303779014852e+06
8.544444444444443398e-02 3.667796501972792204e+06
8.555555555555555136e-02 3.670754465637825429e+06
8.566666666666666874e-02 3.654727469879998825e+06
8.577777777777777224e-02 3.651489036564600654e+06
8.588888888888888962e-02 3.645814308920855634e+06
8.600000000000000699e-02 3.665862807026600931e+06
8.611111111111109662e-02 3.658075837987762876e+06
8.622222222222221399e-02 3.638349752707288601e+06
8.633333333333333137e-02 3.629171716902453452e+06
8.644444444444443487e-02 3.627140036151837092e+06
8.655555555555555225e-02 3.607315164541522972e+06
8.666666666666666963e-02 3.591581330203093588e+06
8.677777777777777313e-02 3.600757533629919868e+06
8.688888888888889050e-02 3.576368578979019541e+06
8.700000000000000788e-02 3.547736365341200493e+06
8.711111111111109750e-02 3.570853747134235688e+06
8.722222222222221488e-02 3.568218608559272718e+06
8.733333333333333226e-02 3.592213045906131156e+06
8.744444444444443576e-02 3.583487975270149764e+06
8.755555555555555314e-02 3.582276312774741091e+06
8.766666666666667052e-02 3.571714142755990848e+06
8.777777777777777402e-02 3.558230776329456363e+06
8.788888888888889139e-02 3.556908552003297023e+06
8.800000000000000877e-02 3.567821541306465399e+06
8.811111111111109839e-02 3.575094552724053152e+06
8.822222222222221577e-02 3.558857566696756054e+06
8.833333333333333315e-02 3.549665891214795876e+06
8.844444444444443665e-02 3.552815238561629783e+06
8.855555555555555403e-02 3.539857407115638256e+06
8.866666666666667140e-02 3.527161957456429489e+06
8.877777777777777490e-02 3.543524173260733020e+06
8.888888888888889228e-02 3.554065209648432210e+06
8.900000000000000966e-02 3.547080424603742547e+06
8.911111111111109928e-02 3.555220684354745783e+06
8.922222222222221666e-02 3.531993630020171870e+06
8.933333333333333404e-02 3.532314184030256700e+06
8.944444444444443754e-02 3.504450794747022912e+06
8.955555555555555491e-02 3.477986661059492733e+06
8.966666666666667229e-02 3.463827217038888484e+06
8.977777777777777579e-02 3.438674947012627497e+06
8.988888888888889317e-02 3.459095523550004698e+06
9.000000000000001055e-02 3.463345175692596473e+06
9.011111111111110017e-02 3.466399594112677034e+06
9.022222222222221755e-02 3.489168344143051188e+06
9.033333333333333492e-02 3.472805123255525250e+06
9.044444444444443842e-02 3.446933905562164728e+06
9.055555555555555580e-02 3.427958254647114780e+06
9.066666666666665930e-02 3.408215682589577511e+06
9.077777777777777668e-02 3.422458048493608832e+06
9.088888888888889406e-02 3.430821275970632676e+06
9.099999999999998368e-02 3.398190407535250299e+06
9.111111111111110106e-02 3.355370254763516132e+06
9.122222222222221844e-02 3.344780397296874318e+06
9.133333333333332194e-02 3.365048101045513991e+06
9.144444444444443931e-02 3.347599522162032779e+06
9.155555555555555669e-02 3.323667886372147594e+06
9.166666666666666019e-02 3.322957591952569317e+06
9.177777777777777757e-02 3.310937066276641563e+06
9.188888888888889495e-02 3.281035797969277017e+06
9.199999999999998457e-02 3.271134369651610963e+06
9.211111111111110195e-02 3.253824543266728055e+06
9.222222222222221932e-02 3.224015973804432433e+06
9.233333333333332282e-02 3.222193026422089431e+06
9.244444444444444020e-02 3.247825699946488254e+06
9.255555555555555758e-02 3.236553488759138156e+06
9.266666666666666108e-02 3.221094499957054388e+06
9.277777777777777846e-02 3.217726268662783783e+06
9.288888888888889583e-02 3.206992306180430111e+06
9.299999999999998546e-02 3.191754438549275044e+06
9.311111111111110283e-02 3.192203592688474339e+06
9.322222222222222021e-02 3.192643412183564156e+06
9.333333333333332371e-02 3.200273011492291931e+06
9.344444444444444109e-02 3.232735328132088296e+06
9.355555555555555847e-02 3.198440888322410174e+06
9.366666666666666197e-02 3.161062065998604987e+06
9.377777777777777934e-02 3.137641995742748026e+06
9.388888888888889672e-02 3.113036064552892465e+06
9.399999999999998634e-02 3.094148820265718270e+06
9.411111111111110372e-02 3.082458259511502925e+06
9.422222222222222110e-02 3.085461557558335364e+06
9.433333333333332460e-02 3.086251609541901853e+06
9.444444444444444198e-02 3.062342734230266418e+06
9.455555555555555935e-02 3.054555032300042920e+06
9.466666666666666285e-02 3.066177296559476759e+06
9.477777777777778023e-02 3.072658220759682823e+06
9.488888888888889761e-02 3.083568757047426887e+06
9.499999999999998723e-02 3.093168912635111716e+06
9.511111111111110461e-02 3.087721282619394362e+06
9.522222222222222199e-02 3.094509557001001202e+06
9.533333333333332549e-02 3.112291348678968381e+06
9.544444444444444287e-02 3.127493814809172414e+06
9.555555555555556024e-02 3.119817414675533306e+06
9.566666666666666374e-02 3.123052751326604746e+06
9.577777777777778112e-02 3.134561749186190311e+06
9.588888888888889850e-02 3.129451892776237335e+06
9.599999999999998812e-02 3.119719330171366222e+06
9.611111111111110550e-02 3.104904520668304525e+06
9.622222222222222288e-02 3.104275944373886567e+06
9.633333333333332638e-02 3.099422659096634481e+06
9.644444444444444375e-02 3.103317286165043712e+06
9.655555555555556113e-02 3.089213934246616904e+06
9.666666666666666463e-02 3.072996270538028330e+06
9.677777777777778201e-02 3.077985282520106994e+06
9.688888888888889939e-02 3.084190627988232765e+06
9.699999999999998901e-02 3.096678353030782659e+06
9.711111111111110639e-02 3.090202061432330403e+06
9.722222222222220989e-02 3.070462887111946940e+06
9.733333333333332726e-02 3.046426439642873593e+06
9.744444444444444464e-02 3.052382584324476309e+06
9.755555555555554814e-02 3.084322923333663028e+06
9.766666666666666552e-02 3.090626974783105310e+06
9.777777777777778290e-02 3.048794104718215764e+06
9.788888888888887252e-02 3.039276548869174905e+06
9.799999999999998990e-02 3.026049006136171520e+06
9.811111111111110727e-02 3.037829271972190589e+06
9.822222222222221077e-02 3.033282457945258822e+06
9.833333333333332815e-02 3.030991740442776587e+06
9.844444444444444553e-02 3.007232308921215590e+06
9.855555555555554903e-02 2.999068657205991913e+06
9.866666666666666641e-02 2.995353870467337314e+06
9.877777777777778379e-02 3.014405651215385180e+06
9.888888888888887341e-02 3.002843381150500849e+06
9.899999999999999079e-02 2.981430505858701188e+06
9.911111111111110816e-02 2.980988007076316513e+06
9.922222222222221166e-02 2.956903862854659092e+06
9.933333333333332904e-02 2.982894975898743141e+06
9.944444444444444642e-02 2.958686453499654774e+06
9.955555555555554992e-02 2.961894164667997509e+06
9.966666666666666730e-02 2.945847037077010144e+06
9.977777777777778467e-02 2.923688894852851052e+06
9.988888888888887430e-02 2.933930270815955475e+06
9.999999999999999167e-02 2.954910258806394413e+06
1.001111111111111091e-01 2.964475987988960929e+06
1.002222222222222126e-01 2.929232506535578053e+06
1.003333333333333299e-01 2.919795636938781012e+06
1.004444444444444473e-01 2.920329769915691577e+06
1.005555555555555508e-01 2.913910705563778989e+06
1.006666666666666682e-01 2.916789813164223917e+06
1.007777777777777856e-01 2.916168939571077935e+06
1.008888888888888752e-01 2.898246145946844481e+06
1.009999999999999926e-01 2.869973062621743418e+06
1.011111111111111099e-01 2.866863671677610371e+06
1.012222222222222134e-01 2.880284670401682146e+06
1.013333333333333308e-01 2.905375723126400262e+06
1.014444444444444482e-01 2.913084608764345292e+06
1.015555555555555517e-01 2.904127196847656742e+06
1.016666666666666691e-01 2.881902164430622011e+06
1.017777777777777864e-01 2.874573590913831722e+06
1.018888888888888761e-01 2.891002191191369668e+06
1.019999999999999934e-01 2.879962516861035489e+06
1.021111111111111108e-01 2.869480381711220834e+06
1.022222222222222143e-01 2.853511261917144526e+06
1.023333333333333317e-01 2.831849073141705245e+06
1.024444444444444491e-01 2.811512770816504955e+06
1.025555555555555526e-01 2.806969651587784290e+06
1.026666666666666700e-01 2.792236292542971671e+06
1.027777777777777873e-01 2.767089554509629030e+06
1.028888888888888770e-01 2.733055983778105583e+06
1.029999999999999943e-01 2.707886660501158796e+06
1.031111111111111117e-01 2.709507036424455699e+06
1.032222222222222152e-01 2.710524011258197948e+06
1.033333333333333326e-01 2.694125336855015717e+06
1.034444444444444500e-01 2.698648765351354610e+06
1.035555555555555535e-01 2.703053235089126974e+06
1.036666666666666708e-01 2.683693010462832637e+06
1.037777777777777605e-01 2.688804328744664323e+06
1.038888888888888778e-01 2.689623487971790135e+06
1.039999999999999952e-01 2.673454417408008128e+06
1.041111111111110987e-01 2.675260249766283669e+06
1.042222222222222161e-01 2.697506383274832275e+06
1.043333333333333335e-01 2.706771308572766837e+06
1.044444444444444370e-01 2.714950108070037328e+06
1.045555555555555544e-01 2.725262895472575910e+06
1.046666666666666717e-01 2.687052815918591339e+06
1.047777777777777614e-01 2.705886303948630113e+06
1.048888888888888787e-01 2.740369651789809577e+06
1.049999999999999961e-01 2.774089204088998493e+06
1.051111111111110996e-01 2.781171882353579625e+06
1.052222222222222170e-01 2.785967601433373522e+06
1.053333333333333344e-01 2.750721422932991758e+06
1.054444444444444379e-01 2.743905108097438700e+06
1.055555555555555552e-01 2.725210481112359092e+06
1.056666666666666726e-01 2.723172147397073451e+06
1.057777777777777622e-01 2.720255419517602772e+06
1.058888888888888796e-01 2.739737423214968294e+06
1.059999999999999970e-01 2.716311720123490319e+06
1.061111111111111005e-01 2.717119878474340774e+06
1.062222222222222179e-01 2.696446005035103299e+06
1.063333333333333353e-01 2.681164096960104071e+06
1.064444444444444388e-01 2.664462050849182997e+06
1.065555555555555561e-01 2.676904258212832268e+06
1.066666666666666735e-01 2.722346560750625096e+06
1.067777777777777631e-01 2.711562183461831417e+06
1.068888888888888805e-01 2.706181983494469430e+06
1.069999999999999979e-01 2.704896447862794623e+06
1.071111111111111014e-01 2.679333165690976661e+06
1.072222222222222188e-01 2.666689656245104503e+06
1.073333333333333361e-01 2.647059267863430548e+06
1.074444444444444396e-01 2.628244995074385777e+06
1.075555555555555570e-01 2.629545306228415575e+06
1.076666666666666744e-01 2.616934285286670085e+06
1.077777777777777640e-01 2.648691479051634669e+06
1.078888888888888814e-01 2.647616162598017603e+06
1.079999999999999988e-01 2.638320219283786137e+06
1.081111111111111023e-01 2.617741173644626047e+06
1.082222222222222197e-01 2.601674358346808236e+06
1.083333333333333370e-01 2.572104401601303834e+06
1.084444444444444405e-01 2.553841353733441792e+06
1.085555555555555579e-01 2.556253988447287586e+06
1.086666666666666753e-01 2.553830718540026341e+06
1.087777777777777649e-01 2.554238404916046187e+06
1.088888888888888823e-01 2.552280833949311171e+06
1.089999999999999997e-01 2.548107802686409093e+06
1.091111111111111032e-01 2.565945163438158110e+06
1.092222222222222205e-01 2.561248742734064814e+06
1.093333333333333379e-01 2.538992313197969925e+06
1.094444444444444414e-01 2.538021924885450397e+06
1.095555555555555588e-01 2.553845728189877700e+06
1.096666666666666762e-01 2.554593235789823346e+06
1.097777777777777658e-01 2.538341299766893964e+06
1.098888888888888832e-01 2.523988096379446331e+06
1.100000000000000006e-01 2.515964014541471377e+06
1.101111111111111041e-01 2.519362781329581048e+06
1.102222222222222214e-01 2.498335652536876500e+06
1.103333333333333388e-01 2.481350782374858856e+06
1.104444444444444423e-01 2.469492102235860191e+06
1.105555555555555597e-01 2.460970825185963418e+06
1.106666666666666493e-01 2.456516525498646777e+06
1.107777777777777667e-01 2.453753586162088905e+06
1.108888888888888841e-01 2.457450083775790408e+06
1.109999999999999876e-01 2.454826086580231320e+06
1.111111111111111049e-01 2.456140012955894228e+06
1.112222222222222223e-01 2.438001757544151973e+06
1.113333333333333258e-01 2.435951723563211039e+06
1.114444444444444432e-01 2.431151038056961726e+06
1.115555555555555606e-01 2.429699367021807935e+06
1.116666666666666502e-01 2.427562249404031318e+06
1.117777777777777676e-01 2.435156056517638732e+06
1.118888888888888850e-01 2.447607488060429227e+06
1.119999999999999885e-01 2.460618509168544784e+06
1.121111111111111058e-01 2.470891537794092670e+06
1.122222222222222232e-01 2.457285369333006442e+06
1.123333333333333267e-01 2.458344193954888266e+06
1.124444444444444441e-01 2.465971431051051710e+06
1.125555555555555615e-01 2.478006233582095709e+06
1.126666666666666511e-01 2.474194548557079863e+06
1.127777777777777685e-01 2.455059781618365552e+06
1.128888888888888858e-01 2.445693199009449221e+06
1.129999999999999893e-01 2.451683541588204447e+06
1.131111111111111067e-01 2.447126949777311645e+06
1.132222222222222241e-01 2.430582543323117308e+06
1.133333333333333276e-01 2.429455256104675122e+06
1.134444444444444450e-01 2.425870844225014560e+06
1.135555555555555624e-01 2.426256597225443926e+06
1.136666666666666520e-01 2.424973402068181429e+06
1.137777777777777694e-01 2.420787996669315267e+06
1.138888888888888867e-01 2.423703706604032777e+06
1.139999999999999902e-01 2.437648490047656465e+06
1.141111111111111076e-01 2.437547694224992301e+06
1.142222222222222250e-01 2.448912070004393347e+06
1.143333333333333285e-01 2.450068322111324873e+06
1.144444444444444459e-01 2.451158015515832696e+06
1.145555555555555632e-01 2.427542899798171129e+06
1.146666666666666529e-01 2.433804701440624427e+06
1.147777777777777702e-01 2.436651058760797605e+06
1.148888888888888876e-01 2.439208668918120675e+06
1.149999999999999911e-01 2.440979737805702258e+06
1.151111111111111085e-01 2.434951527629475575e+06
1.152222222222222259e-01 2.442744470494588371e+06
1.153333333333333294e-01 2.440012531613049563e+06
1.154444444444444468e-01 2.433226651735842228e+06
1.155555555555555641e-01 2.445272742270420305e+06
1.156666666666666538e-01 2.403465484988408163e+06
1.157777777777777711e-01 2.392662448287411593e+06
1.158888888888888885e-01 2.409039868553020526e+06
1.159999999999999920e-01 2.409706123525270727e+06
1.161111111111111094e-01 2.420288463642368559e+06
1.162222222222222268e-01 2.406516331387314945e+06
1.163333333333333303e-01 2.425775071793163195e+06
1.164444444444444476e-01 2.399780657851936761e+06
1.165555555555555650e-01 2.403246795597670600e+06
1.166666666666666546e-01 2.393789019660068210e+06
1.167777777777777720e-01 2.403518933080137707e+06
1.168888888888888894e-01 2.413350704934684094e+06
1.169999999999999929e-01 2.443280787898414768e+06
1.171111111111111103e-01 2.427606697192699648e+06
1.172222222222222138e-01 2.418110681932095904e+06
1.173333333333333311e-01 2.379607969738869462e+06
1.174444444444444485e-01 2.341406432637286372e+06
1.175555555555555381e-01 2.312429653435352724e+06
1.176666666666666555e-01 2.334474816932956222e+06
1.177777777777777729e-01 2.324429441954710521e+06
1.178888888888888764e-01 2.313643062976139132e+06
1.179999999999999938e-01 2.300530051201315131e+06
1.181111111111111112e-01 2.276964712128054351e+06
1.182222222222222147e-01 2.270178672064411920e+06
1.183333333333333320e-01 2.288778901491648052e+06
1.184444444444444494e-01 2.274865344242920168e+06
1.185555555555555390e-01 2.261093919744343497e+06
1.186666666666666564e-01 2.276485100752902683e+06
1.187777777777777738e-01 2.270585901071220636e+06
1.188888888888888773e-01 2.247869453520043753e+06
1.189999999999999947e-01 2.257374511596688069e+06
1.191111111111111120e-01 2.259728838394770864e+06
1.192222222222222155e-01 2.250176621676153503e+06
1.193333333333333329e-01 2.268111346342101693e+06
1.194444444444444503e-01 2.286303384276712779e+06
1.195555555555555399e-01 2.292436995291591156e+06
1.196666666666666573e-01 2.301779225301782601e+06
1.197777777777777747e-01 2.302932110512763262e+06
1.198888888888888782e-01 2.308992110804319382e+06
1.199999999999999956e-01 2.322366024160889909e+06
1.201111111111111129e-01 2.331471470812469721e+06
1.202222222222222164e-01 2.336669517542310525e+06
1.203333333333333338e-01 2.337789664257401600e+06
1.204444444444444512e-01 2.318749742269142531e+06
1.205555555555555408e-01 2.323950817409298848e+06
1.206666666666666582e-01 2.340276681956948712e+06
1.207777777777777756e-01 2.341944928064638749e+06
1.208888888888888791e-01 2.336474268150920048e+06
1.209999999999999964e-01 2.315897579363598488e+06
1.211111111111111138e-01 2.297081315496013965e+06
1.212222222222222173e-01 2.299137018105455674e+06
1.213333333333333347e-01 2.299402390611443203e+06
1.214444444444444521e-01 2.299949714377711993e+06
1.215555555555555417e-01 2.286354475591348484e+06
1.216666666666666591e-01 2.277207777098203544e+06
1.217777777777777765e-01 2.279589193145798985e+06
1.218888888888888800e-01 2.284234121768141631e+06
1.219999999999999973e-01 2.285717930750659667e+06
1.221111111111111147e-01 2.305850675137409940e+06
1.222222222222222182e-01 2.289704284714786336e+06
1.223333333333333356e-01 2.287511499684110284e+06
1.224444444444444530e-01 2.277300437629083637e+06
1.225555555555555426e-01 2.274625288346285000e+06
1.226666666666666600e-01 2.275152964552465826e+06
1.227777777777777773e-01 2.266750330321202055e+06
1.228888888888888808e-01 2.279659741033097263e+06
1.229999999999999982e-01 2.259721588793223258e+06
1.231111111111111156e-01 2.270225572665595915e+06
1.232222222222222191e-01 2.261454572965953499e+06
1.233333333333333365e-01 2.270605552352084313e+06
1.234444444444444539e-01 2.282368831164046191e+06
1.235555555555555435e-01 2.273326215174803045e+06
1.236666666666666609e-01 2.262675026936274488e+06
1.237777777777777782e-01 2.260767063259005547e+06
1.238888888888888817e-01 2.268575326587156393e+06
1.239999999999999991e-01 2.264009517556022853e+06
1.241111111111111026e-01 2.259155178078569006e+06
1.242222222222222200e-01 2.247287944414292462e+06
1.243333333333333374e-01 2.262967523544081487e+06
1.244444444444444270e-01 2.262607879256603774e+06
1.245555555555555444e-01 2.267665742213795893e+06
1.246666666666666617e-01 2.257730393289125059e+06
1.247777777777777652e-01 2.252685857375140768e+06
1.248888888888888826e-01 2.240703220062295906e+06
1.250000000000000000e-01 2.244064917364947964e+06
1.251111111111110896e-01 2.253326636190572754e+06
1.252222222222222070e-01 2.249772980104839429e+06
1.253333333333333244e-01 2.232931028932269197e+06
1.254444444444444418e-01 2.222409189208271448e+06
1.255555555555555591e-01 2.213872407263265923e+06
1.256666666666666765e-01 2.218208054915573448e+06
1.257777777777777661e-01 2.225129467701144051e+06
1.258888888888888835e-01 2.227721470881819725e+06
1.260000000000000009e-01 2.221598257192576770e+06
1.261111111111110905e-01 2.213876568952311762e+06
1.262222222222222079e-01 2.214313893850716762e+06
1.263333333333333253e-01 2.213013551305090543e+06
1.264444444444444426e-01 2.210559203781516757e+06
1.265555555555555600e-01 2.200724457289596554e+06
1.266666666666666774e-01 2.197491504296330269e+06
1.267777777777777670e-01 2.197675968090492301e+06
1.268888888888888844e-01 2.179927637048364617e+06
1.270000000000000018e-01 2.161546637921663467e+06
1.271111111111110914e-01 2.149975505554767326e+06
1.272222222222222088e-01 2.143655548382708803e+06
1.273333333333333262e-01 2.131551088780458551e+06
1.274444444444444435e-01 2.123250799598308746e+06
1.275555555555555609e-01 2.112100104655860923e+06
1.276666666666666783e-01 2.102637532017652411e+06
1.277777777777777679e-01 2.097881760582991410e+06
1.278888888888888853e-01 2.102399936434831005e+06
1.280000000000000027e-01 2.096641440516600385e+06
1.281111111111110923e-01 2.100153711299281567e+06
1.282222222222222097e-01 2.106111762002570089e+06
1.283333333333333270e-01 2.113905416517893318e+06
1.284444444444444444e-01 2.122414932050614618e+06
1.285555555555555618e-01 2.129730034451192245e+06
1.286666666666666792e-01 2.149759915016655810e+06
1.287777777777777688e-01 2.157164009199959692e+06
1.288888888888888862e-01 2.141304569836201612e+06
1.290000000000000036e-01 2.136653362703249790e+06
1.291111111111110932e-01 2.132805539320654701e+06
1.292222222222222106e-01 2.125213671130292583e+06
1.293333333333333279e-01 2.129317615591178648e+06
1.294444444444444453e-01 2.130156294239159208e+06
1.295555555555555627e-01 2.124818645011247601e+06
1.296666666666666801e-01 2.133522353064054623e+06
1.297777777777777697e-01 2.138524507817632984e+06
1.298888888888888871e-01 2.123151845053219236e+06
1.300000000000000044e-01 2.112912722201268189e+06
1.301111111111110941e-01 2.127394502763176337e+06
1.302222222222222114e-01 2.124705713260147721e+06
1.303333333333333288e-01 2.121707537632024847e+06
1.304444444444444462e-01 2.136265409576739185e+06
1.305555555555555636e-01 2.139753182185736485e+06
1.306666666666666532e-01 2.150235187518497463e+06
1.307777777777777706e-01 2.155941655097343959e+06
1.308888888888888880e-01 2.159594216133780312e+06
1.309999999999999776e-01 2.144148125782673247e+06
1.311111111111110950e-01 2.144230080354254693e+06
1.312222222222222123e-01 2.157083886056329124e+06
1.313333333333333297e-01 2.166199568547842558e+06
1.314444444444444471e-01 2.162747537022253964e+06
1.315555555555555645e-01 2.153975299826054834e+06
1.316666666666666541e-01 2.153161898150537629e+06
1.317777777777777715e-01 2.158473267138580792e+06
1.318888888888888888e-01 2.163089008318132255e+06
1.319999999999999785e-01 2.169792800286847167e+06
1.321111111111110958e-01 2.160062848775478546e+06
1.322222222222222132e-01 2.154767684556970373e+06
1.323333333333333306e-01 2.146605566317201126e+06
1.324444444444444480e-01 2.134498378154294565e+06
1.325555555555555654e-01 2.134586459259189665e+06
1.326666666666666550e-01 2.138283503355591558e+06
1.327777777777777724e-01 2.148094232725373469e+06
1.328888888888888897e-01 2.156896400269374251e+06
1.329999999999999793e-01 2.155227181719206739e+06
1.331111111111110967e-01 2.160674179333811160e+06
1.332222222222222141e-01 2.148957319209815934e+06
1.333333333333333315e-01 2.138452058025204577e+06
1.334444444444444489e-01 2.141498014650406782e+06
1.335555555555555662e-01 2.128767136649171356e+06
1.336666666666666559e-01 2.126670635537881404e+06
1.337777777777777732e-01 2.126795712819591165e+06
1.338888888888888906e-01 2.118442248918153346e+06
1.339999999999999802e-01 2.116716439494124148e+06
1.341111111111110976e-01 2.119967016572031192e+06
1.342222222222222150e-01 2.112440002294814214e+06
1.343333333333333324e-01 2.097568359814527910e+06
1.344444444444444497e-01 2.098925602926793043e+06
1.345555555555555671e-01 2.097741105778160039e+06
1.346666666666666567e-01 2.098301249978345353e+06
1.347777777777777741e-01 2.093860780417393660e+06
1.348888888888888915e-01 2.091141430788433878e+06
1.349999999999999811e-01 2.072918596939336043e+06
1.351111111111110985e-01 2.060138692237351555e+06
1.352222222222222159e-01 2.052539725134338019e+06
1.353333333333333333e-01 2.061816009958565701e+06
1.354444444444444506e-01 2.068973627431875560e+06
1.355555555555555680e-01 2.063144442566531943e+06
1.356666666666666576e-01 2.063428935267127119e+06
1.357777777777777750e-01 2.066017352913492126e+06
1.358888888888888924e-01 2.060704989449918270e+06
1.359999999999999820e-01 2.063922117459328147e+06
1.361111111111110994e-01 2.065405195792671060e+06
1.362222222222222168e-01 2.060852654191057198e+06
1.363333333333333341e-01 2.052597223869890440e+06
1.364444444444444515e-01 2.053172223742573056e+06
1.365555555555555689e-01 2.043365690722698346e+06
1.366666666666666585e-01 2.050492991242021322e+06
1.367777777777777759e-01 2.050617021189623978e+06
1.368888888888888933e-01 2.063619985930897528e+06
1.369999999999999829e-01 2.062678544548364589e+06
1.371111111111111003e-01 2.052940087496550521e+06
1.372222222222222177e-01 2.060785201508529019e+06
1.373333333333333350e-01 2.060447329351905268e+06
1.374444444444444524e-01 2.054771749728233088e+06
1.375555555555555420e-01 2.057243778092136141e+06
1.376666666666666594e-01 2.064699347282129340e+06
1.377777777777777768e-01 2.072243804123224225e+06
1.378888888888888664e-01 2.069043134621133562e+06
1.379999999999999838e-01 2.068498183007265208e+06
1.381111111111111012e-01 2.071625575298562180e+06
1.382222222222222185e-01 2.076930763757206034e+06
1.383333333333333359e-01 2.069666942951041507e+06
1.384444444444444533e-01 2.075799930261192145e+06
1.385555555555555429e-01 2.080113444779278943e+06
1.386666666666666603e-01 2.081069823583029909e+06
1.387777777777777777e-01 2.090947177570477361e+06
1.388888888888888673e-01 2.083240272799958708e+06
1.389999999999999847e-01 2.074022007002929924e+06
1.391111111111111021e-01 2.065453710814261110e+06
1.392222222222222194e-01 2.054686659175272333e+06
1.393333333333333368e-01 2.053715506955209887e+06
1.394444444444444542e-01 2.049019824161358876e+06
1.395555555555555438e-01 2.050826991126549197e+06
1.396666666666666612e-01 2.045267174365187529e+06
1.397777777777777786e-01 2.051178276615960291e+06
1.398888888888888682e-01 2.055976477146326797e+06
1.399999999999999856e-01 2.052009200055496069e+06
1.401111111111111029e-01 2.053548147701154463e+06
1.402222222222222203e-01 2.053973266232402995e+06
1.403333333333333377e-01 2.053568507872817107e+06
1.404444444444444551e-01 2.054749554248080123e+06
1.405555555555555447e-01 2.059036735889628064e+06
1.406666666666666621e-01 2.055025438622205751e+06
1.407777777777777795e-01 2.059399179633488646e+06
1.408888888888888691e-01 2.068188370704308152e+06
1.409999999999999865e-01 2.059434331999858376e+06
1.411111111111111038e-01 2.056860091235796921e+06
1.412222222222222212e-01 2.037898769577267347e+06
1.413333333333333386e-01 2.040852431687469361e+06
1.414444444444444560e-01 2.037463839550206438e+06
1.415555555555555456e-01 2.030092664401091402e+06
1.416666666666666630e-01 2.028981016047564102e+06
1.417777777777777803e-01 2.025547833497449523e+06
1.418888888888888700e-01 2.023845089967558160e+06
1.419999999999999873e-01 2.023343576176785398e+06
1.421111111111111047e-01 2.018721719041755889e+06
1.422222222222222221e-01 2.021612284205900738e+06
1.423333333333333395e-01 2.039699047431060579e+06
1.424444444444444569e-01 2.042546741029976401e+06
1.425555555555555465e-01 2.040140316934891045e+06
1.426666666666666639e-01 2.041837060588946333e+06
1.427777777777777812e-01 2.045321766512569273e+06
1.428888888888888709e-01 2.045733934369025286e+06
1.429999999999999882e-01 2.045797487649887800e+06
1.431111111111111056e-01 2.052177454721952789e+06
1.432222222222222230e-01 2.046464861258759163e+06
1.433333333333333404e-01 2.036982744183207164e+06
1.434444444444444577e-01 2.025932021013976540e+06
1.435555555555555474e-01 2.020495292955270736e+06
1.436666666666666647e-01 2.020723059588671662e+06
1.437777777777777821e-01 2.007870126118181273e+06
1.438888888888888717e-01 2.011483411219067406e+06
1.439999999999999891e-01 2.010044089895504992e+06
1.441111111111111065e-01 2.003389051860430744e+06
1.442222222222222239e-01 2.000980016969177406e+06
1.443333333333333413e-01 2.004103044301550835e+06
1.444444444444444309e-01 1.995886279628399527e+06
1.445555555555555483e-01 1.992863911233302671e+06
1.446666666666666656e-01 2.000182832064107293e+06
1.447777777777777553e-01 2.001685709571037441e+06
1.448888888888888726e-01 2.010567050207840046e+06
1.449999999999999900e-01 2.008268031123147579e+06
1.451111111111111074e-01 2.005134693239930551e+06
1.452222222222222248e-01 2.000846658836882096e+06
1.453333333333333421e-01 1.996824083140366711e+06
1.454444444444444318e-01 1.992158870862676995e+06
1.455555555555555491e-01 1.982714881602716632e+06
1.456666666666666665e-01 1.977800555195066612e+06
1.457777777777777561e-01 1.978898838496559300e+06
1.458888888888888735e-01 1.979751319486778229e+06
1.459999999999999909e-01 1.968220367164338240e+06
1.461111111111111083e-01 1.963817015150725143e+06
1.462222222222222257e-01 1.960122436343310401e+06
1.463333333333333430e-01 1.959708033483605599e+06
1.464444444444444327e-01 1.960006665684583364e+06
1.465555555555555500e-01 1.958919419807705795e+06
1.466666666666666674e-01 1.955229979767911136e+06
1.467777777777777570e-01 1.957725292862978764e+06
1.468888888888888744e-01 1.964636922096704133e+06
1.469999999999999918e-01 1.964189539691131562e+06
1.471111111111111092e-01 1.967204563155860640e+06
1.472222222222222265e-01 1.968982255993691273e+06
1.473333333333333439e-01 1.965829276890994050e+06
1.474444444444444335e-01 1.968059407054451061e+06
1.475555555555555509e-01 1.963962200085234595e+06
1.476666666666666683e-01 1.962753926302461419e+06
1.477777777777777579e-01 1.963239188986654393e+06
1.478888888888888753e-01 1.968526937336867210e+06
1.479999999999999927e-01 1.966053815358927939e+06
1.481111111111111101e-01 1.960746110432036221e+06
1.482222222222222274e-01 1.954988846795022255e+06
1.483333333333333448e-01 1.948428431350613711e+06
1.484444444444444344e-01 1.948948918571579736e+06
1.485555555555555518e-01 1.944173689613639843e+06
1.486666666666666692e-01 1.937656774384129094e+06
1.487777777777777588e-01 1.939273806502820458e+06
1.488888888888888762e-01 1.940609992024713429e+06
1.489999999999999936e-01 1.947016679444704205e+06
1.491111111111111109e-01 1.953120538049376104e+06
1.492222222222222283e-01 1.953113052603992168e+06
1.493333333333333457e-01 1.948580440640100045e+06
1.494444444444444353e-01 1.951837549852933269e+06
1.495555555555555527e-01 1.948410549977753311e+06
1.496666666666666701e-01 1.952348003267714521e+06
1.497777777777777597e-01 1.953567604718215065e+06
1.498888888888888771e-01 1.950860723881976213e+06
1.499999999999999944e-01 1.953991522955078864e+06
1.501111111111111118e-01 1.956594795798070496e+06
1.502222222222222292e-01 1.954310982067198260e+06
1.503333333333333466e-01 1.947485991977191065e+06
1.504444444444444362e-01 1.953144845197714167e+06
1.505555555555555536e-01 1.946762301075898809e+06
1.506666666666666432e-01 1.949147934352407232e+06
1.507777777777777606e-01 1.944135148218351183e+06
1.508888888888888780e-01 1.944552868844949873e+06
1.509999999999999953e-01 1.932474908939604415e+06
1.511111111111111127e-01 1.929691216885531088e+06
1.512222222222222301e-01 1.927697755175467581e+06
1.513333333333333197e-01 1.927219424506633775e+06
1.514444444444444371e-01 1.925732318653246155e+06
1.515555555555555545e-01 1.927449151897517731e+06
1.516666666666666441e-01 1.928458662622170057e+06
1.517777777777777615e-01 1.927564555425245780e+06
1.518888888888888788e-01 1.929193910597592825e+06
1.519999999999999962e-01 1.932946691878075246e+06
1.521111111111111136e-01 1.929948151611620095e+06
1.522222222222222310e-01 1.918766776377173839e+06
1.523333333333333206e-01 1.916369629508159123e+06
1.524444444444444380e-01 1.916389170475061052e+06
1.525555555555555554e-01 1.915396829094315879e+06
1.526666666666666450e-01 1.912393813648491632e+06
1.527777777777777624e-01 1.905471072099328972e+06
1.528888888888888797e-01 1.899884279917977750e+06
1.529999999999999971e-01 1.900034609367571073e+06
1.531111111111111145e-01 1.903584499421625165e+06
1.532222222222222319e-01 1.905748208962693810e+06
1.533333333333333215e-01 1.900379845178830437e+06
1.534444444444444389e-01 1.905870649977964582e+06
1.535555555555555562e-01 1.897219222822509706e+06
1.536666666666666459e-01 1.894633113258495228e+06
1.537777777777777632e-01 1.886747624982429901e+06
1.538888888888888806e-01 1.885923789479941828e+06
1.539999999999999980e-01 1.884212031804172322e+06
1.541111111111111154e-01 1.881468603660687339e+06
1.542222222222222328e-01 1.884107398417018587e+06
1.543333333333333224e-01 1.885255207748073852e+06
1.544444444444444398e-01 1.887447297972518951e+06
1.545555555555555571e-01 1.895309961224211147e+06
1.546666666666666468e-01 1.896257583124519559e+06
1.547777777777777641e-01 1.898553170160732698e+06
1.548888888888888815e-01 1.907498186360588996e+06
1.549999999999999989e-01 1.907381648751101689e+06
1.551111111111111163e-01 1.900193820927506546e+06
1.552222222222222336e-01 1.890732912582393503e+06
1.553333333333333233e-01 1.886833836332396837e+06
1.554444444444444406e-01 1.884831555504008196e+06
1.555555555555555580e-01 1.881089797175493790e+06
1.556666666666666476e-01 1.882503296678231563e+06
1.557777777777777650e-01 1.875912938636530191e+06
1.558888888888888824e-01 1.882477214948699344e+06
1.559999999999999998e-01 1.882927977865185123e+06
1.561111111111111172e-01 1.883823866439706646e+06
1.562222222222222345e-01 1.888312567553932080e+06
1.563333333333333242e-01 1.895443401018020930e+06
1.564444444444444415e-01 1.896238325219132006e+06
1.565555555555555589e-01 1.894603214830880286e+06
1.566666666666666485e-01 1.897989425055818399e+06
1.567777777777777659e-01 1.905537223232029006e+06
1.568888888888888833e-01 1.907137233772759093e+06
1.570000000000000007e-01 1.907874556640295312e+06
1.571111111111111180e-01 1.913488375681093661e+06
1.572222222222222354e-01 1.914923717491633957e+06
1.573333333333333250e-01 1.917047789930238621e+06
1.574444444444444424e-01 1.919679563389640534e+06
1.575555555555555320e-01 1.913545430997995660e+06
1.576666666666666494e-01 1.911017527649846626e+06
1.577777777777777668e-01 1.908697774811094394e+06
1.578888888888888842e-01 1.909447105745170964e+06
1.580000000000000016e-01 1.909294407079941826e+06
1.581111111111111189e-01 1.904601185044762213e+06
1.582222222222222086e-01 1.901590697204703931e+06
1.583333333333333259e-01 1.904770011512761936e+06
1.584444444444444433e-01 1.907215654889869504e+06
1.585555555555555329e-01 1.904047886662740028e+06
1.586666666666666503e-01 1.905184822153089568e+06
1.587777777777777677e-01 1.906556257305994397e+06
1.588888888888888851e-01 1.905349846499513369e+06
1.590000000000000024e-01 1.913409796274985652e+06
1.591111111111111198e-01 1.921874470197560266e+06
1.592222222222222094e-01 1.927763651381304255e+06
1.593333333333333268e-01 1.930670359505656641e+06
1.594444444444444442e-01 1.924949267372357659e+06
1.595555555555555338e-01 1.925395213518486591e+06
1.596666666666666512e-01 1.921473722569047939e+06
1.597777777777777686e-01 1.921677008015601896e+06
1.598888888888888860e-01 1.924564096225262852e+06
1.600000000000000033e-01 1.915411518041579984e+06
1.601111111111111207e-01 1.906172364270817023e+06
1.602222222222222103e-01 1.905974131900046719e+06
1.603333333333333277e-01 1.900495520014689304e+06
1.604444444444444451e-01 1.900095766041575465e+06
1.605555555555555347e-01 1.898270657683792524e+06
1.606666666666666521e-01 1.891959351791063324e+06
1.607777777777777695e-01 1.892614945114500588e+06
1.608888888888888868e-01 1.891841123525449308e+06
1.610000000000000042e-01 1.890815609122586669e+06
1.611111111111111216e-01 1.886827282005108194e+06
1.612222222222222112e-01 1.878702711256258888e+06
1.613333333333333286e-01 1.871980274696423206e+06
1.614444444444444460e-01 1.877684346080492018e+06
1.615555555555555356e-01 1.886060589087452274e+06
1.616666666666666530e-01 1.885859998295508325e+06
1.617777777777777704e-01 1.888569200474802870e+06
1.618888888888888877e-01 1.894541592281629099e+06
1.620000000000000051e-01 1.886750781250794884e+06
1.621111111111111225e-01 1.887578353626519209e+06
1.622222222222222121e-01 1.887304038451093948e+06
1.623333333333333295e-01 1.881592357422018191e+06
1.624444444444444469e-01 1.880234607586329104e+06
1.625555555555555365e-01 1.875468365220589330e+06
1.626666666666666539e-01 1.869847388238745509e+06
1.627777777777777712e-01 1.867398614849499194e+06
1.628888888888888886e-01 1.866915409311336000e+06
1.630000000000000060e-01 1.862834997576705879e+06
1.631111111111111234e-01 1.867239719450093806e+06
1.632222222222222130e-01 1.871665459190113004e+06
1.633333333333333304e-01 1.869972287650847342e+06
1.634444444444444478e-01 1.875706017118075630e+06
1.635555555555555374e-01 1.875094068500213791e+06
1.636666666666666548e-01 1.880132646392527036e+06
1.637777777777777721e-01 1.881583977900442667e+06
1.638888888888888895e-01 1.879875030051664216e+06
1.640000000000000069e-01 1.878494145136348670e+06
1.641111111111110965e-01 1.880530187063528923e+06
1.642222222222222139e-01 1.875773029338518390e+06
1.643333333333333313e-01 1.874072818187991390e+06
1.644444444444444209e-01 1.875778350317814387e+06
1.645555555555555383e-01 1.874863865241058636e+06
1.646666666666666556e-01 1.877434206642991398e+06
1.647777777777777730e-01 1.877347966308091069e+06
1.648888888888888904e-01 1.876238708488387754e+06
1.650000000000000078e-01 1.875811774304252351e+06
1.651111111111110974e-01 1.870877793299442856e+06
1.652222222222222148e-01 1.873678037225016160e+06
1.653333333333333321e-01 1.874616659244035603e+06
1.654444444444444218e-01 1.870639146659697406e+06
1.655555555555555391e-01 1.863645196360952454e+06
1.656666666666666565e-01 1.860374577360788127e+06
1.657777777777777739e-01 1.864675660762864165e+06
1.658888888888888913e-01 1.873185844720613211e+06
1.660000000000000087e-01 1.871134242682991782e+06
1.661111111111110983e-01 1.876293000758401351e+06
1.662222222222222157e-01 1.881238098403209122e+06
1.663333333333333330e-01 1.886871273999872617e+06
1.664444444444444227e-01 1.885114399092228385e+06
1.665555555555555400e-01 1.889601010870331200e+06
