0.000000000000000000e+00 1.438126966807698831e+07
1.111111111111111029e-04 1.539467656812592782e+07
2.222222222222222058e-04 1.921987957101207227e+07
3.333333333333333222e-04 2.440363644336664304e+07
4.444444444444444115e-04 3.435594624195432663e+07
5.555555555555555551e-04 4.731483932482368499e+07
6.666666666666666444e-04 6.159429499612398446e+07
7.777777777777777337e-04 7.573201700271756947e+07
8.888888888888888231e-04 1.070823891191588342e+08
1.000000000000000021e-03 1.237946894042710662e+08
1.111111111111111110e-03 1.759626670381075442e+08
1.222222222222222199e-03 1.985624810221185684e+08
1.333333333333333289e-03 1.919574905197445154e+08
1.444444444444444378e-03 2.846016317863826156e+08
1.555555555555555467e-03 2.900808443213742375e+08
1.666666666666666774e-03 3.401680414721240997e+08
1.777777777777777646e-03 4.012900147733760476e+08
1.888888888888888735e-03 4.302577646407220960e+08
2.000000000000000042e-03 5.409173116866983175e+08
2.111111111111110914e-03 6.064829138231635094e+08
2.222222222222222220e-03 6.135197125561211109e+08
2.333333333333333526e-03 6.015214822377885580e+08
2.444444444444444399e-03 6.146154295757596493e+08
2.555555555555555271e-03 6.844287936600822210e+08
2.666666666666666578e-03 7.049538173241384029e+08
2.777777777777777884e-03 7.992059435962585211e+08
2.888888888888888756e-03 9.662784253701026440e+08
2.999999999999999629e-03 9.774286408061301708e+08
3.111111111111110935e-03 1.071539960870088816e+09
3.222222222222222241e-03 1.087351145202587843e+09
3.333333333333333547e-03 1.176388461369345188e+09
3.444444444444444420e-03 1.223523994330028057e+09
3.555555555555555292e-03 1.099087673258538723e+09
3.666666666666666598e-03 1.029360759089290023e+09
3.777777777777777471e-03 1.189317679794034004e+09
3.888888888888888343e-03 1.387376146787491083e+09
4.000000000000000083e-03 1.710604441723252296e+09
4.111111111111111389e-03 2.287633313780856609e+09
4.222222222222221828e-03 2.740289698153941631e+09
4.333333333333333134e-03 2.941424949038681507e+09
4.444444444444444441e-03 3.448041284333864689e+09
4.555555555555554879e-03 3.787116077051008701e+09
4.666666666666667053e-03 4.239444315272607327e+09
4.777777777777777492e-03 4.245840972856038094e+09
4.888888888888888798e-03 3.948890256769574165e+09
5.000000000000000104e-03 3.702115889468464851e+09
5.111111111111110543e-03 3.764533545691981792e+09
5.222222222222221849e-03 3.632031588268938541e+09
5.333333333333333155e-03 3.250807920743246555e+09
5.444444444444443594e-03 3.381499462514564991e+09
5.555555555555555768e-03 2.790084271739644527e+09
5.666666666666666206e-03 3.126290028211862087e+09
5.777777777777777513e-03 2.874405232986251354e+09
5.888888888888888819e-03 2.946529443081655979e+09
5.999999999999999258e-03 2.997049228963620186e+09
6.111111111111111431e-03 2.887326523785597324e+09
6.222222222222221870e-03 2.926489445180990696e+09
6.333333333333333176e-03 2.864884018907812595e+09
6.444444444444444482e-03 2.923866132295500755e+09
6.555555555555554921e-03 3.099858196364814281e+09
6.666666666666667095e-03 2.942912486798577309e+09
6.777777777777777533e-03 3.225420291714989185e+09
6.888888888888888840e-03 3.321678552310593605e+09
6.999999999999999278e-03 3.493167481011053085e+09
7.111111111111110585e-03 3.194255974959141731e+09
7.222222222222222758e-03 3.552428303677373886e+09
7.333333333333333197e-03 3.432562788676191807e+09
7.444444444444444503e-03 3.960634889457124233e+09
7.555555555555554942e-03 3.845143130041104794e+09
7.666666666666666248e-03 4.005121860495529175e+09
7.777777777777776687e-03 4.160748568973709106e+09
7.888888888888887993e-03 4.131055795856127262e+09
8.000000000000000167e-03 4.348155813686569214e+09
8.111111111111110605e-03 4.854212747994579315e+09
8.222222222222222779e-03 4.940837498028717041e+09
8.333333333333333218e-03 4.481938303756212234e+09
8.444444444444443656e-03 5.413493986702540398e+09
8.555555555555555830e-03 5.612385067869095802e+09
8.666666666666666269e-03 5.986981412153576851e+09
8.777777777777778442e-03 5.812774747068991661e+09
8.888888888888888881e-03 5.726239920730767250e+09
8.999999999999999320e-03 5.443494669304433823e+09
9.111111111111109759e-03 5.303545744063143730e+09
9.222222222222221932e-03 5.349069916251634598e+09
9.333333333333334106e-03 5.489857660505801201e+09
9.444444444444444545e-03 5.827136206202664375e+09
9.555555555555554983e-03 5.257731928245893478e+09
9.666666666666665422e-03 5.327010465455322266e+09
9.777777777777777596e-03 5.679474590089121819e+09
9.888888888888888035e-03 6.398054273018013954e+09
1.000000000000000021e-02 5.772473704271071434e+09
1.011111111111111065e-02 5.586127320733424187e+09
1.022222222222222109e-02 5.756021230248686790e+09
1.033333333333333326e-02 5.710447920627162933e+09
1.044444444444444370e-02 5.888670733131352425e+09
1.055555555555555414e-02 6.047697583256560326e+09
1.066666666666666631e-02 5.979500365728444099e+09
1.077777777777777675e-02 5.886520414748601913e+09
1.088888888888888719e-02 5.861388768514052391e+09
1.100000000000000110e-02 6.142883165002638817e+09
1.111111111111111154e-02 5.869733623812287331e+09
1.122222222222222197e-02 5.744457536205271721e+09
1.133333333333333241e-02 5.195971042181534767e+09
1.144444444444444459e-02 5.183008955284312248e+09
1.155555555555555503e-02 4.494115714977226257e+09
1.166666666666666546e-02 4.699852268452803612e+09
1.177777777777777764e-02 4.532135049859657288e+09
1.188888888888888808e-02 3.998473537151536465e+09
1.199999999999999852e-02 3.563879808424737930e+09
1.211111111111111242e-02 4.088014453116005421e+09
1.222222222222222286e-02 3.975517663062874794e+09
1.233333333333333330e-02 3.765526535881888390e+09
1.244444444444444374e-02 3.854235922818971157e+09
1.255555555555555591e-02 4.077287721674422741e+09
1.266666666666666635e-02 3.978542542275750637e+09
1.277777777777777679e-02 3.657203314792559147e+09
1.288888888888888896e-02 4.130457989375551701e+09
1.299999999999999940e-02 4.122132040205083847e+09
1.311111111111110984e-02 4.308991916820470810e+09
1.322222222222222028e-02 4.604905743465032578e+09
1.333333333333333419e-02 4.164964256934259415e+09
1.344444444444444463e-02 4.875128386708475113e+09
1.355555555555555507e-02 5.048622924644548416e+09
1.366666666666666724e-02 5.127917966421027184e+09
1.377777777777777768e-02 5.574137335853792191e+09
1.388888888888888812e-02 6.171197251216794014e+09
1.399999999999999856e-02 5.528061079011507988e+09
1.411111111111111073e-02 5.666169444395586014e+09
1.422222222222222117e-02 5.398252318696873665e+09
1.433333333333333161e-02 5.538523687151679039e+09
1.444444444444444552e-02 5.092392531371688843e+09
1.455555555555555595e-02 5.775771896527189255e+09
1.466666666666666639e-02 5.277801979339845657e+09
1.477777777777777683e-02 5.337595082863298416e+09
1.488888888888888901e-02 5.076234854563423157e+09
1.499999999999999944e-02 4.576630959858608246e+09
1.511111111111110988e-02 4.677531846201646805e+09
1.522222222222222206e-02 4.264597584691256046e+09
1.533333333333333250e-02 4.098560054043857574e+09
1.544444444444444293e-02 3.862310709537496090e+09
1.555555555555555337e-02 3.782460588514180183e+09
1.566666666666666555e-02 3.644663878005247116e+09
1.577777777777777599e-02 3.501888719835650444e+09
1.588888888888888642e-02 3.522836406287403584e+09
1.600000000000000033e-02 3.266090709362482548e+09
1.611111111111111077e-02 3.175012290510859966e+09
1.622222222222222121e-02 3.093755512608386993e+09
1.633333333333333165e-02 2.916933138945631504e+09
1.644444444444444556e-02 2.901511118245685101e+09
1.655555555555555600e-02 2.726712114241743565e+09
1.666666666666666644e-02 2.510676558468488693e+09
1.677777777777777687e-02 2.485815524524611950e+09
1.688888888888888731e-02 2.388605104849735260e+09
1.699999999999999775e-02 2.277039292585380554e+09
1.711111111111111166e-02 2.178772782484649658e+09
1.722222222222222210e-02 2.080756042547726870e+09
1.733333333333333254e-02 2.078502894975297689e+09
1.744444444444444298e-02 1.963305565181904793e+09
1.755555555555555688e-02 1.907220067727480173e+09
1.766666666666666732e-02 1.876705965009823084e+09
1.777777777777777776e-02 1.824556279545767069e+09
1.788888888888888820e-02 1.691985407734941006e+09
1.799999999999999864e-02 1.691437158376039743e+09
1.811111111111110908e-02 1.623236927951347589e+09
1.822222222222221952e-02 1.588305122435094118e+09
1.833333333333333343e-02 1.536531788145428658e+09
1.844444444444444386e-02 1.538859471063541412e+09
1.855555555555555430e-02 1.473635516432079077e+09
1.866666666666666821e-02 1.464858313682065725e+09
1.877777777777777865e-02 1.406412064866814137e+09
1.888888888888888909e-02 1.378009498721035480e+09
1.899999999999999953e-02 1.348901114988370895e+09
1.911111111111110997e-02 1.306479760218099833e+09
1.922222222222222041e-02 1.282750789125474215e+09
1.933333333333333084e-02 1.244514185193466425e+09
1.944444444444444475e-02 1.200991353847940207e+09
1.955555555555555519e-02 1.161271010948499918e+09
1.966666666666666563e-02 1.168503340294491291e+09
1.977777777777777607e-02 1.125276296793967962e+09
1.988888888888888998e-02 1.110434314365998745e+09
2.000000000000000042e-02 1.083872188729369640e+09
2.011111111111111086e-02 1.052880543766550064e+09
2.022222222222222129e-02 1.032066802041918993e+09
2.033333333333333173e-02 1.025780509878006577e+09
2.044444444444444217e-02 1.000308531305899739e+09
2.055555555555555261e-02 9.735062151391777992e+08
2.066666666666666652e-02 9.566788758989964724e+08
2.077777777777777696e-02 9.304925274013613462e+08
2.088888888888888740e-02 9.184988828122286797e+08
2.100000000000000130e-02 8.897841901588314772e+08
2.111111111111110827e-02 8.763311407360445261e+08
2.122222222222222218e-02 8.689641789898402691e+08
2.133333333333333262e-02 8.555608545243476629e+08
2.144444444444444306e-02 8.379279700063688755e+08
2.155555555555555350e-02 8.340931985809382200e+08
2.166666666666666741e-02 8.040176716294388771e+08
2.177777777777777438e-02 7.895957852124384642e+08
2.188888888888888828e-02 7.664907484275110960e+08
2.200000000000000219e-02 7.470198183401507139e+08
2.211111111111110916e-02 7.318971521272710562e+08
2.222222222222222307e-02 7.296151737727106810e+08
2.233333333333333351e-02 7.235338040365302563e+08
2.244444444444444395e-02 7.079079305404722691e+08
2.255555555555555439e-02 6.957741245821204185e+08
2.266666666666666483e-02 6.796592136905828714e+08
2.277777777777777526e-02 6.712691973221422434e+08
2.288888888888888917e-02 6.607484941726912260e+08
2.299999999999999614e-02 6.425430523701957464e+08
2.311111111111111005e-02 6.381843312045037746e+08
2.322222222222222396e-02 6.332547534633271694e+08
2.333333333333333093e-02 6.215809461327826977e+08
2.344444444444444484e-02 6.078237540591074228e+08
2.355555555555555527e-02 5.946272540216487646e+08
2.366666666666666571e-02 5.869816298805398941e+08
2.377777777777777615e-02 5.790835569387792349e+08
2.388888888888889006e-02 5.706523510162345171e+08
2.399999999999999703e-02 5.671783373598648310e+08
2.411111111111111094e-02 5.496259170573921204e+08
2.422222222222222485e-02 5.342120016190660596e+08
2.433333333333333182e-02 5.302528540565481186e+08
2.444444444444444572e-02 5.299114217678792477e+08
2.455555555555555269e-02 5.231215880647977591e+08
2.466666666666666660e-02 5.149814494546214342e+08
2.477777777777777704e-02 5.117985364746412635e+08
2.488888888888888748e-02 5.041797072934087515e+08
2.499999999999999792e-02 5.004916310487594008e+08
2.511111111111111183e-02 4.903800752096262574e+08
2.522222222222221880e-02 4.788500190899038911e+08
2.533333333333333270e-02 4.728586345187425017e+08
2.544444444444444661e-02 4.629748508167466521e+08
2.555555555555555358e-02 4.589934096155214310e+08
2.566666666666666749e-02 4.524358986154173613e+08
2.577777777777777793e-02 4.470257705058258772e+08
2.588888888888888837e-02 4.415060083415715694e+08
2.599999999999999881e-02 4.341775329013147354e+08
2.611111111111110925e-02 4.283859576976647973e+08
2.622222222222221968e-02 4.215722220626452565e+08
2.633333333333333359e-02 4.130617888198907375e+08
2.644444444444444056e-02 4.102968267206777930e+08
2.655555555555555447e-02 4.061155545393205881e+08
2.666666666666666838e-02 4.078404961171319485e+08
2.677777777777777535e-02 4.030509096566303372e+08
2.688888888888888926e-02 4.002002277771326303e+08
2.699999999999999969e-02 3.944122908625034094e+08
2.711111111111111013e-02 3.904699793205475807e+08
2.722222222222222057e-02 3.887894029475945234e+08
2.733333333333333448e-02 3.857716353908088207e+08
2.744444444444444145e-02 3.801114423198697567e+08
2.755555555555555536e-02 3.729260981956906915e+08
2.766666666666666233e-02 3.663076082901176810e+08
2.777777777777777624e-02 3.613606962433904409e+08
2.788888888888889014e-02 3.567922915501686335e+08
2.799999999999999711e-02 3.512955462601706982e+08
2.811111111111111102e-02 3.513492223766626716e+08
2.822222222222222146e-02 3.451761697170034647e+08
2.833333333333333190e-02 3.436293942785536647e+08
2.844444444444444234e-02 3.426227866028128266e+08
2.855555555555555625e-02 3.364068892046297193e+08
2.866666666666666322e-02 3.328590483987149596e+08
2.877777777777777712e-02 3.297999062896628380e+08
2.888888888888889103e-02 3.259121283418315053e+08
2.899999999999999800e-02 3.195847721494800448e+08
2.911111111111111191e-02 3.181363697764006257e+08
2.922222222222222235e-02 3.157634428077496290e+08
2.933333333333333279e-02 3.129075950058346987e+08
2.944444444444444323e-02 3.115597156847575903e+08
2.955555555555555367e-02 3.071908680807268620e+08
2.966666666666666410e-02 3.048323564537152648e+08
2.977777777777777801e-02 3.024735566733278036e+08
2.988888888888888498e-02 2.980206651997580528e+08
2.999999999999999889e-02 2.956486033785443306e+08
3.011111111111111280e-02 2.936218413179708123e+08
3.022222222222221977e-02 2.889685186384097338e+08
3.033333333333333368e-02 2.867258082680567503e+08
3.044444444444444411e-02 2.858156038786873817e+08
3.055555555555555455e-02 2.809870227820350528e+08
3.066666666666666499e-02 2.789466486381338835e+08
3.077777777777777890e-02 2.774121702633064389e+08
3.088888888888888587e-02 2.739809492760745287e+08
3.099999999999999978e-02 2.704679499465743303e+08
3.111111111111110675e-02 2.696135773310465813e+08
3.122222222222222066e-02 2.653008751484939456e+08
3.133333333333333109e-02 2.620539503492865562e+08
3.144444444444444153e-02 2.606457752346756458e+08
3.155555555555555197e-02 2.577485205904511511e+08
3.166666666666666935e-02 2.556039345951471031e+08
3.177777777777777285e-02 2.541133044470010996e+08
3.188888888888889023e-02 2.493748648634029925e+08
3.200000000000000067e-02 2.489007120883815289e+08
3.211111111111111110e-02 2.454613649631568491e+08
3.222222222222222154e-02 2.450733465113009214e+08
3.233333333333333198e-02 2.426776409457749128e+08
3.244444444444444242e-02 2.402117427340354025e+08
3.255555555555555286e-02 2.385251130431104004e+08
3.266666666666666330e-02 2.368827944991059303e+08
3.277777777777777374e-02 2.357614800175825357e+08
3.288888888888889112e-02 2.345256826263743043e+08
3.299999999999999462e-02 2.312052346892199218e+08
3.311111111111111199e-02 2.297276756897118986e+08
3.322222222222222243e-02 2.271892957447000146e+08
3.333333333333333287e-02 2.256706406491842866e+08
3.344444444444444331e-02 2.259753977474971414e+08
3.355555555555555375e-02 2.219425510986537039e+08
3.366666666666666419e-02 2.198312821882398129e+08
3.377777777777777463e-02 2.181258155532847643e+08
3.388888888888889200e-02 2.162599209506872892e+08
3.399999999999999550e-02 2.145974781059910655e+08
3.411111111111111288e-02 2.136586127628711164e+08
3.422222222222222332e-02 2.137699905518197417e+08
3.433333333333333376e-02 2.118804459517323077e+08
3.444444444444444420e-02 2.087012414414609969e+08
3.455555555555555464e-02 2.063081738992653191e+08
3.466666666666666508e-02 2.059914864576348960e+08
3.477777777777777551e-02 2.047803925469642282e+08
3.488888888888888595e-02 2.038458692858358026e+08
3.499999999999999639e-02 2.025323496251300573e+08
3.511111111111111377e-02 2.008642186194809973e+08
3.522222222222221727e-02 1.988181840670866668e+08
3.533333333333333465e-02 1.982292033676815331e+08
3.544444444444444509e-02 1.962068411508256495e+08
3.555555555555555552e-02 1.955902994136587679e+08
3.566666666666666596e-02 1.941125614235236645e+08
3.577777777777777640e-02 1.927245730232758522e+08
3.588888888888888684e-02 1.920137873549985290e+08
3.599999999999999728e-02 1.901008394273720384e+08
3.611111111111110772e-02 1.889561100057703853e+08
3.622222222222221816e-02 1.858058429329168499e+08
3.633333333333333554e-02 1.853621190175271928e+08
3.644444444444443904e-02 1.839680341686119139e+08
3.655555555555555641e-02 1.829452381481403112e+08
3.666666666666666685e-02 1.808710623043870926e+08
3.677777777777777729e-02 1.804796293851208687e+08
3.688888888888888773e-02 1.796115672331640422e+08
3.699999999999999817e-02 1.770993607094569504e+08
3.711111111111110861e-02 1.763723117895578146e+08
3.722222222222221905e-02 1.758177657067011297e+08
3.733333333333333642e-02 1.751131382911965549e+08
3.744444444444443992e-02 1.732336557152551711e+08
3.755555555555555730e-02 1.720461244825491011e+08
3.766666666666666080e-02 1.707324098789247274e+08
3.777777777777777818e-02 1.699309670794863701e+08
3.788888888888888862e-02 1.692400354975236654e+08
3.799999999999999906e-02 1.678026513137593269e+08
3.811111111111110950e-02 1.671229339081736207e+08
3.822222222222221993e-02 1.659265994765381217e+08
3.833333333333333037e-02 1.649360017032329738e+08
3.844444444444444081e-02 1.641377155388503075e+08
3.855555555555555819e-02 1.629589891441129744e+08
3.866666666666666169e-02 1.622393858116909266e+08
3.877777777777777907e-02 1.610358147501471043e+08
3.888888888888888951e-02 1.592242677105050981e+08
3.899999999999999994e-02 1.577112769457395971e+08
3.911111111111111038e-02 1.567833113639779389e+08
3.922222222222222082e-02 1.564101233025986552e+08
3.933333333333333126e-02 1.553980379664319158e+08
3.944444444444444170e-02 1.545725569235074520e+08
3.955555555555555214e-02 1.534246947093228698e+08
3.966666666666666258e-02 1.528024720112249851e+08
3.977777777777777996e-02 1.511642265091562867e+08
3.988888888888888345e-02 1.498825061801625192e+08
4.000000000000000083e-02 1.488095284850457013e+08
4.011111111111111127e-02 1.476322372611602247e+08
4.022222222222222171e-02 1.465555420495629013e+08
4.033333333333333215e-02 1.460217381119836271e+08
4.044444444444444259e-02 1.451353618883763850e+08
4.055555555555555303e-02 1.444573061601443291e+08
4.066666666666666347e-02 1.430336902552343905e+08
4.077777777777778084e-02 1.421620245018150210e+08
4.088888888888888434e-02 1.411026709780662656e+08
4.100000000000000172e-02 1.405605816426084042e+08
4.111111111111110522e-02 1.392221851063263118e+08
4.122222222222222260e-02 1.383258173247348070e+08
4.133333333333333304e-02 1.379226758646934032e+08
4.144444444444444348e-02 1.368270633109927475e+08
4.155555555555555391e-02 1.361487271547477245e+08
4.166666666666666435e-02 1.353823264141722620e+08
4.177777777777777479e-02 1.343613404071674645e+08
4.188888888888888523e-02 1.333043880209256411e+08
4.200000000000000261e-02 1.328411034764169455e+08
4.211111111111110611e-02 1.316047243145859092e+08
4.222222222222221655e-02 1.311948254152752012e+08
4.233333333333333393e-02 1.299805035577380210e+08
4.244444444444444436e-02 1.297178746558117419e+08
4.255555555555554786e-02 1.288848873258835375e+08
4.266666666666666524e-02 1.281168946668750048e+08
4.277777777777777568e-02 1.274237160432410091e+08
4.288888888888888612e-02 1.261284458302310258e+08
4.300000000000000350e-02 1.259009888490547985e+08
4.311111111111110700e-02 1.252469725423236936e+08
4.322222222222221744e-02 1.244329502694220692e+08
4.333333333333333481e-02 1.239205373839461505e+08
4.344444444444444525e-02 1.232174923162499666e+08
4.355555555555554875e-02 1.226360762135862261e+08
4.366666666666666613e-02 1.217815828174358010e+08
4.377777777777777657e-02 1.207486534925493449e+08
4.388888888888888701e-02 1.206716165395171493e+08
4.400000000000000439e-02 1.198130063742639571e+08
4.411111111111110789e-02 1.195642936630879641e+08
4.422222222222221832e-02 1.183704347881896794e+08
4.433333333333333570e-02 1.177303286445219070e+08
4.444444444444444614e-02 1.170234039353345335e+08
4.455555555555554964e-02 1.157232779210296571e+08
4.466666666666666702e-02 1.149273202986802310e+08
4.477777777777777746e-02 1.142888187455394119e+08
4.488888888888888790e-02 1.139317381099193990e+08
4.500000000000000527e-02 1.135238329856014699e+08
4.511111111111110877e-02 1.128739136331187636e+08
4.522222222222221921e-02 1.122317107706298530e+08
4.533333333333332965e-02 1.118801740494177938e+08
4.544444444444444703e-02 1.115747807936862111e+08
4.555555555555555053e-02 1.109862064809077084e+08
4.566666666666666097e-02 1.105464781646929830e+08
4.577777777777777835e-02 1.098583078496239930e+08
4.588888888888888878e-02 1.088832875370376855e+08
4.599999999999999228e-02 1.086300112566832304e+08
4.611111111111110966e-02 1.077857038272413909e+08
4.622222222222222010e-02 1.073042598896978199e+08
4.633333333333333054e-02 1.070011086720352769e+08
4.644444444444444792e-02 1.061997846114980131e+08
4.655555555555555142e-02 1.059040534480378926e+08
4.666666666666666186e-02 1.055734813839800060e+08
4.677777777777777923e-02 1.048838056963902414e+08
4.688888888888888967e-02 1.045851789790988863e+08
4.699999999999999317e-02 1.042804020440019816e+08
4.711111111111111055e-02 1.036817552654027939e+08
4.722222222222222099e-02 1.032669143532607853e+08
4.733333333333333143e-02 1.026236860307638943e+08
4.744444444444444881e-02 1.023449515525059253e+08
4.755555555555555231e-02 1.016714836443019807e+08
4.766666666666666274e-02 1.014512799578234553e+08
4.777777777777778012e-02 1.009999198633993119e+08
4.788888888888889056e-02 1.005039949403334409e+08
4.799999999999999406e-02 9.964104390480284393e+07
4.811111111111111144e-02 9.889581944501803815e+07
4.822222222222222188e-02 9.840279841316311061e+07
4.833333333333333232e-02 9.786062260107551515e+07
4.844444444444444969e-02 9.755270093864992261e+07
4.855555555555555319e-02 9.709765158693856001e+07
4.866666666666666363e-02 9.623204981817492843e+07
4.877777777777777407e-02 9.580062307555879653e+07
4.888888888888889145e-02 9.572045506275950372e+07
4.899999999999999495e-02 9.538556615035378933e+07
4.911111111111110539e-02 9.454363970321016014e+07
4.922222222222222276e-02 9.376470141518355906e+07
4.933333333333333320e-02 9.325335037455943227e+07
4.944444444444443670e-02 9.280702531005549431e+07
4.955555555555555408e-02 9.211584165355005860e+07
4.966666666666666452e-02 9.152801148868453503e+07
4.977777777777777496e-02 9.114416747389170527e+07
4.988888888888889234e-02 9.062652420450848341e+07
4.999999999999999584e-02 9.038848195278856158e+07
5.011111111111110628e-02 8.968522747917334735e+07
5.022222222222222365e-02 8.961572949849352241e+07
5.033333333333333409e-02 8.892174490797509253e+07
5.044444444444443759e-02 8.851795042129121721e+07
5.055555555555555497e-02 8.817237723407375813e+07
5.066666666666666541e-02 8.787938181832267344e+07
5.077777777777777585e-02 8.775277598530586064e+07
5.088888888888889322e-02 8.714073790071238577e+07
5.099999999999999672e-02 8.649307338588157296e+07
5.111111111111110716e-02 8.614991790266118944e+07
5.122222222222222454e-02 8.598615265219236910e+07
5.133333333333333498e-02 8.593535045653393865e+07
5.144444444444443848e-02 8.502178485079668462e+07
5.155555555555555586e-02 8.479919311591866612e+07
5.166666666666666630e-02 8.496160796728301048e+07
5.177777777777777674e-02 8.485243896393364668e+07
5.188888888888888024e-02 8.424506339670355618e+07
5.199999999999999761e-02 8.368922477150581777e+07
5.211111111111110805e-02 8.325116678237538040e+07
5.222222222222221849e-02 8.265827028258340061e+07
5.233333333333333587e-02 8.214610489386731386e+07
5.244444444444443937e-02 8.178050831235396862e+07
5.255555555555554981e-02 8.113359691126747429e+07
5.266666666666666718e-02 8.082066397853921354e+07
5.277777777777777762e-02 8.068205994511030614e+07
5.288888888888888112e-02 8.006225899846765399e+07
5.299999999999999850e-02 7.988661140075476468e+07
5.311111111111110894e-02 7.964895530597317219e+07
5.322222222222221938e-02 7.892624827973273396e+07
5.333333333333333676e-02 7.877840047904592752e+07
5.344444444444444026e-02 7.864529140845236182e+07
5.355555555555555070e-02 7.842764694703087211e+07
5.366666666666666807e-02 7.791237722857663035e+07
5.377777777777777851e-02 7.762543307615701854e+07
5.388888888888888201e-02 7.709872996302793920e+07
5.399999999999999939e-02 7.698622067424929142e+07
5.411111111111110983e-02 7.635533443150866032e+07
5.422222222222222027e-02 7.599933120487499237e+07
5.433333333333333764e-02 7.575067126109451056e+07
5.444444444444444114e-02 7.542764861815859377e+07
5.455555555555555158e-02 7.486043969417680800e+07
5.466666666666666896e-02 7.465556873890766501e+07
5.477777777777777940e-02 7.438368924736113846e+07
5.488888888888888290e-02 7.388412455160227418e+07
5.500000000000000028e-02 7.365198950323215127e+07
5.511111111111111072e-02 7.323681398927995563e+07
5.522222222222222116e-02 7.315980302110305429e+07
5.533333333333332466e-02 7.289215650771531463e+07
5.544444444444444203e-02 7.255402878432536125e+07
5.555555555555555247e-02 7.218260194114999473e+07
5.566666666666666291e-02 7.177895947018235922e+07
5.577777777777778029e-02 7.146160480308035016e+07
5.588888888888888379e-02 7.130011616531156003e+07
5.599999999999999423e-02 7.114588371053925157e+07
5.611111111111111160e-02 7.095394935336926579e+07
5.622222222222222204e-02 7.045804033472511172e+07
5.633333333333332554e-02 7.026979336593766510e+07
5.644444444444444292e-02 7.021342974099026620e+07
5.655555555555555336e-02 6.975233950040939450e+07
5.666666666666666380e-02 6.958948480454058945e+07
5.677777777777778118e-02 6.923177911460089684e+07
5.688888888888888468e-02 6.903930122908261418e+07
5.699999999999999512e-02 6.867913362476211786e+07
5.711111111111111249e-02 6.854885855377878249e+07
5.722222222222222293e-02 6.821948900065915287e+07
5.733333333333332643e-02 6.790987543451435864e+07
5.744444444444444381e-02 6.762853189936493337e+07
5.755555555555555425e-02 6.736404465473435819e+07
5.766666666666666469e-02 6.712084219750787318e+07
5.777777777777778206e-02 6.667150570298718661e+07
5.788888888888888556e-02 6.653206089233741164e+07
5.799999999999999600e-02 6.653967668348156661e+07
5.811111111111111338e-02 6.639617019554973394e+07
5.822222222222222382e-02 6.601800092719666660e+07
5.833333333333332732e-02 6.589490074072907120e+07
5.844444444444444470e-02 6.541171858603099734e+07
5.855555555555555514e-02 6.503175665271124244e+07
5.866666666666666557e-02 6.506224757884015143e+07
5.877777777777776907e-02 6.479918534296193719e+07
5.888888888888888645e-02 6.461234615559396893e+07
5.899999999999999689e-02 6.450403608448284864e+07
5.911111111111110733e-02 6.439054761217565835e+07
5.922222222222222471e-02 6.428732329976983368e+07
5.933333333333332821e-02 6.409718113159575313e+07
5.944444444444443865e-02 6.370657048770726472e+07
5.955555555555555602e-02 6.332233605957723409e+07
5.966666666666666646e-02 6.296435300843258202e+07
5.977777777777776996e-02 6.297347546890813857e+07
5.988888888888888734e-02 6.265410210677598417e+07
5.999999999999999778e-02 6.227700998179711401e+07
6.011111111111110822e-02 6.217791513511700183e+07
6.022222222222222560e-02 6.204309720194640011e+07
6.033333333333332910e-02 6.193569271898572892e+07
6.044444444444443953e-02 6.193962464221335948e+07
6.055555555555555691e-02 6.174994773380613327e+07
6.066666666666666735e-02 6.129461140884301066e+07
6.077777777777777085e-02 6.095565187406261265e+07
6.088888888888888823e-02 6.084659249897497892e+07
6.099999999999999867e-02 6.050370009115830809e+07
6.111111111111110911e-02 6.046119899788251519e+07
6.122222222222222648e-02 6.011638132699616253e+07
6.133333333333332998e-02 5.994524387542475760e+07
6.144444444444444042e-02 5.970225416052930802e+07
6.155555555555555780e-02 5.967846739715773612e+07
6.166666666666666824e-02 5.950862162215990573e+07
6.177777777777777174e-02 5.936583475542219728e+07
6.188888888888888912e-02 5.915420904700593650e+07
6.199999999999999956e-02 5.916028594713301212e+07
6.211111111111110999e-02 5.903882731978508085e+07
6.222222222222221349e-02 5.873319238099274039e+07
6.233333333333333087e-02 5.857478477063595504e+07
6.244444444444444131e-02 5.838378880032281578e+07
6.255555555555554481e-02 5.819583539277876168e+07
6.266666666666666219e-02 5.796452151213494688e+07
6.277777777777777957e-02 5.769515184852343053e+07
6.288888888888888307e-02 5.728172712632132322e+07
6.300000000000000044e-02 5.713695432092836499e+07
6.311111111111110394e-02 5.701717243557284027e+07
6.322222222222222132e-02 5.698885648830532283e+07
6.333333333333333870e-02 5.692469022893048078e+07
6.344444444444444220e-02 5.664624268468458951e+07
6.355555555555554570e-02 5.662188463857867569e+07
6.366666666666666308e-02 5.645744104014512897e+07
6.377777777777778045e-02 5.621262947609090060e+07
6.388888888888888395e-02 5.609173586489734054e+07
6.400000000000000133e-02 5.579102729330922663e+07
6.411111111111110483e-02 5.563068562094397098e+07
6.422222222222222221e-02 5.539332698178407550e+07
6.433333333333333959e-02 5.511893408506623656e+07
6.444444444444444309e-02 5.498769742318465561e+07
6.455555555555554659e-02 5.465038074881823361e+07
6.466666666666666397e-02 5.447808739560910314e+07
6.477777777777778134e-02 5.448560957961057872e+07
6.488888888888888484e-02 5.414707924219096452e+07
6.500000000000000222e-02 5.397279776767122000e+07
6.511111111111110572e-02 5.388054512766430527e+07
6.522222222222222310e-02 5.377658735973605514e+07
6.533333333333332660e-02 5.364428274922802299e+07
6.544444444444444398e-02 5.355497904673381895e+07
6.555555555555554748e-02 5.337180474418817461e+07
6.566666666666666485e-02 5.297998778374709189e+07
6.577777777777778223e-02 5.284168007913738489e+07
6.588888888888888573e-02 5.268613640394910425e+07
6.599999999999998923e-02 5.252162054520385712e+07
6.611111111111110661e-02 5.239999790047723800e+07
6.622222222222222399e-02 5.221185929484697431e+07
6.633333333333332749e-02 5.197837876080520451e+07
6.644444444444444486e-02 5.191884291837729514e+07
6.655555555555554836e-02 5.184007380138550699e+07
6.666666666666666574e-02 5.173111160251068324e+07
6.677777777777778312e-02 5.160048632650536299e+07
6.688888888888888662e-02 5.146330765997938067e+07
6.699999999999999012e-02 5.150666104100736231e+07
6.711111111111110750e-02 5.125982304127361625e+07
6.722222222222222487e-02 5.110564059715308249e+07
6.733333333333332837e-02 5.089190292454214394e+07
6.744444444444444575e-02 5.073966076820451021e+07
6.755555555555554925e-02 5.048390383829450607e+07
6.766666666666666663e-02 5.031955759318151325e+07
6.777777777777778401e-02 5.022192187014772743e+07
6.788888888888888751e-02 5.021579196392583847e+07
6.799999999999999101e-02 5.001091228952943534e+07
6.811111111111110838e-02 4.980124864986714721e+07
6.822222222222222576e-02 4.953746705209634453e+07
6.833333333333332926e-02 4.939277817305438966e+07
6.844444444444444664e-02 4.930651636792296916e+07
6.855555555555555014e-02 4.921769774317037314e+07
6.866666666666666752e-02 4.906589055088595301e+07
6.877777777777777102e-02 4.888421946004964411e+07
6.888888888888888840e-02 4.875427192658199370e+07
6.899999999999999190e-02 4.862815812875168771e+07
6.911111111111110927e-02 4.842229190850131214e+07
6.922222222222222665e-02 4.820000347248542309e+07
6.933333333333333015e-02 4.809629193935251236e+07
6.944444444444443365e-02 4.804073965013893694e+07
6.955555555555555103e-02 4.806612118383887410e+07
6.966666666666666841e-02 4.798357774209956825e+07
6.977777777777777191e-02 4.783899853581343591e+07
6.988888888888888928e-02 4.749418125103580207e+07
6.999999999999999278e-02 4.753727490741263330e+07
7.011111111111111016e-02 4.742106181006430835e+07
7.022222222222222754e-02 4.735445941401097178e+07
7.033333333333333104e-02 4.708453561804646999e+07
7.044444444444443454e-02 4.692203951597131044e+07
7.055555555555555192e-02 4.685804389307918400e+07
7.066666666666666929e-02 4.675008003900910914e+07
7.077777777777777279e-02 4.670721775028662384e+07
7.088888888888889017e-02 4.639481434871633351e+07
7.099999999999999367e-02 4.631384722985577583e+07
7.111111111111111105e-02 4.624087542291291058e+07
7.122222222222222843e-02 4.608946077705901861e+07
7.133333333333333193e-02 4.603745060756643116e+07
7.144444444444443543e-02 4.615458641234132648e+07
7.155555555555555280e-02 4.604849163326125592e+07
7.166666666666667018e-02 4.588742080357743800e+07
7.177777777777777368e-02 4.572381212310230732e+07
7.188888888888889106e-02 4.551000862376818806e+07
7.199999999999999456e-02 4.542152907413260639e+07
7.211111111111111194e-02 4.514305133261469007e+07
7.222222222222221544e-02 4.514028380034416914e+07
7.233333333333333282e-02 4.509041016519972682e+07
7.244444444444443632e-02 4.510672014773845673e+07
7.255555555555555369e-02 4.480957602053868026e+07
7.266666666666667107e-02 4.473487085493940115e+07
7.277777777777777457e-02 4.463870015747786313e+07
7.288888888888887807e-02 4.454462727374994010e+07
7.299999999999999545e-02 4.436507630670413375e+07
7.311111111111111283e-02 4.426076520116341114e+07
7.322222222222221633e-02 4.421623766186796129e+07
7.333333333333333370e-02 4.399869393167957664e+07
7.344444444444443720e-02 4.368234414019376040e+07
7.355555555555555458e-02 4.365039494050864130e+07
7.366666666666667196e-02 4.369910529318735749e+07
7.377777777777777546e-02 4.349523947389576584e+07
7.388888888888887896e-02 4.322115268702042103e+07
7.399999999999999634e-02 4.307791351612483710e+07
7.411111111111111371e-02 4.286735756300735474e+07
7.422222222222221721e-02 4.297047346567702293e+07
7.433333333333333459e-02 4.296057706581567228e+07
7.444444444444443809e-02 4.297127363417399675e+07
7.455555555555555547e-02 4.277542274379698932e+07
7.466666666666667285e-02 4.263802169504966587e+07
7.477777777777777635e-02 4.237921287902046740e+07
7.488888888888887985e-02 4.234544032377046347e+07
7.499999999999999722e-02 4.209336020641396195e+07
7.511111111111111460e-02 4.202737865483118594e+07
7.522222222222221810e-02 4.191238168042522669e+07
7.533333333333332160e-02 4.178541964756882191e+07
7.544444444444443898e-02 4.156585715708521008e+07
7.555555555555555636e-02 4.149826749546181411e+07
7.566666666666665986e-02 4.134575294954147935e+07
7.577777777777777724e-02 4.120542025637600571e+07
7.588888888888888073e-02 4.112956252513968945e+07
7.599999999999999811e-02 4.102774676957143098e+07
7.611111111111111549e-02 4.100822532800449431e+07
7.622222222222221899e-02 4.086679086846841127e+07
7.633333333333332249e-02 4.066684365927901119e+07
7.644444444444443987e-02 4.059221049782963097e+07
7.655555555555555725e-02 4.045899708784277737e+07
7.666666666666666075e-02 4.035501317171116173e+07
7.677777777777777812e-02 4.025405894314509630e+07
7.688888888888888162e-02 4.000731476803706586e+07
7.699999999999999900e-02 3.996092580989389122e+07
7.711111111111111638e-02 3.983017205845960975e+07
7.722222222222221988e-02 3.967588225575934350e+07
7.733333333333332338e-02 3.958519365215501934e+07
7.744444444444444076e-02 3.951153502982319146e+07
7.755555555555555813e-02 3.940324847403585166e+07
7.766666666666666163e-02 3.941394366123254597e+07
7.777777777777777901e-02 3.930432058904067427e+07
7.788888888888888251e-02 3.915166245737626404e+07
7.799999999999999989e-02 3.910343065146532655e+07
7.811111111111111727e-02 3.901581847167702019e+07
7.822222222222222077e-02 3.900806231422802806e+07
7.833333333333332427e-02 3.897211630389014632e+07
7.844444444444444164e-02 3.862267279362816364e+07
7.855555555555555902e-02 3.851399016011495888e+07
7.866666666666666252e-02 3.843351402483598888e+07
7.877777777777776602e-02 3.848345112586357445e+07
7.888888888888888340e-02 3.844337641544087231e+07
7.900000000000000078e-02 3.844743140657880157e+07
7.911111111111110428e-02 3.848127942996250093e+07
7.922222222222222165e-02 3.840815397619136423e+07
7.933333333333332515e-02 3.833293086540026218e+07
7.944444444444444253e-02 3.830342425875254720e+07
7.955555555555555991e-02 3.814735451466824859e+07
7.966666666666666341e-02 3.802737103994198143e+07
7.977777777777776691e-02 3.795514264556496590e+07
7.988888888888888429e-02 3.778663949608374387e+07
8.000000000000000167e-02 3.773448009531610459e+07
8.011111111111110517e-02 3.762221338390481472e+07
8.022222222222222254e-02 3.764112664012502879e+07
8.033333333333332604e-02 3.746879275686130673e+07
8.044444444444444342e-02 3.742643750015041977e+07
8.055555555555556080e-02 3.738238764154300094e+07
8.066666666666666430e-02 3.719665148818008602e+07
8.077777777777776780e-02 3.717222278135676682e+07
8.088888888888888518e-02 3.712149075565704703e+07
8.100000000000000255e-02 3.711209552535486221e+07
8.111111111111110605e-02 3.690322188376108557e+07
8.122222222222222343e-02 3.683757530988197774e+07
8.133333333333332693e-02 3.671608832364247739e+07
8.144444444444444431e-02 3.656179177368707955e+07
8.155555555555556169e-02 3.653646737272515148e+07
8.166666666666666519e-02 3.621417989795710891e+07
8.177777777777776869e-02 3.617327925707647204e+07
8.188888888888888606e-02 3.601889815992416441e+07
8.200000000000000344e-02 3.593763863009189814e+07
8.211111111111110694e-02 3.587360490040535480e+07
8.222222222222221044e-02 3.587417348211494088e+07
8.233333333333332782e-02 3.587110507249771804e+07
8.244444444444444520e-02 3.576792944219560176e+07
8.255555555555554870e-02 3.586631560858780891e+07
8.266666666666666607e-02 3.589485798339260370e+07
8.277777777777776957e-02 3.582508278901503980e+07
8.288888888888888695e-02 3.571279718362768739e+07
8.300000000000000433e-02 3.568241943039632589e+07
8.311111111111110783e-02 3.562453497063830495e+07
8.322222222222221133e-02 3.547345564080304652e+07
8.333333333333332871e-02 3.546749504696273804e+07
8.344444444444444609e-02 3.534273354225725681e+07
8.355555555555554959e-02 3.529010588614138961e+07
8.366666666666666696e-02 3.535028614180467278e+07
8.377777777777777046e-02 3.526970515701290220e+07
8.388888888888888784e-02 3.509637153166928142e+07
8.400000000000000522e-02 3.487952791450425982e+07
8.411111111111109484e-02 3.478577364927678555e+07
8.422222222222221222e-02 3.461345376235424727e+07
8.433333333333332960e-02 3.458844128939712793e+07
8.444444444444443310e-02 3.444669023779556155e+07
8.455555555555555047e-02 3.431106255336587876e+07
8.466666666666666785e-02 3.426011948096614331e+07
8.477777777777777135e-02 3.427951021927651018e+07
8.488888888888888873e-02 3.410810906765080988e+07
8.500000000000000611e-02 3.412798902445164323e+07
8.511111111111109573e-02 3.409793117414917797e+07
8.522222222222221311e-02 3.409649106575434655e+07
8.533333333333333048e-02 3.412264815027911216e+07
8.544444444444443398e-02 3.399249208453325182e+07
8.555555555555555136e-02 3.401723490014842898e+07
8.566666666666666874e-02 3.396622183699338138e+07
8.577777777777777224e-02 3.396001780018789321e+07
8.588888888888888962e-02 3.400630868557144701e+07
8.600000000000000699e-02 3.390994466304626316e+07
8.611111111111109662e-02 3.398150559325984120e+07
8.622222222222221399e-02 3.395259782775131613e+07
8.633333333333333137e-02 3.391402640038280934e+07
8.644444444444443487e-02 3.371114582361647487e+07
8.655555555555555225e-02 3.372725439844836295e+07
8.666666666666666963e-02 3.346057648647353053e+07
8.677777777777777313e-02 3.325760231521268934e+07
8.688888888888889050e-02 3.320007204280870408e+07
8.700000000000000788e-02 3.317601928272936866e+07
8.711111111111109750e-02 3.318389451418246329e+07
8.722222222222221488e-02 3.305271997570821270e+07
8.733333333333333226e-02 3.306510480996719003e+07
8.744444444444443576e-02 3.293347764881394804e+07
8.755555555555555314e-02 3.275479215829547495e+07
8.766666666666667052e-02 3.266874566253791749e+07
8.777777777777777402e-02 3.255719062652360275e+07
8.788888888888889139e-02 3.245595639521787316e+07
8.800000000000000877e-02 3.230915339337573946e+07
8.811111111111109839e-02 3.215907694372785836e+07
8.822222222222221577e-02 3.216411498461547494e+07
8.833333333333333315e-02 3.201625980790247768e+07
8.844444444444443665e-02 3.196916597459956631e+07
8.855555555555555403e-02 3.197955565664693713e+07
8.866666666666667140e-02 3.191702626038281247e+07
8.877777777777777490e-02 3.189152550871403143e+07
8.888888888888889228e-02 3.185478203768225759e+07
8.900000000000000966e-02 3.169609899069188163e+07
8.911111111111109928e-02 3.172774820391906053e+07
8.922222222222221666e-02 3.163396080732946843e+07
8.933333333333333404e-02 3.163999656558301672e+07
8.944444444444443754e-02 3.161267894443735480e+07
8.955555555555555491e-02 3.152398158297067881e+07
8.966666666666667229e-02 3.156317434599304572e+07
8.977777777777777579e-02 3.150160512757537141e+07
8.988888888888889317e-02 3.148140351852660254e+07
9.000000000000001055e-02 3.132675415185130388e+07
9.011111111111110017e-02 3.133578204338033497e+07
9.022222222222221755e-02 3.142480770615878701e+07
9.033333333333333492e-02 3.129425368880077079e+07
9.044444444444443842e-02 3.130986301030401513e+07
9.055555555555555580e-02 3.115267368534773961e+07
9.066666666666665930e-02 3.102671685403950140e+07
9.077777777777777668e-02 3.098217251186859608e+07
9.088888888888889406e-02 3.096548009429235011e+07
9.099999999999998368e-02 3.080183896351091936e+07
9.111111111111110106e-02 3.054838470734591410e+07
9.122222222222221844e-02 3.051595656340442225e+07
9.133333333333332194e-02 3.028312291598717123e+07
9.144444444444443931e-02 3.035028736957472935e+07
9.155555555555555669e-02 3.039977983201242238e+07
9.166666666666666019e-02 3.033823190997588262e+07
9.177777777777777757e-02 3.031380940018591285e+07
9.188888888888889495e-02 3.019562037705168501e+07
9.199999999999998457e-02 3.024392200399063900e+07
9.211111111111110195e-02 3.020020242223072425e+07
9.222222222222221932e-02 3.012183982460716367e+07
9.233333333333332282e-02 3.000896208969071507e+07
9.244444444444444020e-02 3.000045465027221665e+07
9.255555555555555758e-02 3.006339650484387949e+07
9.266666666666666108e-02 2.985369232393596694e+07
9.277777777777777846e-02 2.977481842615156248e+07
9.288888888888889583e-02 2.972136666544940695e+07
9.299999999999998546e-02 2.961265974412780628e+07
9.311111111111110283e-02 2.950603109315631166e+07
9.322222222222222021e-02 2.956852135113922507e+07
9.333333333333332371e-02 2.946126366088159010e+07
9.344444444444444109e-02 2.943089964838074520e+07
9.355555555555555847e-02 2.930523363038123772e+07
9.366666666666666197e-02 2.948438418676834181e+07
9.377777777777777934e-02 2.946756529378746077e+07
9.388888888888889672e-02 2.934847008994786441e+07
9.399999999999998634e-02 2.937835542177827284e+07
9.411111111111110372e-02 2.931909497037447616e+07
9.422222222222222110e-02 2.942687460317959636e+07
9.433333333333332460e-02 2.944400403027401492e+07
9.444444444444444198e-02 2.938147031617366895e+07
9.455555555555555935e-02 2.931607432451698929e+07
9.466666666666666285e-02 2.939610920964693278e+07
9.477777777777778023e-02 2.940538914318669587e+07
9.488888888888889761e-02 2.929482455782621354e+07
9.499999999999998723e-02 2.927698549649800733e+07
9.511111111111110461e-02 2.920230771755556762e+07
9.522222222222222199e-02 2.925909893480660021e+07
9.533333333333332549e-02 2.901629700075677037e+07
9.544444444444444287e-02 2.905278591156982258e+07
9.555555555555556024e-02 2.897894515707651153e+07
9.566666666666666374e-02 2.889945624895995483e+07
9.577777777777778112e-02 2.905433563746092469e+07
9.588888888888889850e-02 2.903351337872688100e+07
9.599999999999998812e-02 2.891496922305227444e+07
9.611111111111110550e-02 2.896408161140204221e+07
9.622222222222222288e-02 2.885227961394597590e+07
9.633333333333332638e-02 2.868271085602268577e+07
9.644444444444444375e-02 2.884515103211329132e+07
9.655555555555556113e-02 2.880779624095236510e+07
9.666666666666666463e-02 2.886137693013101444e+07
9.677777777777778201e-02 2.860402655103833973e+07
9.688888888888889939e-02 2.860691140240118280e+07
9.699999999999998901e-02 2.837882671725573018e+07
9.711111111111110639e-02 2.825015351433983445e+07
9.722222222222220989e-02 2.820439814701042324e+07
9.733333333333332726e-02 2.810242066744616255e+07
9.744444444444444464e-02 2.817621657163480669e+07
9.755555555555554814e-02 2.791579628297444060e+07
9.766666666666666552e-02 2.779521489023979008e+07
9.777777777777778290e-02 2.740582318425215036e+07
9.788888888888887252e-02 2.735623670033201948e+07
9.799999999999998990e-02 2.725840507849787548e+07
9.811111111111110727e-02 2.742066667187517509e+07
9.822222222222221077e-02 2.751221892129867524e+07
9.833333333333332815e-02 2.740685712686438859e+07
9.844444444444444553e-02 2.750758957172144577e+07
9.855555555555554903e-02 2.754278342404875159e+07
9.866666666666666641e-02 2.746535685007089376e+07
9.877777777777778379e-02 2.728797273570373654e+07
9.888888888888887341e-02 2.732275504252582788e+07
9.899999999999999079e-02 2.724954238572871312e+07
9.911111111111110816e-02 2.716883420695997030e+07
9.922222222222221166e-02 2.730222859197263047e+07
9.933333333333332904e-02 2.735899246530411765e+07
9.944444444444444642e-02 2.725806872862331197e+07
9.955555555555554992e-02 2.711127902037739381e+07
9.966666666666666730e-02 2.693156001725870371e+07
9.977777777777778467e-02 2.670119889175215736e+07
9.988888888888887430e-02 2.666192409755186737e+07
9.999999999999999167e-02 2.677873595732945949e+07
1.001111111111111091e-01 2.669715709943015873e+07
1.002222222222222126e-01 2.657978402720071375e+07
1.003333333333333299e-01 2.654902518926814198e+07
1.004444444444444473e-01 2.676733570474392176e+07
1.005555555555555508e-01 2.673501950892838463e+07
1.006666666666666682e-01 2.686226837324085459e+07
1.007777777777777856e-01 2.675547658922230080e+07
1.008888888888888752e-01 2.651991317012369633e+07
1.009999999999999926e-01 2.641659252042828128e+07
1.011111111111111099e-01 2.636524094149991125e+07
1.012222222222222134e-01 2.633601225938519463e+07
1.013333333333333308e-01 2.610756028745818511e+07
1.014444444444444482e-01 2.603254318078290299e+07
1.015555555555555517e-01 2.588753503015876189e+07
1.016666666666666691e-01 2.601207278995115682e+07
1.017777777777777864e-01 2.584936171454708651e+07
1.018888888888888761e-01 2.587121681457848847e+07
1.019999999999999934e-01 2.597950299760504439e+07
1.021111111111111108e-01 2.585762193133881316e+07
1.022222222222222143e-01 2.586766159357310832e+07
1.023333333333333317e-01 2.598004729042548686e+07
1.024444444444444491e-01 2.599340042315559834e+07
1.025555555555555526e-01 2.589126148389723524e+07
1.026666666666666700e-01 2.599339987881152332e+07
1.027777777777777873e-01 2.589879514217836037e+07
1.028888888888888770e-01 2.581362443216100708e+07
1.029999999999999943e-01 2.581280289232876152e+07
1.031111111111111117e-01 2.567806800208896026e+07
1.032222222222222152e-01 2.562591308212409914e+07
1.033333333333333326e-01 2.565978641301861405e+07
1.034444444444444500e-01 2.556250061549507827e+07
1.035555555555555535e-01 2.546140583685195819e+07
1.036666666666666708e-01 2.528443482723471150e+07
1.037777777777777605e-01 2.529879912214150652e+07
1.038888888888888778e-01 2.521644811474854499e+07
1.039999999999999952e-01 2.520988445147978514e+07
1.041111111111110987e-01 2.509397674515532330e+07
1.042222222222222161e-01 2.503534282867595181e+07
1.043333333333333335e-01 2.488021769353250787e+07
1.044444444444444370e-01 2.476937605736998469e+07
1.045555555555555544e-01 2.490137268685591966e+07
1.046666666666666717e-01 2.496801382477577403e+07
1.047777777777777614e-01 2.485886172443180904e+07
1.048888888888888787e-01 2.476427926474231482e+07
1.049999999999999961e-01 2.459068626581635326e+07
1.051111111111110996e-01 2.464631885145018622e+07
1.052222222222222170e-01 2.453992371258938313e+07
1.053333333333333344e-01 2.453611323350702971e+07
1.054444444444444379e-01 2.439899544118552655e+07
1.055555555555555552e-01 2.446796594829061255e+07
1.056666666666666726e-01 2.445118652634824440e+07
1.057777777777777622e-01 2.458543057624041662e+07
1.058888888888888796e-01 2.466147161758541316e+07
1.059999999999999970e-01 2.473656041841283813e+07
1.061111111111111005e-01 2.471743099586138129e+07
1.062222222222222179e-01 2.468131916500134021e+07
1.063333333333333353e-01 2.467011967673861235e+07
1.064444444444444388e-01 2.468189362901058421e+07
1.065555555555555561e-01 2.451910883851613477e+07
1.066666666666666735e-01 2.453154000960905477e+07
1.067777777777777631e-01 2.454798840416194499e+07
1.068888888888888805e-01 2.442020798114254698e+07
1.069999999999999979e-01 2.434546970953059569e+07
1.071111111111111014e-01 2.450138257358932123e+07
1.072222222222222188e-01 2.448331080897988379e+07
1.073333333333333361e-01 2.436356224623783305e+07
1.074444444444444396e-01 2.434694380928640068e+07
1.075555555555555570e-01 2.432589781563078240e+07
1.076666666666666744e-01 2.436110946440439299e+07
1.077777777777777640e-01 2.432823683636551350e+07
1.078888888888888814e-01 2.427202342560093850e+07
1.079999999999999988e-01 2.422978448867495731e+07
1.081111111111111023e-01 2.420000144288264588e+07
1.082222222222222197e-01 2.419434155567128956e+07
1.083333333333333370e-01 2.420036849873316661e+07
1.084444444444444405e-01 2.411798214423500746e+07
1.085555555555555579e-01 2.420649095825689286e+07
1.086666666666666753e-01 2.426919298214979470e+07
1.087777777777777649e-01 2.436823211839373410e+07
1.088888888888888823e-01 2.426659993656149507e+07
1.089999999999999997e-01 2.425228622612463310e+07
1.091111111111111032e-01 2.417209259682364389e+07
1.092222222222222205e-01 2.413114809733942524e+07
1.093333333333333379e-01 2.403442421683221310e+07
1.094444444444444414e-01 2.397923997836437449e+07
1.095555555555555588e-01 2.397829314342318103e+07
1.096666666666666762e-01 2.388973907154206559e+07
1.097777777777777658e-01 2.374931104260910302e+07
1.098888888888888832e-01 2.374290071620886773e+07
1.100000000000000006e-01 2.372375853329813108e+07
1.101111111111111041e-01 2.370735051347367465e+07
1.102222222222222214e-01 2.364569105974103883e+07
1.103333333333333388e-01 2.362847525486727804e+07
1.104444444444444423e-01 2.358896607622113451e+07
1.105555555555555597e-01 2.354387795595678687e+07
1.106666666666666493e-01 2.354346454657694325e+07
1.107777777777777667e-01 2.346108611236546561e+07
1.108888888888888841e-01 2.345196286333587766e+07
1.109999999999999876e-01 2.357635132709051669e+07
1.111111111111111049e-01 2.355965079710697383e+07
1.112222222222222223e-01 2.350687742968061939e+07
1.113333333333333258e-01 2.325578320448819175e+07
1.114444444444444432e-01 2.322418356329416111e+07
1.115555555555555606e-01 2.326707336983972415e+07
1.116666666666666502e-01 2.325059307902172580e+07
1.117777777777777676e-01 2.319092380302706361e+07
1.118888888888888850e-01 2.317865877512254566e+07
1.119999999999999885e-01 2.314122318796997890e+07
1.121111111111111058e-01 2.318040866136142239e+07
1.122222222222222232e-01 2.318020822267858312e+07
1.123333333333333267e-01 2.312469882008755207e+07
1.124444444444444441e-01 2.312213234572248906e+07
1.125555555555555615e-01 2.318187291840914264e+07
1.126666666666666511e-01 2.322178032242247090e+07
1.127777777777777685e-01 2.310113137263345718e+07
1.128888888888888858e-01 2.310223924972000346e+07
1.129999999999999893e-01 2.311613355213555694e+07
1.131111111111111067e-01 2.303592164071013033e+07
1.132222222222222241e-01 2.306616917930419743e+07
1.133333333333333276e-01 2.300878188130202144e+07
1.134444444444444450e-01 2.301536397656783462e+07
1.135555555555555624e-01 2.292569313222691044e+07
1.136666666666666520e-01 2.284464041181113198e+07
1.137777777777777694e-01 2.272231481527176499e+07
1.138888888888888867e-01 2.269318465921261162e+07
1.139999999999999902e-01 2.264624786336908862e+07
1.141111111111111076e-01 2.266063801123514026e+07
1.142222222222222250e-01 2.264487788577345386e+07
1.143333333333333285e-01 2.255391924220589921e+07
1.144444444444444459e-01 2.249731938818532974e+07
1.145555555555555632e-01 2.245682220522242039e+07
1.146666666666666529e-01 2.239802775336921215e+07
1.147777777777777702e-01 2.235153527500360459e+07
1.148888888888888876e-01 2.228601695686126873e+07
1.149999999999999911e-01 2.232710922979746759e+07
1.151111111111111085e-01 2.236035520538884774e+07
1.152222222222222259e-01 2.218480978655793145e+07
1.153333333333333294e-01 2.215943812231950089e+07
1.154444444444444468e-01 2.221809891782583296e+07
1.155555555555555641e-01 2.221517250727273896e+07
1.156666666666666538e-01 2.213148284548823535e+07
1.157777777777777711e-01 2.222144419372746721e+07
1.158888888888888885e-01 2.217228368504941836e+07
1.159999999999999920e-01 2.212362026615586132e+07
1.161111111111111094e-01 2.208912913142604008e+07
1.162222222222222268e-01 2.204418742712101340e+07
1.163333333333333303e-01 2.190830301916853338e+07
1.164444444444444476e-01 2.179780747485059127e+07
1.165555555555555650e-01 2.169400781074625999e+07
1.166666666666666546e-01 2.169947382938028872e+07
1.167777777777777720e-01 2.152620896776188910e+07
1.168888888888888894e-01 2.155457788278082386e+07
1.169999999999999929e-01 2.154179743288108334e+07
1.171111111111111103e-01 2.165498806585240364e+07
1.172222222222222138e-01 2.157405538544625044e+07
1.173333333333333311e-01 2.161713611960826814e+07
1.174444444444444485e-01 2.156879870035731047e+07
1.175555555555555381e-01 2.162156031808499247e+07
1.176666666666666555e-01 2.151152166678315401e+07
1.177777777777777729e-01 2.136692058367441222e+07
1.178888888888888764e-01 2.137871228544949740e+07
1.179999999999999938e-01 2.140848273790017143e+07
1.181111111111111112e-01 2.142459288143258914e+07
1.182222222222222147e-01 2.150617986274262890e+07
1.183333333333333320e-01 2.141328617977558449e+07
1.184444444444444494e-01 2.137215889348401502e+07
1.185555555555555390e-01 2.136990181090359390e+07
1.186666666666666564e-01 2.150697260881765932e+07
1.187777777777777738e-01 2.150376714413575456e+07
1.188888888888888773e-01 2.154089896450603753e+07
1.189999999999999947e-01 2.149513773105775192e+07
1.191111111111111120e-01 2.136991025773949921e+07
1.192222222222222155e-01 2.147176755908012390e+07
1.193333333333333329e-01 2.136449201167504489e+07
1.194444444444444503e-01 2.133724524893185124e+07
1.195555555555555399e-01 2.136603947692881525e+07
1.196666666666666573e-01 2.132219422691955045e+07
1.197777777777777747e-01 2.145021277507015318e+07
1.198888888888888782e-01 2.135013791955287755e+07
1.199999999999999956e-01 2.128551162716449425e+07
1.201111111111111129e-01 2.112540974618992582e+07
1.202222222222222164e-01 2.108290974174457788e+07
1.203333333333333338e-01 2.092081212898277491e+07
1.204444444444444512e-01 2.084695850352424383e+07
1.205555555555555408e-01 2.091069054828179255e+07
1.206666666666666582e-01 2.080947836887825653e+07
1.207777777777777756e-01 2.079522910287058353e+07
1.208888888888888791e-01 2.082910965426250175e+07
1.209999999999999964e-01 2.098969115351349115e+07
1.211111111111111138e-01 2.105246110519977659e+07
1.212222222222222173e-01 2.111090569153856859e+07
1.213333333333333347e-01 2.117199420537929609e+07
1.214444444444444521e-01 2.124738744520204887e+07
1.215555555555555417e-01 2.123449763267795742e+07
1.216666666666666591e-01 2.109198866671965644e+07
1.217777777777777765e-01 2.111004297996530682e+07
1.218888888888888800e-01 2.091387855782994628e+07
1.219999999999999973e-01 2.094632645002277941e+07
1.221111111111111147e-01 2.100427948678923771e+07
1.222222222222222182e-01 2.089852419099911302e+07
1.223333333333333356e-01 2.081230596922909841e+07
1.224444444444444530e-01 2.086097449883630499e+07
1.225555555555555426e-01 2.087487057618468255e+07
1.226666666666666600e-01 2.089417973508119956e+07
1.227777777777777773e-01 2.092421354034494236e+07
1.228888888888888808e-01 2.104581530595662072e+07
1.229999999999999982e-01 2.086484056284142658e+07
1.231111111111111156e-01 2.070867358604032546e+07
1.232222222222222191e-01 2.067928155604574829e+07
1.233333333333333365e-01 2.059233300260216743e+07
1.234444444444444539e-01 2.059131558707791194e+07
1.235555555555555435e-01 2.061538097622923926e+07
1.236666666666666609e-01 2.057054837833770365e+07
1.237777777777777782e-01 2.069932747623588145e+07
1.238888888888888817e-01 2.062628817084659636e+07
1.239999999999999991e-01 2.058611737920975313e+07
1.241111111111111026e-01 2.041783379503481835e+07
1.242222222222222200e-01 2.026758971036380529e+07
1.243333333333333374e-01 2.040160238401854783e+07
1.244444444444444270e-01 2.044830840011776239e+07
1.245555555555555444e-01 2.052618337699984759e+07
1.246666666666666617e-01 2.055867068914873526e+07
1.247777777777777652e-01 2.062332765818717331e+07
1.248888888888888826e-01 2.069599219943071157e+07
1.250000000000000000e-01 2.060970372461081296e+07
1.251111111111110896e-01 2.052437152568246424e+07
1.252222222222222070e-01 2.055562592035557702e+07
1.253333333333333244e-01 2.066617480337066576e+07
1.254444444444444418e-01 2.056803793092188612e+07
1.255555555555555591e-01 2.061735755303725973e+07
1.256666666666666765e-01 2.064527189427747950e+07
1.257777777777777661e-01 2.060911822637934238e+07
1.258888888888888835e-01 2.060872571287832037e+07
1.260000000000000009e-01 2.071597574173819274e+07
1.261111111111110905e-01 2.069936529543548822e+07
1.262222222222222079e-01 2.062760425569542125e+07
1.263333333333333253e-01 2.057136038007484749e+07
1.264444444444444426e-01 2.048756979033088684e+07
1.265555555555555600e-01 2.036810906776218116e+07
1.266666666666666774e-01 2.028935238773404434e+07
1.267777777777777670e-01 2.027325586732691526e+07
1.268888888888888844e-01 2.016034153909754381e+07
1.270000000000000018e-01 2.022145760667710379e+07
1.271111111111110914e-01 2.015873867571096867e+07
1.272222222222222088e-01 2.014231266127984226e+07
1.273333333333333262e-01 2.010979317647105828e+07
1.274444444444444435e-01 2.015647040568654612e+07
1.275555555555555609e-01 2.011567558196333423e+07
1.276666666666666783e-01 1.994140021374391392e+07
1.277777777777777679e-01 1.988328491292676702e+07
1.278888888888888853e-01 1.987673325889794901e+07
1.280000000000000027e-01 1.976020030726839975e+07
1.281111111111110923e-01 1.970012626508871838e+07
1.282222222222222097e-01 1.969608039194955304e+07
1.283333333333333270e-01 1.965510139185208827e+07
1.284444444444444444e-01 1.964901691028828546e+07
1.285555555555555618e-01 1.959394233614594862e+07
1.286666666666666792e-01 1.950410456963873282e+07
1.287777777777777688e-01 1.946997827678710595e+07
1.288888888888888862e-01 1.943711227754862234e+07
1.290000000000000036e-01 1.943934523982860148e+07
1.291111111111110932e-01 1.940254372513853386e+07
1.292222222222222106e-01 1.940980571659705788e+07
1.293333333333333279e-01 1.943663508753990382e+07
1.294444444444444453e-01 1.942743401188673079e+07
1.295555555555555627e-01 1.944950133731436357e+07
1.296666666666666801e-01 1.949601430707938969e+07
1.297777777777777697e-01 1.949914916271564364e+07
1.298888888888888871e-01 1.944085993801491335e+07
1.300000000000000044e-01 1.940202351986401156e+07
1.301111111111110941e-01 1.940228763083109632e+07
1.302222222222222114e-01 1.935582480213243887e+07
1.303333333333333288e-01 1.930777951728109270e+07
1.304444444444444462e-01 1.931534184088167548e+07
1.305555555555555636e-01 1.930484882794808224e+07
1.306666666666666532e-01 1.927435951314621419e+07
1.307777777777777706e-01 1.927549053896874562e+07
1.308888888888888880e-01 1.921138974856572226e+07
1.309999999999999776e-01 1.919744406817400455e+07
1.311111111111110950e-01 1.924330828386031091e+07
1.312222222222222123e-01 1.933434025831665471e+07
1.313333333333333297e-01 1.937780560357875377e+07
1.314444444444444471e-01 1.937000639416475222e+07
1.315555555555555645e-01 1.937415914799099788e+07
1.316666666666666541e-01 1.934646023763537407e+07
1.317777777777777715e-01 1.937526483761668950e+07
1.318888888888888888e-01 1.932880438875239715e+07
1.319999999999999785e-01 1.930557845870590210e+07
1.321111111111110958e-01 1.926593374713894352e+07
1.322222222222222132e-01 1.922047261915295944e+07
1.323333333333333306e-01 1.922412518649727106e+07
1.324444444444444480e-01 1.919240607151559368e+07
1.325555555555555654e-01 1.914240836978364363e+07
1.326666666666666550e-01 1.909648328782219440e+07
1.327777777777777724e-01 1.909122770793313533e+07
1.328888888888888897e-01 1.904654149293096736e+07
1.329999999999999793e-01 1.899296527382663637e+07
1.331111111111110967e-01 1.897227522102717310e+07
1.332222222222222141e-01 1.893175940366672724e+07
1.333333333333333315e-01 1.895178151432041451e+07
1.334444444444444489e-01 1.897302075869837776e+07
1.335555555555555662e-01 1.895582956444971636e+07
1.336666666666666559e-01 1.894811432303414121e+07
1.337777777777777732e-01 1.889971808344284818e+07
1.338888888888888906e-01 1.887062901583884656e+07
1.339999999999999802e-01 1.888371440250864625e+07
1.341111111111110976e-01 1.883522982542529330e+07
1.342222222222222150e-01 1.885412922202115133e+07
1.343333333333333324e-01 1.885448579318159819e+07
1.344444444444444497e-01 1.889736650551879779e+07
1.345555555555555671e-01 1.890833385267091170e+07
1.346666666666666567e-01 1.890927589838327840e+07
1.347777777777777741e-01 1.894139334182158485e+07
1.348888888888888915e-01 1.895273101310198754e+07
1.349999999999999811e-01 1.894700384155913070e+07
1.351111111111110985e-01 1.891694721943541989e+07
1.352222222222222159e-01 1.887467887247753888e+07
1.353333333333333333e-01 1.883980938129343092e+07
1.354444444444444506e-01 1.883957917299965397e+07
1.355555555555555680e-01 1.887917146636796370e+07
1.356666666666666576e-01 1.888903377051230147e+07
1.357777777777777750e-01 1.888036324097895250e+07
1.358888888888888924e-01 1.891583317448779941e+07
1.359999999999999820e-01 1.888962595754614845e+07
1.361111111111110994e-01 1.885510589674937725e+07
1.362222222222222168e-01 1.880126929057782143e+07
1.363333333333333341e-01 1.877343069434781745e+07
1.364444444444444515e-01 1.876036480704769865e+07
1.365555555555555689e-01 1.866701786349223927e+07
1.366666666666666585e-01 1.866337992375756800e+07
1.367777777777777759e-01 1.864905822771526501e+07
1.368888888888888933e-01 1.866853868620396033e+07
1.369999999999999829e-01 1.859178052668543160e+07
1.371111111111111003e-01 1.852109476091182232e+07
1.372222222222222177e-01 1.847994765637667477e+07
1.373333333333333350e-01 1.849297051465771347e+07
1.374444444444444524e-01 1.849126396517799422e+07
1.375555555555555420e-01 1.846369148114253581e+07
1.376666666666666594e-01 1.842732579221368581e+07
1.377777777777777768e-01 1.844414967914962769e+07
1.378888888888888664e-01 1.848038510270546377e+07
1.379999999999999838e-01 1.847086681658992171e+07
1.381111111111111012e-01 1.852492574580008537e+07
1.382222222222222185e-01 1.853812844922430813e+07
1.383333333333333359e-01 1.858727635600351542e+07
1.384444444444444533e-01 1.864656715106246993e+07
1.385555555555555429e-01 1.863851239601826295e+07
1.386666666666666603e-01 1.856509075184052065e+07
1.387777777777777777e-01 1.851122891198273376e+07
1.388888888888888673e-01 1.849927836516826227e+07
1.389999999999999847e-01 1.847501607479934394e+07
1.391111111111111021e-01 1.848193657284597680e+07
1.392222222222222194e-01 1.847237001410315186e+07
1.393333333333333368e-01 1.846755209255592525e+07
1.394444444444444542e-01 1.846941863465977460e+07
1.395555555555555438e-01 1.845314690628316253e+07
1.396666666666666612e-01 1.841314962509666756e+07
1.397777777777777786e-01 1.834071257622551173e+07
1.398888888888888682e-01 1.833566737890647724e+07
1.399999999999999856e-01 1.826575372963926569e+07
1.401111111111111029e-01 1.820633215431363881e+07
1.402222222222222203e-01 1.821219684907800704e+07
1.403333333333333377e-01 1.820492870464443043e+07
1.404444444444444551e-01 1.819526246280443296e+07
1.405555555555555447e-01 1.822097735599051788e+07
1.406666666666666621e-01 1.829926635588798672e+07
1.407777777777777795e-01 1.827864725284475088e+07
1.408888888888888691e-01 1.824761682623644918e+07
1.409999999999999865e-01 1.826334552308093384e+07
1.411111111111111038e-01 1.825234418224659190e+07
1.412222222222222212e-01 1.829802460377517715e+07
1.413333333333333386e-01 1.824018617680509388e+07
1.414444444444444560e-01 1.824597661748240516e+07
1.415555555555555456e-01 1.823950853050900996e+07
1.416666666666666630e-01 1.824398806540308148e+07
1.417777777777777803e-01 1.824857253044808656e+07
1.418888888888888700e-01 1.823477922049972415e+07
1.419999999999999873e-01 1.819955962376363948e+07
1.421111111111111047e-01 1.816357911873088777e+07
1.422222222222222221e-01 1.814443634919368103e+07
1.423333333333333395e-01 1.811936647403312474e+07
1.424444444444444569e-01 1.814918456778816134e+07
1.425555555555555465e-01 1.811699296554279327e+07
1.426666666666666639e-01 1.814266692377398163e+07
1.427777777777777812e-01 1.813590752894051000e+07
1.428888888888888709e-01 1.812671947537679598e+07
1.429999999999999882e-01 1.807119084075352550e+07
1.431111111111111056e-01 1.805242163991127163e+07
1.432222222222222230e-01 1.801825024307519570e+07
1.433333333333333404e-01 1.799705940345498547e+07
1.434444444444444577e-01 1.798873886630527675e+07
1.435555555555555474e-01 1.791344654850920290e+07
1.436666666666666647e-01 1.789529740268789977e+07
1.437777777777777821e-01 1.792102332794000581e+07
1.438888888888888717e-01 1.796866564075624943e+07
1.439999999999999891e-01 1.792341928940413892e+07
1.441111111111111065e-01 1.791048043484982848e+07
1.442222222222222239e-01 1.788067161644493788e+07
1.443333333333333413e-01 1.788295608951523900e+07
1.444444444444444309e-01 1.790366094236332178e+07
1.445555555555555483e-01 1.792139516051931307e+07
1.446666666666666656e-01 1.787168970893310383e+07
1.447777777777777553e-01 1.786511562467648089e+07
1.448888888888888726e-01 1.786248227426633984e+07
1.449999999999999900e-01 1.783994153105919063e+07
1.451111111111111074e-01 1.783781017145184055e+07
1.452222222222222248e-01 1.783287050132564828e+07
1.453333333333333421e-01 1.782913853389312327e+07
1.454444444444444318e-01 1.784128054282199964e+07
1.455555555555555491e-01 1.781515499223060533e+07
1.456666666666666665e-01 1.781479135618057102e+07
1.457777777777777561e-01 1.782678348379954323e+07
1.458888888888888735e-01 1.780761004292655364e+07
1.459999999999999909e-01 1.785233716936908290e+07
1.461111111111111083e-01 1.784033453452296183e+07
1.462222222222222257e-01 1.779256870714442804e+07
1.463333333333333430e-01 1.778582808945553750e+07
1.464444444444444327e-01 1.782230974344404787e+07
1.465555555555555500e-01 1.779888382946978509e+07
1.466666666666666674e-01 1.782320251072423533e+07
1.467777777777777570e-01 1.783621010606054589e+07
1.468888888888888744e-01 1.783728466913035139e+07
1.469999999999999918e-01 1.785278553030452505e+07
1.471111111111111092e-01 1.784438374358251318e+07
1.472222222222222265e-01 1.783956209342223033e+07
1.473333333333333439e-01 1.784833027104436234e+07
1.474444444444444335e-01 1.785461442082358897e+07
1.475555555555555509e-01 1.785918238974394649e+07
1.476666666666666683e-01 1.787453087172928452e+07
1.477777777777777579e-01 1.787319226780498028e+07
1.478888888888888753e-01 1.784568370122300088e+07
1.479999999999999927e-01 1.783729083732300624e+07
1.481111111111111101e-01 1.778861365437816828e+07
1.482222222222222274e-01 1.779816992359502241e+07
1.483333333333333448e-01 1.780676737696939707e+07
1.484444444444444344e-01 1.782403761413050815e+07
1.485555555555555518e-01 1.782083471808788553e+07
1.486666666666666692e-01 1.776973823371814564e+07
1.487777777777777588e-01 1.771608471738317609e+07
1.488888888888888762e-01 1.774976278656738251e+07
1.489999999999999936e-01 1.780651145702843741e+07
1.491111111111111109e-01 1.781240091715998948e+07
1.492222222222222283e-01 1.778280518705359846e+07
1.493333333333333457e-01 1.779160657141175121e+07
1.494444444444444353e-01 1.777522150035053864e+07
1.495555555555555527e-01 1.776658211584207416e+07
1.496666666666666701e-01 1.775831367562811449e+07
1.497777777777777597e-01 1.780742943523572013e+07
1.498888888888888771e-01 1.774036682847637683e+07
1.499999999999999944e-01 1.768417865506818518e+07
1.501111111111111118e-01 1.765837818836508319e+07
1.502222222222222292e-01 1.769936868897189945e+07
1.503333333333333466e-01 1.768522382369572297e+07
1.504444444444444362e-01 1.771867348792640492e+07
1.505555555555555536e-01 1.773119808337489516e+07
1.506666666666666432e-01 1.776759911421785504e+07
1.507777777777777606e-01 1.775222684360680357e+07
1.508888888888888780e-01 1.767920559774648398e+07
1.509999999999999953e-01 1.766064432394587994e+07
1.511111111111111127e-01 1.763254036046063155e+07
1.512222222222222301e-01 1.764614348173014075e+07
1.513333333333333197e-01 1.762594530637421459e+07
1.514444444444444371e-01 1.763850293917172030e+07
1.515555555555555545e-01 1.765188889172608033e+07
1.516666666666666441e-01 1.759180389488588274e+07
1.517777777777777615e-01 1.756983966018613800e+07
1.518888888888888788e-01 1.756594217966576293e+07
1.519999999999999962e-01 1.758275847138428688e+07
1.521111111111111136e-01 1.755272387455923110e+07
1.522222222222222310e-01 1.753795362285822257e+07
1.523333333333333206e-01 1.747552483663550392e+07
1.524444444444444380e-01 1.750826999608605355e+07
1.525555555555555554e-01 1.750179765568480641e+07
1.526666666666666450e-01 1.750868675724571571e+07
1.527777777777777624e-01 1.750290603249137476e+07
1.528888888888888797e-01 1.748991008264242858e+07
1.529999999999999971e-01 1.744207300148802251e+07
1.531111111111111145e-01 1.739935113011734560e+07
1.532222222222222319e-01 1.739059398473981023e+07
1.533333333333333215e-01 1.741225301824985072e+07
1.534444444444444389e-01 1.740568703849566355e+07
1.535555555555555562e-01 1.741735512085581198e+07
1.536666666666666459e-01 1.740475463158816844e+07
1.537777777777777632e-01 1.736544400186664984e+07
1.538888888888888806e-01 1.734460299618070573e+07
1.539999999999999980e-01 1.734838816951835901e+07
1.541111111111111154e-01 1.736717329238703847e+07
1.542222222222222328e-01 1.735384618548053876e+07
1.543333333333333224e-01 1.735152417221821472e+07
1.544444444444444398e-01 1.732219496220754832e+07
1.545555555555555571e-01 1.731799094932813570e+07
1.546666666666666468e-01 1.732019948004979268e+07
1.547777777777777641e-01 1.732892636164234206e+07
1.548888888888888815e-01 1.729314367790536210e+07
1.549999999999999989e-01 1.732715173992334306e+07
1.551111111111111163e-01 1.729666015814423561e+07
1.552222222222222336e-01 1.728895806216951832e+07
1.553333333333333233e-01 1.725235568104963377e+07
1.554444444444444406e-01 1.722464729438507929e+07
1.555555555555555580e-01 1.722647655259293690e+07
1.556666666666666476e-01 1.721271621284063905e+07
1.557777777777777650e-01 1.718699625718994439e+07
1.558888888888888824e-01 1.715474738127619773e+07
1.559999999999999998e-01 1.715337320057937875e+07
1.561111111111111172e-01 1.717385763308433071e+07
1.562222222222222345e-01 1.715519576282445341e+07
1.563333333333333242e-01 1.715883671291292459e+07
1.564444444444444415e-01 1.717824376331806183e+07
1.565555555555555589e-01 1.717462341788085923e+07
1.566666666666666485e-01 1.720904739515231550e+07
1.567777777777777659e-01 1.722328733021416515e+07
1.568888888888888833e-01 1.720143405247029662e+07
1.570000000000000007e-01 1.720393730472660810e+07
1.571111111111111180e-01 1.721903105262101442e+07
1.572222222222222354e-01 1.720496056677067652e+07
1.573333333333333250e-01 1.718664343433530629e+07
1.574444444444444424e-01 1.721862491191771626e+07
1.575555555555555320e-01 1.718386917292314023e+07
1.576666666666666494e-01 1.716796460019796342e+07
1.577777777777777668e-01 1.720900631278901547e+07
1.578888888888888842e-01 1.718737949069588259e+07
1.580000000000000016e-01 1.720756904996235296e+07
1.581111111111111189e-01 1.723539501513043791e+07
1.582222222222222086e-01 1.723831450268807635e+07
1.583333333333333259e-01 1.723618680410931259e+07
1.584444444444444433e-01 1.725035020850324258e+07
1.585555555555555329e-01 1.725413460660803691e+07
1.586666666666666503e-01 1.724581206332208216e+07
1.587777777777777677e-01 1.723126409657855704e+07
1.588888888888888851e-01 1.724445867579241470e+07
1.590000000000000024e-01 1.723242366620490700e+07
1.591111111111111198e-01 1.717775412898934260e+07
1.592222222222222094e-01 1.715339586102535203e+07
1.593333333333333268e-01 1.715017603431084752e+07
1.594444444444444442e-01 1.713924124731593579e+07
1.595555555555555338e-01 1.715574644090101495e+07
1.596666666666666512e-01 1.716067416635355353e+07
1.597777777777777686e-01 1.715299815702436492e+07
1.598888888888888860e-01 1.713076539485486597e+07
1.600000000000000033e-01 1.714484909389204532e+07
1.601111111111111207e-01 1.715456004423644394e+07
1.602222222222222103e-01 1.714533476719431207e+07
1.603333333333333277e-01 1.710142237663023919e+07
1.604444444444444451e-01 1.710322841067876667e+07
1.605555555555555347e-01 1.706772687135817483e+07
1.606666666666666521e-01 1.705585962456455827e+07
1.607777777777777695e-01 1.701425794253646582e+07
1.608888888888888868e-01 1.703115161710393429e+07
1.610000000000000042e-01 1.701599520975375548e+07
1.611111111111111216e-01 1.703574858990394697e+07
1.612222222222222112e-01 1.699415881715546176e+07
1.613333333333333286e-01 1.699269202386004478e+07
1.614444444444444460e-01 1.697917790846780315e+07
1.615555555555555356e-01 1.696977598228799552e+07
1.616666666666666530e-01 1.698762843686936051e+07
1.617777777777777704e-01 1.697403701548458263e+07
1.618888888888888877e-01 1.695922419598649442e+07
1.620000000000000051e-01 1.691801594866323471e+07
1.621111111111111225e-01 1.692039145656733215e+07
1.622222222222222121e-01 1.687801530390154943e+07
1.623333333333333295e-01 1.689073244183979928e+07
1.624444444444444469e-01 1.695482062773628533e+07
1.625555555555555365e-01 1.687930073095906153e+07
1.626666666666666539e-01 1.688324316267145425e+07
1.627777777777777712e-01 1.693296745476828143e+07
1.628888888888888886e-01 1.696605202089619264e+07
1.630000000000000060e-01 1.697368489934465289e+07
1.631111111111111234e-01 1.695431868564612791e+07
1.632222222222222130e-01 1.692566942399460822e+07
1.633333333333333304e-01 1.690714585641359910e+07
1.634444444444444478e-01 1.689991595822430775e+07
1.635555555555555374e-01 1.687777070457869023e+07
1.636666666666666548e-01 1.684333242477837950e+07
1.637777777777777721e-01 1.683986177391148731e+07
1.638888888888888895e-01 1.687200722197303176e+07
1.640000000000000069e-01 1.682504466324267909e+07
1.641111111111110965e-01 1.685695003967387602e+07
1.642222222222222139e-01 1.684670749617512152e+07
1.643333333333333313e-01 1.677289185872161388e+07
1.644444444444444209e-01 1.678731393770667166e+07
1.645555555555555383e-01 1.682314850116744637e+07
1.646666666666666556e-01 1.684604493528937176e+07
1.647777777777777730e-01 1.683442374346474186e+07
1.648888888888888904e-01 1.683319020833468810e+07
1.650000000000000078e-01 1.685910111732501537e+07
1.651111111111110974e-01 1.686524618212654814e+07
1.652222222222222148e-01 1.687118521858674288e+07
1.653333333333333321e-01 1.687985099422487617e+07
1.654444444444444218e-01 1.686248381068388000e+07
1.655555555555555391e-01 1.688219425025799870e+07
1.656666666666666565e-01 1.684934082139321044e+07
1.657777777777777739e-01 1.686208357607228309e+07
1.658888888888888913e-01 1.686607639619071409e+07
1.660000000000000087e-01 1.684564778184075654e+07
1.661111111111110983e-01 1.685177376694012806e+07
1.662222222222222157e-01 1.684225868427871168e+07
1.663333333333333330e-01 1.687662368774967268e+07
1.664444444444444227e-01 1.685670608115839958e+07
1.665555555555555400e-01 1.686024929224631563e+07
