0.000000000000000000e+00 1.008532183330932818e+07
1.333333333333333397e-04 1.190871301348825917e+07
2.666666666666666794e-04 1.676403231304033846e+07
4.000000000000000192e-04 2.513462061267786101e+07
5.333333333333333589e-04 3.945373005101548135e+07
6.666666666666666444e-04 5.637770866749051213e+07
8.000000000000000383e-04 6.904908037328185141e+07
9.333333333333333239e-04 1.015031653439152390e+08
1.066666666666666718e-03 1.422301812561341822e+08
1.200000000000000112e-03 1.780518598424809277e+08
1.333333333333333289e-03 1.906463784300911129e+08
1.466666666666666683e-03 2.829769473782901764e+08
1.600000000000000077e-03 3.109697179975520968e+08
1.733333333333333471e-03 3.767490937704958320e+08
1.866666666666666648e-03 4.277406146056973934e+08
2.000000000000000042e-03 5.001923393639634848e+08
2.133333333333333436e-03 5.933818422468173504e+08
2.266666666666666829e-03 6.285821070592919588e+08
2.400000000000000223e-03 5.665409786179964542e+08
2.533333333333333184e-03 5.897784327120133638e+08
2.666666666666666578e-03 6.932676099689744711e+08
2.800000000000000405e-03 7.493502628169932365e+08
2.933333333333333365e-03 8.702721404850152731e+08
3.066666666666666759e-03 9.487748767105565071e+08
3.200000000000000153e-03 9.986013749950445890e+08
3.333333333333333547e-03 1.090960730637199640e+09
3.466666666666666941e-03 1.185206261032379389e+09
3.600000000000000335e-03 9.917363437221519947e+08
3.733333333333333295e-03 9.702653156377743483e+08
3.866666666666667123e-03 1.072468610477782488e+09
4.000000000000000083e-03 1.387488543858931303e+09
4.133333333333333477e-03 1.998127558296342373e+09
4.266666666666666871e-03 2.491633337455727577e+09
4.400000000000000265e-03 3.042748097849703312e+09
4.533333333333333659e-03 3.957186383841709614e+09
4.666666666666667053e-03 4.138221116426598072e+09
4.800000000000000447e-03 4.490672079035961151e+09
4.933333333333333841e-03 4.645261347252101898e+09
5.066666666666666367e-03 4.456242049547688484e+09
5.200000000000000629e-03 4.823084508977141380e+09
5.333333333333333155e-03 3.762839017049400330e+09
5.466666666666667417e-03 3.686102544425658226e+09
5.600000000000000810e-03 3.333100739461043358e+09
5.733333333333333337e-03 2.876802780792758465e+09
5.866666666666666731e-03 3.120021484299236774e+09
6.000000000000000992e-03 3.074062054677650452e+09
6.133333333333333519e-03 3.054389712111487865e+09
6.266666666666666913e-03 2.930783865998748779e+09
6.400000000000000307e-03 2.907286640010104179e+09
6.533333333333332833e-03 2.716407616832645416e+09
6.666666666666667095e-03 2.861629769127050400e+09
6.800000000000000488e-03 3.104074919182534218e+09
6.933333333333333882e-03 3.311707224676060200e+09
7.066666666666666409e-03 3.741475686510634422e+09
7.200000000000000670e-03 3.638336899348258972e+09
7.333333333333334064e-03 4.104268336345401764e+09
7.466666666666666591e-03 4.093769391558147907e+09
7.599999999999999985e-03 4.095614705052179813e+09
7.733333333333334246e-03 3.872037087574561119e+09
7.866666666666665905e-03 3.937466330320816040e+09
8.000000000000000167e-03 4.437348343183612823e+09
8.133333333333334428e-03 3.965328159249355793e+09
8.266666666666666954e-03 4.430491500627189636e+09
8.399999999999999481e-03 4.712410419483583450e+09
8.533333333333333742e-03 4.792972330228664398e+09
8.666666666666668004e-03 4.984275154794236183e+09
8.800000000000000530e-03 5.017568626719266891e+09
8.933333333333333057e-03 5.366166762365074158e+09
9.066666666666667318e-03 5.330956020443776131e+09
9.200000000000001579e-03 5.046115855293184280e+09
9.333333333333334106e-03 5.372703155170948982e+09
9.466666666666666632e-03 5.145337148197627068e+09
9.600000000000000894e-03 5.155549826051564217e+09
9.733333333333333420e-03 5.053194446222272873e+09
9.866666666666667682e-03 5.403773530804476738e+09
1.000000000000000021e-02 5.237969580979220390e+09
1.013333333333333273e-02 5.840823410818350792e+09
1.026666666666666700e-02 6.453755629790668488e+09
1.040000000000000126e-02 6.487437730434246063e+09
1.053333333333333378e-02 6.916198648345882416e+09
1.066666666666666631e-02 6.433063906907366753e+09
1.079999999999999884e-02 6.630118805371262550e+09
1.093333333333333483e-02 6.157328868621892929e+09
1.106666666666666736e-02 6.140983571008536339e+09
1.120000000000000162e-02 6.575012655162210464e+09
1.133333333333333415e-02 5.971410573363023758e+09
1.146666666666666667e-02 5.268486539764581680e+09
1.160000000000000094e-02 4.739296289853157997e+09
1.173333333333333346e-02 4.208255724310869217e+09
1.186666666666666599e-02 3.850737089076182365e+09
1.200000000000000198e-02 3.891963826874397278e+09
1.213333333333333451e-02 3.983997558857802391e+09
1.226666666666666704e-02 3.600822548123509884e+09
1.240000000000000130e-02 3.864464281363547325e+09
1.253333333333333383e-02 3.668269299594098091e+09
1.266666666666666635e-02 3.890777079062005043e+09
1.280000000000000061e-02 3.699764545382144451e+09
1.293333333333333314e-02 4.059224600346173286e+09
1.306666666666666567e-02 4.025877212348151207e+09
1.320000000000000166e-02 4.206124725749046326e+09
1.333333333333333419e-02 4.873716436331435204e+09
1.346666666666666845e-02 4.814606761234678268e+09
1.360000000000000098e-02 5.488810731484655380e+09
1.373333333333333350e-02 5.716098092046317101e+09
1.386666666666666776e-02 5.554038213229907990e+09
1.400000000000000029e-02 5.549081139091503143e+09
1.413333333333333282e-02 5.599371296200378418e+09
1.426666666666666881e-02 5.675985410700124741e+09
1.440000000000000134e-02 5.489848891345143318e+09
1.453333333333333387e-02 5.322193352404413223e+09
1.466666666666666813e-02 5.370373542947621346e+09
1.480000000000000066e-02 5.389968872084609985e+09
1.493333333333333318e-02 5.248978932210475922e+09
1.506666666666666744e-02 5.027023480196936607e+09
1.519999999999999997e-02 4.732129094681715965e+09
1.533333333333333250e-02 4.325323717775227547e+09
1.546666666666666849e-02 4.021289326588074684e+09
1.560000000000000102e-02 4.134166930887412548e+09
1.573333333333333181e-02 3.740398109499302864e+09
1.586666666666666781e-02 3.674218461744417667e+09
1.600000000000000033e-02 3.598790038500077724e+09
1.613333333333333633e-02 3.360962849607932568e+09
1.626666666666666886e-02 3.386658556803052902e+09
1.640000000000000138e-02 3.158437338452623367e+09
1.653333333333333391e-02 2.939390842907680035e+09
1.666666666666666644e-02 2.838904202522985935e+09
1.679999999999999896e-02 2.677871064912696362e+09
1.693333333333333496e-02 2.502748514894430637e+09
1.706666666666666748e-02 2.434654406851949215e+09
1.720000000000000001e-02 2.389344557236684799e+09
1.733333333333333601e-02 2.295401313783385277e+09
1.746666666666666853e-02 2.183390608430699825e+09
1.760000000000000106e-02 2.069856076744377375e+09
1.773333333333333359e-02 1.970116963498609304e+09
1.786666666666666611e-02 1.902206310333842278e+09
1.799999999999999864e-02 1.787703904574556828e+09
1.813333333333333464e-02 1.733588213417500973e+09
1.826666666666666716e-02 1.691829251418682575e+09
1.840000000000000316e-02 1.645416419350131035e+09
1.853333333333333569e-02 1.611060465413967371e+09
1.866666666666666821e-02 1.536101672666975737e+09
1.880000000000000074e-02 1.495581832435126543e+09
1.893333333333333326e-02 1.460533101880081654e+09
1.906666666666666579e-02 1.395042914834508657e+09
1.920000000000000179e-02 1.352717516251862764e+09
1.933333333333333431e-02 1.320738501493801117e+09
1.946666666666666684e-02 1.287948061623093367e+09
1.960000000000000284e-02 1.258812416388525486e+09
1.973333333333333536e-02 1.210092399565629959e+09
1.986666666666666789e-02 1.161210353874777079e+09
2.000000000000000042e-02 1.130165342917003393e+09
2.013333333333333294e-02 1.108568344592487574e+09
2.026666666666666547e-02 1.083452992126615286e+09
2.040000000000000147e-02 1.041366272870500445e+09
2.053333333333333399e-02 1.008560001514701486e+09
2.066666666666666652e-02 9.891783108851424456e+08
2.080000000000000251e-02 9.608029034894127846e+08
2.093333333333333504e-02 9.276901166408065557e+08
2.106666666666666757e-02 9.079780637073899508e+08
2.120000000000000009e-02 8.786786808200988770e+08
2.133333333333333262e-02 8.534718713782029152e+08
2.146666666666666515e-02 8.410217932210282087e+08
2.159999999999999767e-02 8.229632006835099459e+08
2.173333333333333714e-02 8.131271299166985750e+08
2.186666666666666967e-02 7.857805744054729939e+08
2.200000000000000219e-02 7.634246217218562365e+08
2.213333333333333472e-02 7.507387088749737740e+08
2.226666666666666725e-02 7.464145184520467520e+08
2.240000000000000324e-02 7.266269992281383276e+08
2.253333333333333577e-02 7.131382027092050314e+08
2.266666666666666829e-02 6.994997868366456032e+08
2.280000000000000082e-02 6.866688794938725233e+08
2.293333333333333335e-02 6.675832304253461361e+08
2.306666666666666587e-02 6.520222342881178856e+08
2.320000000000000187e-02 6.388329319454847574e+08
2.333333333333333440e-02 6.287984311919412613e+08
2.346666666666666692e-02 6.230239009765074253e+08
2.359999999999999945e-02 6.082962053742809296e+08
2.373333333333333198e-02 5.991400366920279264e+08
2.386666666666666450e-02 5.838064292519944906e+08
2.400000000000000397e-02 5.704914624583137035e+08
2.413333333333333650e-02 5.593884437298690081e+08
2.426666666666666902e-02 5.485894967963609695e+08
2.440000000000000155e-02 5.431050445049841404e+08
2.453333333333333408e-02 5.371328528293569088e+08
2.466666666666667007e-02 5.255445464200636148e+08
2.480000000000000260e-02 5.130715412273042798e+08
2.493333333333333512e-02 5.080876508297123909e+08
2.506666666666666765e-02 5.015495117382943034e+08
2.520000000000000018e-02 4.894105407112423778e+08
2.533333333333333270e-02 4.806046561573078632e+08
2.546666666666666870e-02 4.750340370990272164e+08
2.560000000000000123e-02 4.696475208002794981e+08
2.573333333333333375e-02 4.630682728084738255e+08
2.586666666666666628e-02 4.556701192314981818e+08
2.599999999999999881e-02 4.463156059995510578e+08
2.613333333333333133e-02 4.398454518738281727e+08
2.626666666666667080e-02 4.307777146580667496e+08
2.640000000000000333e-02 4.265305502491589785e+08
2.653333333333333585e-02 4.192925954774041176e+08
2.666666666666666838e-02 4.100440242292398810e+08
2.680000000000000090e-02 4.074300558187441230e+08
2.693333333333333690e-02 4.015943775577331185e+08
2.706666666666666943e-02 3.923917841866950989e+08
2.720000000000000195e-02 3.900889632255396843e+08
2.733333333333333448e-02 3.810445649439075589e+08
2.746666666666666701e-02 3.779895335099690557e+08
2.759999999999999953e-02 3.722405555293022394e+08
2.773333333333333553e-02 3.687684917867629528e+08
2.786666666666666806e-02 3.677250564002113342e+08
2.800000000000000058e-02 3.601065680370168686e+08
2.813333333333333311e-02 3.545986186440461874e+08
2.826666666666666564e-02 3.493525088501862288e+08
2.839999999999999816e-02 3.433963997934631109e+08
2.853333333333333763e-02 3.398892279130607247e+08
2.866666666666667015e-02 3.347468372280116081e+08
2.880000000000000268e-02 3.335538863862506747e+08
2.893333333333333521e-02 3.293384407466037273e+08
2.906666666666666773e-02 3.256017174943069816e+08
2.920000000000000026e-02 3.224805572571991086e+08
2.933333333333333626e-02 3.184316893652241230e+08
2.946666666666666878e-02 3.128494057226442099e+08
2.960000000000000131e-02 3.089816057972487807e+08
2.973333333333333384e-02 3.081830613218404055e+08
2.986666666666666636e-02 3.038342510054376721e+08
3.000000000000000236e-02 3.004848141798348427e+08
3.013333333333333489e-02 2.968044148801520467e+08
3.026666666666666741e-02 2.927794027406894565e+08
3.039999999999999994e-02 2.903289597952752113e+08
3.053333333333333247e-02 2.861824378619672656e+08
3.066666666666666499e-02 2.828842546546556950e+08
3.080000000000000446e-02 2.807295018121480346e+08
3.093333333333333698e-02 2.752746483434564471e+08
3.106666666666666951e-02 2.742132869100152254e+08
3.120000000000000204e-02 2.697333438643863797e+08
3.133333333333333109e-02 2.670466752511193454e+08
3.146666666666666362e-02 2.638704591551014185e+08
3.160000000000000309e-02 2.628501031169050038e+08
3.173333333333333561e-02 2.589096012565199137e+08
3.186666666666666814e-02 2.573525255954843760e+08
3.200000000000000067e-02 2.549247661144278944e+08
3.213333333333333319e-02 2.523762144567265213e+08
3.226666666666667266e-02 2.506386323099979460e+08
3.240000000000000518e-02 2.474166764421995282e+08
3.253333333333333771e-02 2.447581327212293446e+08
3.266666666666667024e-02 2.419842499452720881e+08
3.280000000000000276e-02 2.414507281199236512e+08
3.293333333333333529e-02 2.391483379460651577e+08
3.306666666666666782e-02 2.370506580982625484e+08
3.320000000000000034e-02 2.341065660678031445e+08
3.333333333333333287e-02 2.313303944935506880e+08
3.346666666666666540e-02 2.296672203950013220e+08
3.359999999999999792e-02 2.274835138478216827e+08
3.373333333333333045e-02 2.256908118519591093e+08
3.386666666666666992e-02 2.227525181305211484e+08
3.400000000000000244e-02 2.207222763339242041e+08
3.413333333333333497e-02 2.187938261336553395e+08
3.426666666666666750e-02 2.168715808680347204e+08
3.440000000000000002e-02 2.144998411443064511e+08
3.453333333333333949e-02 2.133698205318711698e+08
3.466666666666667201e-02 2.115767453115898371e+08
3.480000000000000454e-02 2.091818369189133942e+08
3.493333333333333707e-02 2.073294133144206703e+08
3.506666666666666959e-02 2.053866472209554315e+08
3.520000000000000212e-02 2.029732716403125823e+08
3.533333333333333465e-02 2.008521076233181059e+08
3.546666666666666717e-02 1.994136409493060410e+08
3.559999999999999970e-02 1.980959797422459424e+08
3.573333333333333223e-02 1.960805948154398799e+08
3.586666666666666475e-02 1.938663689600506425e+08
3.599999999999999728e-02 1.923619762560823262e+08
3.613333333333333675e-02 1.905466154265429974e+08
3.626666666666666927e-02 1.888114922946280241e+08
3.640000000000000180e-02 1.874957280780066550e+08
3.653333333333333433e-02 1.854953017396486998e+08
3.666666666666666685e-02 1.839318749472059608e+08
3.680000000000000632e-02 1.822061363401135504e+08
3.693333333333333884e-02 1.811794177368147373e+08
3.706666666666667137e-02 1.794006015866704881e+08
3.720000000000000390e-02 1.787753323742013276e+08
3.733333333333333642e-02 1.770852507425550818e+08
3.746666666666666895e-02 1.758133075843735933e+08
3.760000000000000148e-02 1.744921420284681618e+08
3.773333333333333400e-02 1.735353392219263613e+08
3.786666666666666653e-02 1.718867085515774786e+08
3.799999999999999906e-02 1.699226817797069550e+08
3.813333333333333158e-02 1.686458195243285894e+08
3.826666666666666411e-02 1.675742754192293286e+08
3.840000000000000357e-02 1.660947936640165746e+08
3.853333333333333610e-02 1.651903171931259334e+08
3.866666666666666863e-02 1.636205363256551027e+08
3.880000000000000115e-02 1.620028705160344541e+08
3.893333333333333368e-02 1.605114800261485279e+08
3.906666666666667315e-02 1.595115779581158161e+08
3.920000000000000567e-02 1.585716255634439588e+08
3.933333333333333820e-02 1.576919370542269349e+08
3.946666666666667073e-02 1.562985027478986084e+08
3.960000000000000325e-02 1.552335045994792581e+08
3.973333333333333578e-02 1.538460084298310578e+08
3.986666666666666831e-02 1.526864646535219848e+08
4.000000000000000083e-02 1.514273307824181020e+08
4.013333333333333336e-02 1.503707367738336325e+08
4.026666666666666589e-02 1.490538559526545107e+08
4.039999999999999841e-02 1.478530973170154691e+08
4.053333333333333094e-02 1.471916454942469001e+08
4.066666666666667040e-02 1.458751876612690687e+08
4.080000000000000293e-02 1.448138453818193674e+08
4.093333333333333546e-02 1.433508484254677296e+08
4.106666666666666798e-02 1.424892761692411602e+08
4.120000000000000051e-02 1.412948571910157800e+08
4.133333333333333304e-02 1.401711805587280989e+08
4.146666666666667250e-02 1.393363271111903191e+08
4.160000000000000503e-02 1.385885056819050610e+08
4.173333333333333756e-02 1.376913994439097941e+08
4.186666666666667008e-02 1.366009246561022103e+08
4.200000000000000261e-02 1.356139463740904927e+08
4.213333333333333514e-02 1.348454690195101798e+08
4.226666666666666766e-02 1.338221777180770487e+08
4.240000000000000019e-02 1.330323645005455613e+08
4.253333333333333965e-02 1.323800212574096322e+08
4.266666666666666524e-02 1.310582857642070651e+08
4.280000000000000471e-02 1.303184521278911382e+08
4.293333333333333030e-02 1.292312055397611260e+08
4.306666666666666976e-02 1.283012395221817940e+08
4.319999999999999535e-02 1.273332852008491307e+08
4.333333333333333481e-02 1.268406910132830292e+08
4.346666666666667428e-02 1.261579453786705583e+08
4.359999999999999987e-02 1.251958620813653618e+08
4.373333333333333933e-02 1.246281918888236880e+08
4.386666666666666492e-02 1.239481738552104533e+08
4.400000000000000439e-02 1.232291299030308276e+08
4.413333333333333691e-02 1.225270812501810640e+08
4.426666666666666944e-02 1.218113475354847908e+08
4.440000000000000197e-02 1.210031656835712790e+08
4.453333333333333449e-02 1.200789744946496189e+08
4.466666666666666702e-02 1.191226545596203059e+08
4.480000000000000648e-02 1.184836934114241153e+08
4.493333333333333207e-02 1.179236448825440258e+08
4.506666666666667154e-02 1.172986342619343549e+08
4.519999999999999712e-02 1.165122145876551718e+08
4.533333333333333659e-02 1.155635234666258991e+08
4.546666666666666218e-02 1.148169949968969375e+08
4.560000000000000164e-02 1.141501026409911364e+08
4.573333333333334111e-02 1.135528016287688762e+08
4.586666666666666670e-02 1.127480082403623611e+08
4.600000000000000616e-02 1.120655690576616824e+08
4.613333333333333175e-02 1.115727239971176237e+08
4.626666666666667121e-02 1.108915712871331424e+08
4.640000000000000374e-02 1.102456957627401203e+08
4.653333333333333627e-02 1.095922724151827842e+08
4.666666666666666879e-02 1.088045130196272135e+08
4.680000000000000132e-02 1.079291288616305888e+08
4.693333333333333385e-02 1.072594566054662019e+08
4.706666666666667331e-02 1.067843309450875968e+08
4.719999999999999890e-02 1.060906937224329859e+08
4.733333333333333837e-02 1.052761304004891366e+08
4.746666666666666395e-02 1.047149522623942792e+08
4.760000000000000342e-02 1.039110733912145644e+08
4.773333333333332901e-02 1.033127676601800323e+08
4.786666666666666847e-02 1.025119684512180388e+08
4.800000000000000794e-02 1.018232553244969398e+08
4.813333333333333353e-02 1.011889306097875983e+08
4.826666666666667299e-02 1.005422229224758595e+08
4.839999999999999858e-02 9.996899697982668877e+07
4.853333333333333804e-02 9.962460339864379168e+07
4.866666666666667057e-02 9.896774055652882159e+07
4.880000000000000310e-02 9.843569918453685939e+07
4.893333333333333562e-02 9.782854780276803672e+07
4.906666666666666815e-02 9.738269248683996499e+07
4.920000000000000068e-02 9.675975307107338309e+07
4.933333333333334014e-02 9.609816839823596179e+07
4.946666666666666573e-02 9.558363235472218692e+07
4.960000000000000520e-02 9.507890098848529160e+07
4.973333333333333078e-02 9.451793567700552940e+07
4.986666666666667025e-02 9.370085599849055707e+07
4.999999999999999584e-02 9.324733371173404157e+07
5.013333333333333530e-02 9.268899217460381985e+07
5.026666666666667477e-02 9.213988063472850621e+07
5.040000000000000036e-02 9.163051902339009941e+07
5.053333333333333982e-02 9.115028058481527865e+07
5.066666666666666541e-02 9.075230053388766944e+07
5.080000000000000487e-02 9.021463836915470660e+07
5.093333333333333740e-02 8.962201609462904930e+07
5.106666666666666993e-02 8.907469154385037720e+07
5.120000000000000245e-02 8.879766187800884247e+07
5.133333333333333498e-02 8.824901369299219549e+07
5.146666666666666751e-02 8.780696234689144790e+07
5.160000000000000697e-02 8.742711827248513699e+07
5.173333333333333256e-02 8.699181606873056293e+07
5.186666666666667203e-02 8.654022534904031456e+07
5.199999999999999761e-02 8.592157892123432457e+07
5.213333333333333708e-02 8.555548878098472953e+07
5.226666666666666267e-02 8.498708417653012276e+07
5.240000000000000213e-02 8.466407057706303895e+07
5.253333333333334160e-02 8.413632139669153094e+07
5.266666666666666718e-02 8.366456199278852344e+07
5.280000000000000665e-02 8.333531591731639206e+07
5.293333333333333224e-02 8.288210188508610427e+07
5.306666666666667170e-02 8.238626269743740559e+07
5.320000000000000423e-02 8.203291992405010760e+07
5.333333333333333676e-02 8.154625150375974178e+07
5.346666666666666928e-02 8.113334247502602637e+07
5.360000000000000181e-02 8.085292522749817371e+07
5.373333333333333434e-02 8.044542155247549713e+07
5.386666666666667380e-02 7.995581959286671877e+07
5.399999999999999939e-02 7.948040367384235561e+07
5.413333333333333885e-02 7.903188100208176672e+07
5.426666666666666444e-02 7.868171704407599568e+07
5.440000000000000391e-02 7.842525717766466737e+07
5.453333333333332950e-02 7.801955896908085048e+07
5.466666666666666896e-02 7.768887128799331188e+07
5.480000000000000843e-02 7.745178632718849182e+07
5.493333333333333401e-02 7.698189329114364088e+07
5.506666666666667348e-02 7.652940923120912910e+07
5.519999999999999907e-02 7.613094145884047449e+07
5.533333333333333853e-02 7.583920180736397207e+07
5.546666666666667106e-02 7.536957929817518592e+07
5.560000000000000359e-02 7.489896432779531181e+07
5.573333333333333611e-02 7.452023705681404471e+07
5.586666666666666864e-02 7.404593085473084450e+07
5.600000000000000117e-02 7.370372726689644158e+07
5.613333333333334063e-02 7.345497932797797024e+07
5.626666666666666622e-02 7.308282645360970497e+07
5.640000000000000568e-02 7.264854058465251327e+07
5.653333333333333127e-02 7.232040704753211141e+07
5.666666666666667074e-02 7.196302435907007754e+07
5.679999999999999633e-02 7.163877442848855257e+07
5.693333333333333579e-02 7.127518862441697717e+07
5.706666666666667526e-02 7.095621843510870636e+07
5.720000000000000084e-02 7.058287477435463667e+07
5.733333333333334031e-02 7.036220515123787522e+07
5.746666666666666590e-02 7.008380342058588564e+07
5.760000000000000536e-02 6.963541165881113708e+07
5.773333333333333789e-02 6.920210129823847115e+07
5.786666666666667042e-02 6.880263860999891162e+07
5.800000000000000294e-02 6.850561121307922900e+07
5.813333333333333547e-02 6.818074158884084225e+07
5.826666666666666800e-02 6.783104387035614252e+07
5.840000000000000052e-02 6.752598985872726142e+07
5.853333333333333305e-02 6.726958785367126763e+07
5.866666666666667251e-02 6.683482055147413164e+07
5.879999999999999810e-02 6.657574984495872259e+07
5.893333333333333757e-02 6.637159016016113013e+07
5.906666666666666315e-02 6.600652661735706031e+07
5.920000000000000262e-02 6.573173735520567000e+07
5.933333333333334209e-02 6.536540446610640734e+07
5.946666666666666767e-02 6.515116060205826908e+07
5.960000000000000714e-02 6.486635881906553358e+07
5.973333333333333273e-02 6.463426282318019867e+07
5.986666666666667219e-02 6.435450689497554302e+07
6.000000000000000472e-02 6.407558972813279182e+07
6.013333333333333725e-02 6.380823581468626112e+07
6.026666666666666977e-02 6.363339292578241229e+07
6.040000000000000230e-02 6.339793866538886726e+07
6.053333333333333482e-02 6.317962508627509326e+07
6.066666666666666735e-02 6.297959894497680664e+07
6.079999999999999988e-02 6.268477167121973634e+07
6.093333333333333934e-02 6.236333693568821996e+07
6.106666666666666493e-02 6.215382011772951484e+07
6.120000000000000440e-02 6.190170489389357716e+07
6.133333333333332998e-02 6.157652888029462099e+07
6.146666666666666945e-02 6.122595290948235244e+07
6.160000000000000892e-02 6.104682006938567013e+07
6.173333333333333450e-02 6.075482004822646827e+07
6.186666666666667397e-02 6.052606856852742285e+07
6.199999999999999956e-02 6.027525643671402335e+07
6.213333333333333902e-02 6.001983537058298290e+07
6.226666666666667155e-02 5.985982254487555474e+07
6.240000000000000407e-02 5.967603763378892094e+07
6.253333333333334354e-02 5.941864290563939512e+07
6.266666666666666219e-02 5.917514644056947529e+07
6.280000000000000859e-02 5.891896345763754845e+07
6.293333333333332724e-02 5.864394838678132743e+07
6.306666666666667365e-02 5.839858890350518376e+07
6.320000000000000617e-02 5.824098516990666091e+07
6.333333333333333870e-02 5.796532744308385253e+07
6.346666666666667123e-02 5.771018726088298112e+07
6.360000000000000375e-02 5.742925555952180922e+07
6.373333333333333628e-02 5.718178262350912392e+07
6.386666666666666881e-02 5.699427563758642226e+07
6.400000000000000133e-02 5.675645586484336853e+07
6.413333333333333386e-02 5.657500069359433651e+07
6.426666666666666639e-02 5.624273780091046542e+07
6.439999999999999891e-02 5.604901214066147804e+07
6.453333333333334532e-02 5.583499542871388793e+07
6.466666666666666397e-02 5.560954666449262947e+07
6.480000000000001037e-02 5.548848588140218705e+07
6.493333333333332902e-02 5.534006757065489888e+07
6.506666666666667542e-02 5.514202737130709738e+07
6.519999999999999407e-02 5.494014131639352441e+07
6.533333333333334048e-02 5.478609954561024904e+07
6.546666666666667300e-02 5.463505733736630529e+07
6.560000000000000553e-02 5.451018166472246498e+07
6.573333333333333806e-02 5.430814282132866979e+07
6.586666666666667058e-02 5.411073132106846571e+07
6.600000000000000311e-02 5.390579269117555022e+07
6.613333333333333564e-02 5.374620518551203609e+07
6.626666666666666816e-02 5.350896395158317685e+07
6.640000000000000069e-02 5.337476826379081607e+07
6.653333333333333321e-02 5.326780585019639879e+07
6.666666666666666574e-02 5.296075079055324197e+07
6.680000000000001215e-02 5.283839192293629795e+07
6.693333333333333079e-02 5.256620383843685687e+07
6.706666666666667720e-02 5.240203827058334649e+07
6.719999999999999585e-02 5.224687226207349449e+07
6.733333333333334225e-02 5.209766276663424075e+07
6.746666666666666090e-02 5.196516420712704211e+07
6.760000000000000731e-02 5.176437991572728008e+07
6.773333333333333983e-02 5.155449851906383038e+07
6.786666666666667236e-02 5.135723825852806121e+07
6.800000000000000488e-02 5.118372431567876041e+07
6.813333333333333741e-02 5.098311054000921547e+07
6.826666666666666994e-02 5.080703242874023318e+07
6.840000000000000246e-02 5.058372654144306481e+07
6.853333333333333499e-02 5.047173613521169871e+07
6.866666666666666752e-02 5.030653540124478191e+07
6.880000000000000004e-02 5.013781698326544464e+07
6.893333333333333257e-02 5.002802705740392208e+07
6.906666666666667898e-02 4.985513735320578516e+07
6.919999999999999762e-02 4.971775264148493111e+07
6.933333333333334403e-02 4.955552030359169841e+07
6.946666666666666268e-02 4.942274569641205668e+07
6.960000000000000908e-02 4.928619769720160961e+07
6.973333333333332773e-02 4.908939354930000752e+07
6.986666666666667413e-02 4.884996650326379389e+07
7.000000000000000666e-02 4.863753686045708507e+07
7.013333333333333919e-02 4.841754049063446373e+07
7.026666666666667171e-02 4.819800179932682961e+07
7.040000000000000424e-02 4.803096824065723270e+07
7.053333333333333677e-02 4.783039401950196922e+07
7.066666666666666929e-02 4.769374318225131184e+07
7.080000000000000182e-02 4.753326436382407695e+07
7.093333333333333435e-02 4.735972643462456018e+07
7.106666666666666687e-02 4.719864092842843384e+07
7.119999999999999940e-02 4.705200122689092159e+07
7.133333333333334580e-02 4.686996203945830464e+07
7.146666666666666445e-02 4.667141293543525785e+07
7.160000000000001086e-02 4.654954898592960835e+07
7.173333333333332951e-02 4.639400135111529380e+07
7.186666666666667591e-02 4.629026192695142329e+07
7.199999999999999456e-02 4.621641314029397070e+07
7.213333333333334096e-02 4.606324682584296912e+07
7.226666666666667349e-02 4.591750386679529399e+07
7.240000000000000602e-02 4.570391616233655065e+07
7.253333333333333854e-02 4.552256260872015357e+07
7.266666666666667107e-02 4.535095634098628908e+07
7.280000000000000360e-02 4.514768210289087892e+07
7.293333333333333612e-02 4.493397977896042168e+07
7.306666666666666865e-02 4.476977061477075517e+07
7.320000000000000118e-02 4.469802948736621439e+07
7.333333333333333370e-02 4.456255202665752918e+07
7.346666666666666623e-02 4.442813726270300150e+07
7.360000000000001263e-02 4.434007457953519374e+07
7.373333333333333128e-02 4.419136488478210568e+07
7.386666666666667769e-02 4.401112994264248013e+07
7.399999999999999634e-02 4.389459728464976698e+07
7.413333333333334274e-02 4.375185799495412409e+07
7.426666666666666139e-02 4.366762041647024453e+07
7.440000000000000779e-02 4.353004045142994821e+07
7.453333333333334032e-02 4.335171779976527393e+07
7.466666666666667285e-02 4.317383224887502193e+07
7.480000000000000537e-02 4.304662568593670428e+07
7.493333333333333790e-02 4.287616733776628226e+07
7.506666666666667043e-02 4.274604309744778275e+07
7.520000000000000295e-02 4.269214877988739312e+07
7.533333333333333548e-02 4.254838378118714690e+07
7.546666666666666801e-02 4.243510019419912249e+07
7.560000000000000053e-02 4.230185791845576465e+07
7.573333333333333306e-02 4.214984434344571084e+07
7.586666666666667946e-02 4.202077201390191168e+07
7.599999999999999811e-02 4.186198811939293146e+07
7.613333333333334452e-02 4.174030034903927147e+07
7.626666666666666317e-02 4.162016434486898780e+07
7.640000000000000957e-02 4.150711692721223086e+07
7.653333333333332822e-02 4.136740143394991010e+07
7.666666666666667462e-02 4.129914410218740255e+07
7.680000000000000715e-02 4.117784018574164063e+07
7.693333333333333968e-02 4.105694416846517473e+07
7.706666666666667220e-02 4.096660449474775791e+07
7.720000000000000473e-02 4.081345953978868574e+07
7.733333333333333726e-02 4.074146748174138367e+07
7.746666666666666978e-02 4.064841266336322576e+07
7.760000000000000231e-02 4.054168355904111266e+07
7.773333333333333484e-02 4.044713868736389279e+07
7.786666666666666736e-02 4.029939921628538519e+07
7.799999999999999989e-02 4.022018377832483500e+07
7.813333333333334629e-02 4.013993322025281936e+07
7.826666666666666494e-02 4.007358319382391125e+07
7.840000000000001135e-02 3.998702556871227920e+07
7.853333333333333000e-02 3.988527067280942202e+07
7.866666666666667640e-02 3.978333173500710726e+07
7.879999999999999505e-02 3.968837245533635467e+07
7.893333333333334145e-02 3.957936377383401245e+07
7.906666666666667398e-02 3.947939911938491464e+07
7.920000000000000651e-02 3.932882707455133647e+07
7.933333333333333903e-02 3.923283771918524802e+07
7.946666666666667156e-02 3.908282162078938633e+07
7.960000000000000409e-02 3.897837950053950399e+07
7.973333333333333661e-02 3.889241368680413067e+07
7.986666666666666914e-02 3.878962907157176733e+07
8.000000000000000167e-02 3.869195003531631082e+07
8.013333333333333419e-02 3.857057977655584365e+07
8.026666666666666672e-02 3.844918734305311739e+07
8.039999999999999925e-02 3.832037057878180593e+07
8.053333333333333177e-02 3.822641815984492749e+07
8.066666666666667818e-02 3.810529075648038089e+07
8.079999999999999682e-02 3.798576471559574455e+07
8.093333333333334323e-02 3.787263924062671512e+07
8.106666666666666188e-02 3.777761855354104191e+07
8.120000000000000828e-02 3.765732295040995628e+07
8.133333333333334081e-02 3.758863498697479814e+07
8.146666666666667334e-02 3.748928831588638574e+07
8.160000000000000586e-02 3.739172265636400878e+07
8.173333333333333839e-02 3.728480924938242137e+07
8.186666666666667092e-02 3.716159178219586611e+07
8.200000000000000344e-02 3.704730862376957387e+07
8.213333333333333597e-02 3.695271549837251753e+07
8.226666666666666849e-02 3.687090677408960462e+07
8.240000000000000102e-02 3.674282488718289882e+07
8.253333333333333355e-02 3.664727015057685226e+07
8.266666666666666607e-02 3.655387410972005129e+07
8.279999999999999860e-02 3.647887943657233566e+07
8.293333333333334501e-02 3.636354520745830983e+07
8.306666666666666365e-02 3.628485789195962995e+07
8.320000000000001006e-02 3.623282683915635198e+07
8.333333333333332871e-02 3.611117286378150433e+07
8.346666666666667511e-02 3.596682133873640001e+07
8.360000000000000764e-02 3.587777775661577284e+07
8.373333333333334016e-02 3.573402266082406044e+07
8.386666666666665881e-02 3.568338980505603552e+07
8.400000000000000522e-02 3.556250083182632923e+07
8.413333333333333774e-02 3.546252951403018087e+07
8.426666666666667027e-02 3.539094612297379225e+07
8.440000000000001668e-02 3.529608945003171265e+07
8.453333333333333532e-02 3.520539535995458812e+07
8.466666666666666785e-02 3.509692715444291383e+07
8.480000000000000038e-02 3.499593513381095231e+07
8.493333333333334678e-02 3.491509787846786529e+07
8.506666666666667931e-02 3.484640382769595832e+07
8.519999999999999796e-02 3.473488663131783903e+07
8.533333333333333048e-02 3.460531650860615820e+07
8.546666666666667689e-02 3.450667679146678001e+07
8.560000000000000941e-02 3.443661371380922943e+07
8.573333333333334194e-02 3.436524922366560996e+07
8.586666666666666059e-02 3.428013134045979381e+07
8.600000000000000699e-02 3.420755497204241157e+07
8.613333333333333952e-02 3.410217070638462156e+07
8.626666666666667205e-02 3.401430192160799354e+07
8.639999999999999070e-02 3.391451972187740356e+07
8.653333333333333710e-02 3.385627321698624641e+07
8.666666666666666963e-02 3.377294392401114851e+07
8.680000000000000215e-02 3.367571151619500667e+07
8.693333333333334856e-02 3.358257897448694706e+07
8.706666666666666721e-02 3.351365109771593660e+07
8.719999999999999973e-02 3.343208366530996189e+07
8.733333333333333226e-02 3.336717525245159119e+07
8.746666666666667866e-02 3.327077860326794162e+07
8.760000000000001119e-02 3.316444681268408522e+07
8.773333333333332984e-02 3.308192219416654482e+07
8.786666666666666237e-02 3.300752566061469913e+07
8.800000000000000877e-02 3.295336856591348723e+07
8.813333333333334130e-02 3.288681274436714500e+07
8.826666666666667382e-02 3.279561763702598959e+07
8.839999999999999247e-02 3.273070526157927513e+07
8.853333333333333888e-02 3.268382390418586880e+07
8.866666666666667140e-02 3.262441019835915789e+07
8.880000000000000393e-02 3.256426101034954563e+07
8.893333333333335033e-02 3.247133615562420711e+07
8.906666666666666898e-02 3.238928479641330987e+07
8.920000000000000151e-02 3.232436046072490886e+07
8.933333333333333404e-02 3.219510936859962717e+07
8.946666666666668044e-02 3.209383766554027423e+07
8.960000000000001297e-02 3.198626764365297183e+07
8.973333333333333162e-02 3.190356055349556729e+07
8.986666666666666414e-02 3.183626227125138417e+07
9.000000000000001055e-02 3.174421584993353114e+07
9.013333333333334307e-02 3.168697655316325650e+07
9.026666666666667560e-02 3.162477164206342027e+07
9.039999999999999425e-02 3.153854046034065261e+07
9.053333333333334065e-02 3.148053337772759795e+07
9.066666666666667318e-02 3.142543220083140954e+07
9.080000000000000571e-02 3.137313362633145973e+07
9.093333333333332436e-02 3.130922191907983273e+07
9.106666666666667076e-02 3.125421822554705292e+07
9.120000000000000329e-02 3.117041416250505671e+07
9.133333333333333581e-02 3.110722911412126198e+07
9.146666666666668222e-02 3.104747787076617032e+07
9.160000000000000087e-02 3.097002977288592979e+07
9.173333333333333339e-02 3.090205243175139651e+07
9.186666666666666592e-02 3.078716843450130150e+07
9.200000000000001232e-02 3.073267761594790965e+07
9.213333333333334485e-02 3.063128653719637915e+07
9.226666666666666350e-02 3.055608560152969137e+07
9.239999999999999603e-02 3.049952066735004634e+07
9.253333333333334243e-02 3.045235254016901553e+07
9.266666666666667496e-02 3.037937121361414716e+07
9.280000000000000748e-02 3.031964018651263043e+07
9.293333333333332613e-02 3.025299597321099415e+07
9.306666666666667254e-02 3.018812647243883088e+07
9.320000000000000506e-02 3.009063608042061329e+07
9.333333333333333759e-02 3.000725615635452047e+07
9.346666666666668399e-02 2.997040339427493513e+07
9.360000000000000264e-02 2.989724060655564070e+07
9.373333333333333517e-02 2.983558065871582553e+07
9.386666666666666770e-02 2.979459904250382632e+07
9.400000000000001410e-02 2.973933378696622699e+07
9.413333333333334663e-02 2.967894363644114882e+07
9.426666666666666528e-02 2.961010602743926272e+07
9.439999999999999780e-02 2.954051103897885978e+07
9.453333333333334421e-02 2.950990046766301244e+07
9.466666666666667673e-02 2.947074941322006658e+07
9.479999999999999538e-02 2.941097152714951336e+07
9.493333333333332791e-02 2.935089465062965080e+07
9.506666666666667431e-02 2.931835153968079016e+07
9.520000000000000684e-02 2.928854345816298947e+07
9.533333333333333937e-02 2.923124126372338459e+07
9.546666666666665801e-02 2.914449021058173105e+07
9.560000000000000442e-02 2.909697331187063083e+07
9.573333333333333695e-02 2.902671204350197688e+07
9.586666666666666947e-02 2.895155090203412995e+07
9.600000000000001588e-02 2.891601880656796694e+07
9.613333333333333452e-02 2.885454645939384773e+07
9.626666666666666705e-02 2.877616252964285761e+07
9.639999999999999958e-02 2.873786068408262730e+07
9.653333333333334598e-02 2.866150162545976415e+07
9.666666666666667851e-02 2.860709184751437232e+07
9.679999999999999716e-02 2.853926395254987106e+07
9.693333333333332968e-02 2.846834459551580995e+07
9.706666666666667609e-02 2.841746616262355074e+07
9.720000000000000862e-02 2.836070592376779020e+07
9.733333333333334114e-02 2.832572928469174728e+07
9.746666666666665979e-02 2.829701440726428851e+07
9.760000000000000620e-02 2.824035250693830475e+07
9.773333333333333872e-02 2.815801127480134740e+07
9.786666666666667125e-02 2.809098124553043395e+07
9.800000000000001765e-02 2.805467975524527580e+07
9.813333333333333630e-02 2.796710237928604707e+07
9.826666666666666883e-02 2.789963100509738922e+07
9.840000000000000135e-02 2.781630103708642349e+07
9.853333333333334776e-02 2.774694906016745046e+07
9.866666666666668029e-02 2.770931140176424012e+07
9.879999999999999893e-02 2.761735410831599310e+07
9.893333333333333146e-02 2.757962179167888314e+07
9.906666666666667787e-02 2.752102898423656449e+07
9.920000000000001039e-02 2.743090976808580756e+07
9.933333333333332904e-02 2.734457811637297645e+07
9.946666666666666157e-02 2.729449398358999565e+07
9.960000000000000797e-02 2.723043265083771572e+07
9.973333333333334050e-02 2.715876564821205661e+07
9.986666666666667302e-02 2.710289522539260983e+07
9.999999999999999167e-02 2.705861880305584520e+07
1.001333333333333381e-01 2.701886911026895419e+07
1.002666666666666706e-01 2.695142694796491414e+07
1.004000000000000031e-01 2.691869825512731075e+07
1.005333333333333495e-01 2.684828414793596417e+07
1.006666666666666682e-01 2.680266982823184878e+07
1.008000000000000007e-01 2.676264483408055454e+07
1.009333333333333332e-01 2.674226986054502055e+07
1.010666666666666796e-01 2.670296347968155891e+07
1.012000000000000122e-01 2.662179295659526438e+07
1.013333333333333308e-01 2.657792110259273276e+07
1.014666666666666633e-01 2.650902365094655007e+07
1.016000000000000097e-01 2.644941041076230630e+07
1.017333333333333423e-01 2.641694114493866265e+07
1.018666666666666748e-01 2.638500125256632641e+07
1.019999999999999934e-01 2.633543276895724609e+07
1.021333333333333399e-01 2.631592477778248116e+07
1.022666666666666724e-01 2.630571473942952976e+07
1.024000000000000049e-01 2.627097010434933007e+07
1.025333333333333513e-01 2.623660511256513000e+07
1.026666666666666700e-01 2.616690205359204113e+07
1.028000000000000025e-01 2.611633684910339117e+07
1.029333333333333350e-01 2.607612870035950840e+07
1.030666666666666814e-01 2.601520761605949700e+07
1.032000000000000139e-01 2.597398553082822636e+07
1.033333333333333326e-01 2.593852903607433289e+07
1.034666666666666651e-01 2.587541898562665656e+07
1.036000000000000115e-01 2.581842896279224008e+07
1.037333333333333441e-01 2.580094700381486490e+07
1.038666666666666627e-01 2.574586650162865222e+07
1.039999999999999952e-01 2.568437890218718350e+07
1.041333333333333416e-01 2.563459089919962734e+07
1.042666666666666742e-01 2.557734443429582193e+07
1.044000000000000067e-01 2.552660434347487614e+07
1.045333333333333253e-01 2.549428025239147991e+07
1.046666666666666717e-01 2.545512670544494689e+07
1.048000000000000043e-01 2.542700585228980705e+07
1.049333333333333368e-01 2.541370412786303088e+07
1.050666666666666832e-01 2.537559112763495371e+07
1.052000000000000018e-01 2.530266963905214891e+07
1.053333333333333344e-01 2.527107338140628114e+07
1.054666666666666669e-01 2.522646452970328927e+07
1.056000000000000133e-01 2.519673158365694061e+07
1.057333333333333458e-01 2.515916762470202893e+07
1.058666666666666645e-01 2.511326904415956885e+07
1.059999999999999970e-01 2.507717959567791224e+07
1.061333333333333434e-01 2.502302349114112556e+07
1.062666666666666759e-01 2.499239951047708094e+07
1.064000000000000085e-01 2.497884501793906465e+07
1.065333333333333271e-01 2.494173163165992871e+07
1.066666666666666735e-01 2.489566243277439475e+07
1.068000000000000060e-01 2.482102782310131565e+07
1.069333333333333386e-01 2.479437605927002430e+07
1.070666666666666850e-01 2.477951037187188119e+07
1.072000000000000036e-01 2.471109723297443986e+07
1.073333333333333361e-01 2.467403250689424202e+07
1.074666666666666687e-01 2.465432312916975468e+07
1.076000000000000151e-01 2.464832454597717896e+07
1.077333333333333476e-01 2.461171730890428275e+07
1.078666666666666663e-01 2.458606071047432348e+07
1.079999999999999988e-01 2.454437321034869552e+07
1.081333333333333452e-01 2.449273252176665887e+07
1.082666666666666777e-01 2.447682013265806064e+07
1.083999999999999964e-01 2.443515280940025300e+07
1.085333333333333289e-01 2.438629397035767511e+07
1.086666666666666753e-01 2.434035944926684722e+07
1.088000000000000078e-01 2.431764517943688855e+07
1.089333333333333403e-01 2.428501971133846790e+07
1.090666666666666590e-01 2.425742701974178478e+07
1.092000000000000054e-01 2.421082704225271195e+07
1.093333333333333379e-01 2.417069840336373076e+07
1.094666666666666704e-01 2.412742806736188382e+07
1.096000000000000169e-01 2.406916823087480664e+07
1.097333333333333355e-01 2.402005539576905221e+07
1.098666666666666680e-01 2.399120276352993399e+07
1.100000000000000006e-01 2.395144599001707509e+07
1.101333333333333470e-01 2.393693576727678254e+07
1.102666666666666795e-01 2.390225674081361294e+07
1.103999999999999981e-01 2.386209182065378129e+07
1.105333333333333307e-01 2.382998957708483562e+07
1.106666666666666771e-01 2.378207335718512908e+07
1.108000000000000096e-01 2.375859267923422158e+07
1.109333333333333421e-01 2.371197827102684230e+07
1.110666666666666608e-01 2.367389038095200062e+07
1.112000000000000072e-01 2.363694531719668582e+07
1.113333333333333397e-01 2.358715379232240096e+07
1.114666666666666722e-01 2.352778538556019589e+07
1.116000000000000186e-01 2.346958712329450622e+07
1.117333333333333373e-01 2.340942231236658618e+07
1.118666666666666698e-01 2.334990798775510490e+07
1.120000000000000023e-01 2.331642932538925856e+07
1.121333333333333487e-01 2.326797816635026410e+07
1.122666666666666813e-01 2.322772256837245449e+07
1.123999999999999999e-01 2.319188271278243139e+07
1.125333333333333324e-01 2.314463222273866460e+07
1.126666666666666788e-01 2.311444463246648759e+07
1.128000000000000114e-01 2.308395472787057981e+07
1.129333333333333300e-01 2.305277318068809435e+07
1.130666666666666625e-01 2.301063198521036282e+07
1.132000000000000089e-01 2.295940245561011136e+07
1.133333333333333415e-01 2.293526247709792480e+07
1.134666666666666740e-01 2.290350143540174514e+07
1.135999999999999927e-01 2.287645753952687606e+07
1.137333333333333391e-01 2.284898522458069399e+07
1.138666666666666716e-01 2.282828440907932073e+07
1.140000000000000041e-01 2.281325965826700255e+07
1.141333333333333505e-01 2.279526094302468374e+07
1.142666666666666692e-01 2.278377785887286067e+07
1.144000000000000017e-01 2.274597682518246397e+07
1.145333333333333342e-01 2.271792224108957499e+07
1.146666666666666806e-01 2.267319125755701959e+07
1.148000000000000131e-01 2.264656591272977740e+07
1.149333333333333318e-01 2.263452512974648178e+07
1.150666666666666643e-01 2.261571061414750665e+07
1.152000000000000107e-01 2.258430128873217851e+07
1.153333333333333433e-01 2.255970980629692599e+07
1.154666666666666758e-01 2.252809500582978874e+07
1.155999999999999944e-01 2.249898338595853001e+07
1.157333333333333408e-01 2.244114877404946834e+07
1.158666666666666734e-01 2.242766671671666577e+07
1.160000000000000059e-01 2.239852191898858920e+07
1.161333333333333523e-01 2.238097775427624583e+07
1.162666666666666709e-01 2.236095552950532734e+07
1.164000000000000035e-01 2.234080368316956237e+07
1.165333333333333360e-01 2.231704896500935405e+07
1.166666666666666824e-01 2.229512358793078363e+07
1.168000000000000010e-01 2.225779707948283851e+07
1.169333333333333336e-01 2.221964330025784299e+07
1.170666666666666661e-01 2.216495484997021407e+07
1.172000000000000125e-01 2.215168988081474602e+07
1.173333333333333450e-01 2.214338145834012702e+07
1.174666666666666637e-01 2.210812537273536623e+07
1.175999999999999962e-01 2.206267299344403297e+07
1.177333333333333426e-01 2.202700581842344627e+07
1.178666666666666751e-01 2.198537787373050302e+07
1.180000000000000077e-01 2.195298239136963710e+07
1.181333333333333263e-01 2.193817580267790705e+07
1.182666666666666727e-01 2.190230474406628311e+07
1.184000000000000052e-01 2.185399452204645425e+07
1.185333333333333378e-01 2.184195117865995318e+07
1.186666666666666842e-01 2.179919973705954850e+07
1.188000000000000028e-01 2.178892961842123419e+07
1.189333333333333353e-01 2.177981149010204896e+07
1.190666666666666679e-01 2.175520662626695260e+07
1.192000000000000143e-01 2.172771304883001000e+07
1.193333333333333468e-01 2.170723978976977244e+07
1.194666666666666655e-01 2.166836597461149842e+07
1.195999999999999980e-01 2.163911351217247546e+07
1.197333333333333444e-01 2.159815844108618796e+07
1.198666666666666769e-01 2.157620535332561657e+07
1.200000000000000094e-01 2.156294553223718330e+07
1.201333333333333281e-01 2.154828506065472588e+07
1.202666666666666745e-01 2.152985138534573466e+07
1.204000000000000070e-01 2.151252532908650488e+07
1.205333333333333395e-01 2.146750205996087939e+07
1.206666666666666859e-01 2.144438587778721377e+07
1.208000000000000046e-01 2.142248528720413148e+07
1.209333333333333371e-01 2.138632169290694594e+07
1.210666666666666696e-01 2.136405322344398871e+07
1.212000000000000161e-01 2.134317501206662506e+07
1.213333333333333347e-01 2.131209772893451527e+07
1.214666666666666672e-01 2.128553327311767265e+07
1.215999999999999998e-01 2.126453497228737921e+07
1.217333333333333462e-01 2.124635598245998099e+07
1.218666666666666787e-01 2.123582069927335158e+07
1.219999999999999973e-01 2.119774617321083322e+07
1.221333333333333299e-01 2.118656526008994877e+07
1.222666666666666763e-01 2.116993159662038833e+07
1.224000000000000088e-01 2.117940707463605702e+07
1.225333333333333413e-01 2.116221839551958069e+07
1.226666666666666600e-01 2.114586487613699585e+07
1.228000000000000064e-01 2.112041569484394789e+07
1.229333333333333389e-01 2.108363500022071600e+07
1.230666666666666714e-01 2.106469988773399964e+07
1.232000000000000178e-01 2.103812844182996452e+07
1.233333333333333365e-01 2.101663393326486275e+07
1.234666666666666690e-01 2.099617099853160232e+07
1.236000000000000015e-01 2.095849908287843317e+07
1.237333333333333479e-01 2.095446937938165292e+07
1.238666666666666805e-01 2.091580454879104719e+07
1.239999999999999991e-01 2.089644140636863187e+07
1.241333333333333316e-01 2.088055884611136094e+07
1.242666666666666780e-01 2.085568581852061674e+07
1.244000000000000106e-01 2.082919070833237097e+07
1.245333333333333431e-01 2.080690219641436636e+07
1.246666666666666617e-01 2.078853721812243015e+07
1.248000000000000081e-01 2.075123571736795083e+07
1.249333333333333407e-01 2.073779506010784581e+07
1.250666666666666871e-01 2.069682570108365268e+07
1.252000000000000057e-01 2.067960612202924490e+07
1.253333333333333244e-01 2.065327213259879127e+07
1.254666666666666708e-01 2.062001310618973151e+07
1.256000000000000172e-01 2.059645776873228326e+07
1.257333333333333358e-01 2.059198869995591417e+07
1.258666666666666545e-01 2.058475768539038673e+07
1.260000000000000009e-01 2.056115625625946745e+07
1.261333333333333473e-01 2.056535581486758962e+07
1.262666666666666659e-01 2.054423459128954634e+07
1.264000000000000123e-01 2.052139845651593804e+07
1.265333333333333310e-01 2.048284983497069776e+07
1.266666666666666774e-01 2.046886987804141268e+07
1.267999999999999960e-01 2.046552505788427591e+07
1.269333333333333425e-01 2.043040424681477249e+07
1.270666666666666889e-01 2.040176116443620995e+07
1.272000000000000075e-01 2.039119380557364970e+07
1.273333333333333262e-01 2.038157585841456801e+07
1.274666666666666726e-01 2.037514647871787474e+07
1.276000000000000190e-01 2.037688436515033990e+07
1.277333333333333376e-01 2.036259004582196102e+07
1.278666666666666563e-01 2.032913871567385644e+07
1.280000000000000027e-01 2.030652945804718882e+07
1.281333333333333491e-01 2.028789330375576764e+07
1.282666666666666677e-01 2.025726572146732733e+07
1.284000000000000141e-01 2.024892272549550608e+07
1.285333333333333328e-01 2.023831766826901957e+07
1.286666666666666792e-01 2.021361394632935151e+07
1.287999999999999978e-01 2.022533687791310623e+07
1.289333333333333442e-01 2.020721269507829472e+07
1.290666666666666906e-01 2.019475009199811891e+07
1.292000000000000093e-01 2.019064869568892941e+07
1.293333333333333279e-01 2.016104403433470428e+07
1.294666666666666743e-01 2.015129867060637847e+07
1.296000000000000207e-01 2.013581481866924465e+07
1.297333333333333394e-01 2.011156954813834652e+07
1.298666666666666580e-01 2.009828165375100076e+07
1.300000000000000044e-01 2.006714835399719700e+07
1.301333333333333508e-01 2.004715668159670010e+07
1.302666666666666695e-01 2.003414580839940533e+07
1.303999999999999881e-01 2.000868663099149615e+07
1.305333333333333345e-01 1.998721896368247643e+07
1.306666666666666810e-01 1.998206459140849486e+07
1.307999999999999996e-01 1.996818272792631015e+07
1.309333333333333460e-01 1.994837690020968020e+07
1.310666666666666647e-01 1.993225273448452726e+07
1.312000000000000111e-01 1.991243074289924279e+07
1.313333333333333297e-01 1.989214531404868513e+07
1.314666666666666761e-01 1.988702505901725218e+07
1.316000000000000225e-01 1.988196676129427180e+07
1.317333333333333412e-01 1.987160039708355442e+07
1.318666666666666598e-01 1.985843966377346963e+07
1.320000000000000062e-01 1.982589573085762560e+07
1.321333333333333526e-01 1.980854247969818860e+07
1.322666666666666713e-01 1.978146920806311816e+07
1.323999999999999899e-01 1.974683761206076294e+07
1.325333333333333363e-01 1.973462162775892764e+07
1.326666666666666827e-01 1.972339018239041418e+07
1.328000000000000014e-01 1.969401097360559925e+07
1.329333333333333478e-01 1.968326270964192599e+07
1.330666666666666664e-01 1.966163165027408302e+07
1.332000000000000128e-01 1.962943411786998436e+07
1.333333333333333315e-01 1.960291498134294897e+07
1.334666666666666779e-01 1.959150750401303917e+07
1.336000000000000243e-01 1.957120844032249972e+07
1.337333333333333429e-01 1.954745861526792869e+07
1.338666666666666616e-01 1.951916473270876706e+07
1.340000000000000080e-01 1.950693855345708877e+07
1.341333333333333544e-01 1.950326805138297752e+07
1.342666666666666730e-01 1.947505503038080409e+07
1.343999999999999917e-01 1.944190462107880786e+07
1.345333333333333381e-01 1.941684565072257817e+07
1.346666666666666845e-01 1.939135938663833961e+07
1.348000000000000032e-01 1.937197013148469850e+07
1.349333333333333218e-01 1.935019357652567327e+07
1.350666666666666682e-01 1.933986484595952928e+07
1.352000000000000146e-01 1.932929153430964798e+07
1.353333333333333333e-01 1.931020759990702942e+07
1.354666666666666797e-01 1.929917151330520213e+07
1.355999999999999983e-01 1.929090411249504238e+07
1.357333333333333447e-01 1.929471031287347898e+07
1.358666666666666634e-01 1.928957786250076070e+07
1.360000000000000098e-01 1.926259776056813076e+07
1.361333333333333562e-01 1.923239422364466265e+07
1.362666666666666748e-01 1.921760852907244489e+07
1.363999999999999935e-01 1.919883777794008330e+07
1.365333333333333399e-01 1.918235829297136143e+07
1.366666666666666863e-01 1.917234714994872734e+07
1.368000000000000049e-01 1.918559217531157658e+07
1.369333333333333236e-01 1.917416977194641531e+07
1.370666666666666700e-01 1.917541721874986961e+07
1.372000000000000164e-01 1.916336929747119173e+07
1.373333333333333350e-01 1.916928999562077224e+07
1.374666666666666814e-01 1.915337077863392606e+07
1.376000000000000001e-01 1.915032472943110019e+07
1.377333333333333465e-01 1.913836970158378780e+07
1.378666666666666651e-01 1.912496033228224143e+07
1.380000000000000115e-01 1.909361724345915020e+07
1.381333333333333580e-01 1.910057236439153180e+07
1.382666666666666766e-01 1.908128659295318648e+07
1.383999999999999952e-01 1.907244759045921639e+07
1.385333333333333417e-01 1.906754605862490088e+07
1.386666666666666881e-01 1.905478161720527709e+07
1.388000000000000067e-01 1.903703617963805422e+07
1.389333333333333254e-01 1.900720076071104035e+07
1.390666666666666718e-01 1.899024171925883368e+07
1.392000000000000182e-01 1.898054901271770895e+07
1.393333333333333368e-01 1.894619897843037546e+07
1.394666666666666555e-01 1.892544817861069739e+07
1.396000000000000019e-01 1.892297518526819721e+07
1.397333333333333483e-01 1.891215455704151466e+07
1.398666666666666669e-01 1.889337757680471987e+07
1.400000000000000133e-01 1.887468049504616857e+07
1.401333333333333320e-01 1.887519644024142623e+07
1.402666666666666784e-01 1.887290768817036599e+07
1.403999999999999970e-01 1.886376788730796054e+07
1.405333333333333434e-01 1.887386056693220884e+07
1.406666666666666898e-01 1.886662579696493223e+07
1.408000000000000085e-01 1.885384409144528955e+07
1.409333333333333271e-01 1.883895548530106992e+07
1.410666666666666735e-01 1.881921925496257842e+07
1.412000000000000199e-01 1.879734515168281645e+07
1.413333333333333386e-01 1.878852035471512005e+07
1.414666666666666572e-01 1.875748979907825589e+07
1.416000000000000036e-01 1.876040707876906916e+07
1.417333333333333500e-01 1.875421204357945919e+07
1.418666666666666687e-01 1.873594002116116881e+07
1.420000000000000151e-01 1.870783609806177020e+07
1.421333333333333337e-01 1.869274887162246183e+07
1.422666666666666802e-01 1.869173517820537835e+07
1.423999999999999988e-01 1.868541341818409786e+07
1.425333333333333452e-01 1.866463930369304493e+07
1.426666666666666916e-01 1.864511810070586950e+07
1.428000000000000103e-01 1.862102823386736959e+07
1.429333333333333289e-01 1.861302604368029162e+07
1.430666666666666753e-01 1.861755679089234024e+07
1.432000000000000217e-01 1.860813798541954160e+07
1.433333333333333404e-01 1.859950752525468171e+07
1.434666666666666590e-01 1.859680984547691792e+07
1.436000000000000054e-01 1.859605648111666739e+07
1.437333333333333518e-01 1.860582750324929878e+07
1.438666666666666705e-01 1.860630021214838699e+07
1.439999999999999891e-01 1.860159706764960662e+07
1.441333333333333355e-01 1.859752199012250453e+07
1.442666666666666819e-01 1.857996043223601207e+07
1.444000000000000006e-01 1.855899865405245870e+07
1.445333333333333470e-01 1.853895285983612761e+07
1.446666666666666656e-01 1.853453605019347370e+07
1.448000000000000120e-01 1.851729038018074632e+07
1.449333333333333307e-01 1.851330337416120619e+07
1.450666666666666771e-01 1.850911041249341890e+07
1.452000000000000235e-01 1.850986762272873148e+07
1.453333333333333421e-01 1.850159540764235705e+07
1.454666666666666608e-01 1.849097525934511051e+07
1.456000000000000072e-01 1.847578993285350502e+07
1.457333333333333536e-01 1.846198557920799777e+07
1.458666666666666722e-01 1.844776227745160088e+07
1.459999999999999909e-01 1.844473427177708969e+07
1.461333333333333373e-01 1.844516275380202010e+07
1.462666666666666837e-01 1.845199453399775922e+07
1.464000000000000024e-01 1.845227353115331754e+07
1.465333333333333488e-01 1.843481661911242455e+07
1.466666666666666674e-01 1.842439546800420433e+07
1.468000000000000138e-01 1.839233373754352331e+07
1.469333333333333325e-01 1.839098244438162446e+07
1.470666666666666789e-01 1.839409257088192552e+07
1.472000000000000253e-01 1.837111308421801776e+07
1.473333333333333439e-01 1.836321629355695099e+07
1.474666666666666626e-01 1.835689154670416564e+07
1.476000000000000090e-01 1.833519819907666743e+07
1.477333333333333554e-01 1.832205418873236701e+07
1.478666666666666740e-01 1.832221545545060188e+07
1.479999999999999927e-01 1.831643226651052386e+07
1.481333333333333391e-01 1.830782917594159395e+07
1.482666666666666855e-01 1.831276979868264124e+07
1.484000000000000041e-01 1.830354141603990272e+07
1.485333333333333228e-01 1.829291458766152710e+07
1.486666666666666692e-01 1.828807385396867245e+07
1.488000000000000156e-01 1.827770306388952583e+07
1.489333333333333342e-01 1.829926450109650567e+07
1.490666666666666806e-01 1.827603872471660748e+07
1.491999999999999993e-01 1.824205535669203475e+07
1.493333333333333457e-01 1.822697850465790555e+07
1.494666666666666643e-01 1.823063627404012531e+07
1.496000000000000107e-01 1.821896961577355862e+07
1.497333333333333572e-01 1.819033780937330052e+07
1.498666666666666758e-01 1.816505938569170237e+07
1.499999999999999944e-01 1.815997855703364313e+07
1.501333333333333409e-01 1.815095320511070266e+07
1.502666666666666873e-01 1.814323705966741592e+07
1.504000000000000059e-01 1.815761252294468135e+07
1.505333333333333246e-01 1.813583443360085413e+07
1.506666666666666710e-01 1.813258048573516682e+07
1.508000000000000174e-01 1.812168448704895750e+07
1.509333333333333360e-01 1.811771174714062363e+07
1.510666666666666824e-01 1.809467405533627421e+07
1.512000000000000011e-01 1.808733124489210919e+07
1.513333333333333475e-01 1.807473960333631560e+07
1.514666666666666661e-01 1.806404580080636218e+07
1.516000000000000125e-01 1.806351628717828542e+07
1.517333333333333589e-01 1.806148177432841808e+07
1.518666666666666776e-01 1.805919177880779654e+07
1.519999999999999962e-01 1.805296081709297374e+07
1.521333333333333426e-01 1.804677172886554897e+07
1.522666666666666890e-01 1.803412910643562302e+07
1.524000000000000077e-01 1.803814729968707263e+07
1.525333333333333263e-01 1.803762416425061226e+07
1.526666666666666727e-01 1.803638737612874433e+07
1.528000000000000191e-01 1.802615340743903443e+07
1.529333333333333378e-01 1.801368215066350624e+07
1.530666666666666564e-01 1.802326898893518373e+07
1.532000000000000028e-01 1.801622757299939543e+07
1.533333333333333492e-01 1.799612532931785285e+07
1.534666666666666679e-01 1.800851675110017881e+07
1.536000000000000143e-01 1.800125462866993248e+07
1.537333333333333329e-01 1.799003244937587157e+07
1.538666666666666794e-01 1.800484847997508571e+07
1.539999999999999980e-01 1.800575071057834104e+07
1.541333333333333444e-01 1.799069757538528368e+07
1.542666666666666908e-01 1.797988780286616459e+07
1.544000000000000095e-01 1.795755469262046739e+07
1.545333333333333281e-01 1.795546999168625474e+07
1.546666666666666745e-01 1.796029126919604093e+07
1.548000000000000209e-01 1.794893671727900580e+07
1.549333333333333396e-01 1.793614495086805150e+07
1.550666666666666582e-01 1.792732162648961321e+07
1.552000000000000046e-01 1.792144613392473012e+07
1.553333333333333510e-01 1.791049271146714315e+07
1.554666666666666697e-01 1.790671284515149891e+07
1.556000000000000161e-01 1.790339579955931753e+07
1.557333333333333347e-01 1.790374053224068135e+07
1.558666666666666811e-01 1.790235865729983151e+07
1.559999999999999998e-01 1.789308400313678384e+07
1.561333333333333462e-01 1.788253586502875760e+07
1.562666666666666926e-01 1.787773132391342893e+07
1.564000000000000112e-01 1.787089070106538385e+07
1.565333333333333299e-01 1.786645199939733371e+07
1.566666666666666763e-01 1.784829332718169689e+07
1.568000000000000227e-01 1.781764843911321089e+07
1.569333333333333413e-01 1.782065739635710418e+07
1.570666666666666600e-01 1.779308530915914103e+07
1.572000000000000064e-01 1.778195811993021891e+07
1.573333333333333528e-01 1.778599847171480209e+07
1.574666666666666714e-01 1.776235544977790862e+07
1.575999999999999901e-01 1.774536432503718510e+07
1.577333333333333365e-01 1.774880592501670867e+07
1.578666666666666829e-01 1.774891235903544724e+07
1.580000000000000016e-01 1.775877949573288113e+07
1.581333333333333480e-01 1.776514399142003432e+07
1.582666666666666666e-01 1.774693260515782237e+07
1.584000000000000130e-01 1.775684376501986384e+07
1.585333333333333317e-01 1.775967203231301159e+07
1.586666666666666781e-01 1.775000904963839054e+07
1.588000000000000245e-01 1.775345296111167595e+07
1.589333333333333431e-01 1.776210234754781798e+07
1.590666666666666618e-01 1.775260469579823315e+07
1.592000000000000082e-01 1.775746546390693262e+07
1.593333333333333546e-01 1.775119692484607175e+07
1.594666666666666732e-01 1.774864603157168627e+07
1.595999999999999919e-01 1.775447398265169188e+07
1.597333333333333383e-01 1.774458332825884968e+07
1.598666666666666847e-01 1.774166075449197739e+07
1.600000000000000033e-01 1.774062353459682688e+07
1.601333333333333497e-01 1.773882402904456481e+07
1.602666666666666684e-01 1.772801844897254556e+07
1.604000000000000148e-01 1.770541531172615290e+07
1.605333333333333334e-01 1.770504215219673887e+07
1.606666666666666798e-01 1.771037987404853478e+07
1.607999999999999985e-01 1.769662267409228534e+07
1.609333333333333449e-01 1.769581804214568436e+07
1.610666666666666635e-01 1.769381041853945330e+07
1.612000000000000099e-01 1.770334168275696412e+07
1.613333333333333564e-01 1.771049413272577897e+07
1.614666666666666750e-01 1.772455239820651338e+07
1.615999999999999936e-01 1.772060935628789663e+07
1.617333333333333401e-01 1.772116238684667274e+07
1.618666666666666865e-01 1.773250269646700472e+07
1.620000000000000051e-01 1.773131955928608403e+07
1.621333333333333238e-01 1.774434421367099881e+07
1.622666666666666702e-01 1.773937072035669535e+07
1.624000000000000166e-01 1.773724159401752055e+07
1.625333333333333352e-01 1.772749203863278776e+07
1.626666666666666816e-01 1.772669339104091749e+07
1.628000000000000003e-01 1.772691498001626134e+07
1.629333333333333467e-01 1.772368471140537411e+07
1.630666666666666653e-01 1.772563688464183360e+07
1.632000000000000117e-01 1.772693613286877424e+07
1.633333333333333581e-01 1.773850931569224969e+07
1.634666666666666768e-01 1.773614530420531705e+07
1.635999999999999954e-01 1.772510293399588764e+07
1.637333333333333418e-01 1.772333628741214797e+07
1.638666666666666882e-01 1.773023894199436530e+07
1.640000000000000069e-01 1.773490619721814618e+07
1.641333333333333255e-01 1.772637075419295579e+07
1.642666666666666719e-01 1.773344575602150336e+07
1.644000000000000183e-01 1.775157014743294567e+07
1.645333333333333370e-01 1.775554606045902520e+07
1.646666666666666834e-01 1.775085359759988263e+07
1.648000000000000020e-01 1.774200015924074128e+07
1.649333333333333484e-01 1.772932870185051113e+07
1.650666666666666671e-01 1.772714708235612512e+07
1.652000000000000135e-01 1.772763716399966180e+07
1.653333333333333321e-01 1.773326861962603778e+07
1.654666666666666786e-01 1.773103049988040328e+07
1.655999999999999972e-01 1.772149727382916585e+07
1.657333333333333436e-01 1.772379407905789465e+07
1.658666666666666900e-01 1.772160969586659968e+07
1.660000000000000087e-01 1.771682626793515682e+07
1.661333333333333273e-01 1.771693946870554984e+07
1.662666666666666737e-01 1.771804114416958764e+07
1.664000000000000201e-01 1.772963413838208839e+07
1.665333333333333388e-01 1.773252792864683270e+07
