0.000000000000000000e+00 1.017016033873406239e+07
1.333333333333333397e-04 1.150552915883622132e+07
2.666666666666666794e-04 1.591786110266218521e+07
4.000000000000000192e-04 2.439404247261500731e+07
5.333333333333333589e-04 3.504619664790225029e+07
6.666666666666666444e-04 5.796297314618892968e+07
8.000000000000000383e-04 6.139010502375382930e+07
9.333333333333333239e-04 8.603535633379939198e+07
1.066666666666666718e-03 1.311620811232649088e+08
1.200000000000000112e-03 1.505651142494203746e+08
1.333333333333333289e-03 1.857554699681363404e+08
1.466666666666666683e-03 2.368998204684286714e+08
1.600000000000000077e-03 2.780825398105667233e+08
1.733333333333333471e-03 3.665775679923747778e+08
1.866666666666666648e-03 4.189507915687165856e+08
2.000000000000000042e-03 4.814943542717404366e+08
2.133333333333333436e-03 5.520526837595402002e+08
2.266666666666666829e-03 6.007424571936137676e+08
2.400000000000000223e-03 5.819020444118510485e+08
2.533333333333333184e-03 5.246079126166767478e+08
2.666666666666666578e-03 6.483584770518131256e+08
2.800000000000000405e-03 6.713705445475246906e+08
2.933333333333333365e-03 7.745499942465919256e+08
3.066666666666666759e-03 8.956633743500156403e+08
3.200000000000000153e-03 8.580766615184320211e+08
3.333333333333333547e-03 1.030836836927282810e+09
3.466666666666666941e-03 1.297785117627204418e+09
3.600000000000000335e-03 1.031154984737240672e+09
3.733333333333333295e-03 8.765012199058734179e+08
3.866666666666667123e-03 9.685172488688437939e+08
4.000000000000000083e-03 1.265032038250691652e+09
4.133333333333333477e-03 1.741834693200304985e+09
4.266666666666666871e-03 2.276493894622472763e+09
4.400000000000000265e-03 3.193023200144493580e+09
4.533333333333333659e-03 4.130720228831899643e+09
4.666666666666667053e-03 4.895957650827535629e+09
4.800000000000000447e-03 5.227143655849717140e+09
4.933333333333333841e-03 5.420227025528622627e+09
5.066666666666666367e-03 5.186961482514120102e+09
5.200000000000000629e-03 4.723851255562863350e+09
5.333333333333333155e-03 4.775020327912954330e+09
5.466666666666667417e-03 4.151059665520726204e+09
5.600000000000000810e-03 3.973480185814989090e+09
5.733333333333333337e-03 3.700338749321996689e+09
5.866666666666666731e-03 3.246027694053205967e+09
6.000000000000000992e-03 3.121638557838330746e+09
6.133333333333333519e-03 2.905733785805296421e+09
6.266666666666666913e-03 2.878428467064562321e+09
6.400000000000000307e-03 2.831469651304891586e+09
6.533333333333332833e-03 2.706756795690631866e+09
6.666666666666667095e-03 2.636664286011807919e+09
6.800000000000000488e-03 2.776966315202157021e+09
6.933333333333333882e-03 3.003800418201084614e+09
7.066666666666666409e-03 3.416140352836730957e+09
7.200000000000000670e-03 3.640206503244091988e+09
7.333333333333334064e-03 3.870937097074211597e+09
7.466666666666666591e-03 3.869617448614113331e+09
7.599999999999999985e-03 3.947666627247719765e+09
7.733333333333334246e-03 4.052022774414629459e+09
7.866666666666665905e-03 4.284152734364514828e+09
8.000000000000000167e-03 4.386898795291302681e+09
8.133333333333334428e-03 4.527473473349103928e+09
8.266666666666666954e-03 4.399218585728137016e+09
8.399999999999999481e-03 4.929632480653120995e+09
8.533333333333333742e-03 5.310910936914054871e+09
8.666666666666668004e-03 4.716376039905158043e+09
8.800000000000000530e-03 4.840370812295524597e+09
8.933333333333333057e-03 5.634475475545624733e+09
9.066666666666667318e-03 5.031390915444369316e+09
9.200000000000001579e-03 5.777134041897557259e+09
9.333333333333334106e-03 5.490995344429802895e+09
9.466666666666666632e-03 5.787005561925845146e+09
9.600000000000000894e-03 5.356332118893867493e+09
9.733333333333333420e-03 4.679808973154988289e+09
9.866666666666667682e-03 5.097073341853839874e+09
1.000000000000000021e-02 5.535786379313357353e+09
1.013333333333333273e-02 6.383221573246985435e+09
1.026666666666666700e-02 5.755731644518469810e+09
1.040000000000000126e-02 6.833624563936193466e+09
1.053333333333333378e-02 7.003189368982668877e+09
1.066666666666666631e-02 7.231645583016272545e+09
1.079999999999999884e-02 7.598489575881653786e+09
1.093333333333333483e-02 7.411185424548995018e+09
1.106666666666666736e-02 6.859842901666855812e+09
1.120000000000000162e-02 6.413060227944399834e+09
1.133333333333333415e-02 6.463047829488237381e+09
1.146666666666666667e-02 5.733323037737605095e+09
1.160000000000000094e-02 5.195126116044858932e+09
1.173333333333333346e-02 4.435173468783203125e+09
1.186666666666666599e-02 4.329942235587756157e+09
1.200000000000000198e-02 3.859016300241581440e+09
1.213333333333333451e-02 3.318176259606947422e+09
1.226666666666666704e-02 3.353065700633027077e+09
1.240000000000000130e-02 3.190306465877397060e+09
1.253333333333333383e-02 3.424012894129912853e+09
1.266666666666666635e-02 3.405344198208607197e+09
1.280000000000000061e-02 3.587369684539946079e+09
1.293333333333333314e-02 3.844807355414991856e+09
1.306666666666666567e-02 3.841135691928877831e+09
1.320000000000000166e-02 3.858657555073396206e+09
1.333333333333333419e-02 4.056080554412909031e+09
1.346666666666666845e-02 4.573846733357057571e+09
1.360000000000000098e-02 5.175195516878061295e+09
1.373333333333333350e-02 5.358188864668482780e+09
1.386666666666666776e-02 5.425573153364956856e+09
1.400000000000000029e-02 5.694668419405526161e+09
1.413333333333333282e-02 6.120583217498883247e+09
1.426666666666666881e-02 5.791300945068758965e+09
1.440000000000000134e-02 5.388562664002829552e+09
1.453333333333333387e-02 5.785316987640673637e+09
1.466666666666666813e-02 5.592680844297584534e+09
1.480000000000000066e-02 5.818048995728075981e+09
1.493333333333333318e-02 5.530633847544960022e+09
1.506666666666666744e-02 5.318076836891547203e+09
1.519999999999999997e-02 5.129784988929416656e+09
1.533333333333333250e-02 4.842487799394762039e+09
1.546666666666666849e-02 4.489479919597890854e+09
1.560000000000000102e-02 4.709727217018844604e+09
1.573333333333333181e-02 4.339048149180776596e+09
1.586666666666666781e-02 4.157724257118045330e+09
1.600000000000000033e-02 3.746100596715832233e+09
1.613333333333333633e-02 3.546712755895480156e+09
1.626666666666666886e-02 3.446064728063427448e+09
1.640000000000000138e-02 3.215902410826126575e+09
1.653333333333333391e-02 3.067079809615330219e+09
1.666666666666666644e-02 2.997249874219307423e+09
1.679999999999999896e-02 2.791698544316967010e+09
1.693333333333333496e-02 2.674775115236503601e+09
1.706666666666666748e-02 2.537512830555491447e+09
1.720000000000000001e-02 2.383908297149861813e+09
1.733333333333333601e-02 2.238745103102741718e+09
1.746666666666666853e-02 2.128888505837807894e+09
1.760000000000000106e-02 2.032375305631525040e+09
1.773333333333333359e-02 1.968606542223085165e+09
1.786666666666666611e-02 1.837297538901375055e+09
1.799999999999999864e-02 1.778479303557064533e+09
1.813333333333333464e-02 1.717125264046393156e+09
1.826666666666666716e-02 1.625027589810895681e+09
1.840000000000000316e-02 1.605874706515582800e+09
1.853333333333333569e-02 1.536262320578068733e+09
1.866666666666666821e-02 1.471257563009479046e+09
1.880000000000000074e-02 1.434179859917950869e+09
1.893333333333333326e-02 1.384652612278529882e+09
1.906666666666666579e-02 1.329114876583046675e+09
1.920000000000000179e-02 1.294609586188199997e+09
1.933333333333333431e-02 1.260538701424665689e+09
1.946666666666666684e-02 1.214908905274658442e+09
1.960000000000000284e-02 1.172995712564789534e+09
1.973333333333333536e-02 1.134224957841062307e+09
1.986666666666666789e-02 1.099432476611732244e+09
2.000000000000000042e-02 1.064909461219752192e+09
2.013333333333333294e-02 1.040427298326107860e+09
2.026666666666666547e-02 1.017530292132842779e+09
2.040000000000000147e-02 9.883635717710839510e+08
2.053333333333333399e-02 9.574240974279098511e+08
2.066666666666666652e-02 9.307842647866075039e+08
2.080000000000000251e-02 9.136937750865410566e+08
2.093333333333333504e-02 8.730050295172593594e+08
2.106666666666666757e-02 8.600339006522957087e+08
2.120000000000000009e-02 8.331575595723778009e+08
2.133333333333333262e-02 8.184673300801240206e+08
2.146666666666666515e-02 7.920693453859061003e+08
2.159999999999999767e-02 7.639410435457085371e+08
2.173333333333333714e-02 7.509986362376250029e+08
2.186666666666666967e-02 7.391534762791787386e+08
2.200000000000000219e-02 7.252792547909095287e+08
2.213333333333333472e-02 7.130212094899649620e+08
2.226666666666666725e-02 7.042019661410949230e+08
2.240000000000000324e-02 6.877876325260368586e+08
2.253333333333333577e-02 6.741371508826590776e+08
2.266666666666666829e-02 6.551480885870600939e+08
2.280000000000000082e-02 6.436234814179764986e+08
2.293333333333333335e-02 6.295234850239334106e+08
2.306666666666666587e-02 6.194159060990823507e+08
2.320000000000000187e-02 6.103340903491055965e+08
2.333333333333333440e-02 5.963487094844383001e+08
2.346666666666666692e-02 5.836601086405662298e+08
2.359999999999999945e-02 5.758418011227729321e+08
2.373333333333333198e-02 5.618096546376281977e+08
2.386666666666666450e-02 5.557602987595317364e+08
2.400000000000000397e-02 5.427921460265818834e+08
2.413333333333333650e-02 5.375288526013051271e+08
2.426666666666666902e-02 5.226619281515427232e+08
2.440000000000000155e-02 5.140031761685745120e+08
2.453333333333333408e-02 5.051784744448469877e+08
2.466666666666667007e-02 4.922636613464785814e+08
2.480000000000000260e-02 4.829852689399468303e+08
2.493333333333333512e-02 4.751482092614097595e+08
2.506666666666666765e-02 4.713422541839680076e+08
2.520000000000000018e-02 4.595552167123878002e+08
2.533333333333333270e-02 4.550016855036366582e+08
2.546666666666666870e-02 4.517372148209052086e+08
2.560000000000000123e-02 4.468333439014979601e+08
2.573333333333333375e-02 4.410906709375994205e+08
2.586666666666666628e-02 4.337314547047159076e+08
2.599999999999999881e-02 4.256501505643911362e+08
2.613333333333333133e-02 4.169314493708902597e+08
2.626666666666667080e-02 4.115564191963421702e+08
2.640000000000000333e-02 4.065366347470868826e+08
2.653333333333333585e-02 4.023012712031008005e+08
2.666666666666666838e-02 3.953192311413785219e+08
2.680000000000000090e-02 3.883168911522651911e+08
2.693333333333333690e-02 3.829332890601644516e+08
2.706666666666666943e-02 3.799545039472345114e+08
2.720000000000000195e-02 3.744139922797195911e+08
2.733333333333333448e-02 3.692931844137703776e+08
2.746666666666666701e-02 3.646131641805071235e+08
2.759999999999999953e-02 3.622625762017027736e+08
2.773333333333333553e-02 3.540801188321444988e+08
2.786666666666666806e-02 3.517210186458017826e+08
2.800000000000000058e-02 3.456743169049692750e+08
2.813333333333333311e-02 3.415451971044826508e+08
2.826666666666666564e-02 3.370160342751020193e+08
2.839999999999999816e-02 3.344839976552724242e+08
2.853333333333333763e-02 3.300214153862150311e+08
2.866666666666667015e-02 3.246221706233142614e+08
2.880000000000000268e-02 3.205973305998033881e+08
2.893333333333333521e-02 3.174941130742055178e+08
2.906666666666666773e-02 3.139558940990138650e+08
2.920000000000000026e-02 3.121847903978744745e+08
2.933333333333333626e-02 3.067029947959879041e+08
2.946666666666666878e-02 3.025286146954743862e+08
2.960000000000000131e-02 2.982838506628909111e+08
2.973333333333333384e-02 2.960081968867282867e+08
2.986666666666666636e-02 2.943125263433030248e+08
3.000000000000000236e-02 2.899946660511987805e+08
3.013333333333333489e-02 2.864945710276089907e+08
3.026666666666666741e-02 2.833782063206492662e+08
3.039999999999999994e-02 2.810267093911374211e+08
3.053333333333333247e-02 2.785694464061964750e+08
3.066666666666666499e-02 2.762913786958669424e+08
3.080000000000000446e-02 2.725608111236885190e+08
3.093333333333333698e-02 2.695317647791579962e+08
3.106666666666666951e-02 2.678526627730894983e+08
3.120000000000000204e-02 2.644056699878495336e+08
3.133333333333333109e-02 2.605526145558609366e+08
3.146666666666666362e-02 2.598184806418491304e+08
3.160000000000000309e-02 2.567737070547061265e+08
3.173333333333333561e-02 2.532463337148966789e+08
3.186666666666666814e-02 2.518239367264652848e+08
3.200000000000000067e-02 2.481201910165385306e+08
3.213333333333333319e-02 2.461646429727453291e+08
3.226666666666667266e-02 2.442582846800822020e+08
3.240000000000000518e-02 2.416691439854644835e+08
3.253333333333333771e-02 2.404531459510525167e+08
3.266666666666667024e-02 2.377636491667052805e+08
3.280000000000000276e-02 2.353156801883710623e+08
3.293333333333333529e-02 2.333092891976356804e+08
3.306666666666666782e-02 2.315777653233968914e+08
3.320000000000000034e-02 2.296087843769019842e+08
3.333333333333333287e-02 2.267191539488924146e+08
3.346666666666666540e-02 2.244808154435665011e+08
3.359999999999999792e-02 2.237437408180889189e+08
3.373333333333333045e-02 2.205859441265659332e+08
3.386666666666666992e-02 2.191034804164955914e+08
3.400000000000000244e-02 2.164372140993363857e+08
3.413333333333333497e-02 2.144417060454535186e+08
3.426666666666666750e-02 2.129414140173852742e+08
3.440000000000000002e-02 2.106833962333528399e+08
3.453333333333333949e-02 2.097876831577368975e+08
3.466666666666667201e-02 2.079055582987017930e+08
3.480000000000000454e-02 2.058616749781361520e+08
3.493333333333333707e-02 2.038266390951230228e+08
3.506666666666666959e-02 2.014368203055719137e+08
3.520000000000000212e-02 1.996189838235970438e+08
3.533333333333333465e-02 1.985390234470524192e+08
3.546666666666666717e-02 1.967411128135168552e+08
3.559999999999999970e-02 1.951513499721738100e+08
3.573333333333333223e-02 1.936009043750160933e+08
3.586666666666666475e-02 1.919308974253184199e+08
3.599999999999999728e-02 1.898946172978671491e+08
3.613333333333333675e-02 1.882385058355827630e+08
3.626666666666666927e-02 1.863044663801766038e+08
3.640000000000000180e-02 1.845577497749374509e+08
3.653333333333333433e-02 1.833922788600116968e+08
3.666666666666666685e-02 1.816678365269107521e+08
3.680000000000000632e-02 1.798942210233427286e+08
3.693333333333333884e-02 1.783056972086174190e+08
3.706666666666667137e-02 1.763130892748813927e+08
3.720000000000000390e-02 1.749382135579282045e+08
3.733333333333333642e-02 1.733983845921921134e+08
3.746666666666666895e-02 1.718780820363415480e+08
3.760000000000000148e-02 1.702423665016801655e+08
3.773333333333333400e-02 1.692928367545920014e+08
3.786666666666666653e-02 1.675556250122491717e+08
3.799999999999999906e-02 1.666678145839509070e+08
3.813333333333333158e-02 1.650992536069119275e+08
3.826666666666666411e-02 1.642933971795676649e+08
3.840000000000000357e-02 1.627443184151718915e+08
3.853333333333333610e-02 1.616750271018947363e+08
3.866666666666666863e-02 1.605356601422983408e+08
3.880000000000000115e-02 1.595599491579134166e+08
3.893333333333333368e-02 1.583080449325204492e+08
3.906666666666667315e-02 1.578631160434971750e+08
3.920000000000000567e-02 1.568769514814248383e+08
3.933333333333333820e-02 1.554539986791710258e+08
3.946666666666667073e-02 1.539085119398236573e+08
3.960000000000000325e-02 1.532714735284138620e+08
3.973333333333333578e-02 1.519546483325330019e+08
3.986666666666666831e-02 1.507864128064870834e+08
4.000000000000000083e-02 1.498726643733554482e+08
4.013333333333333336e-02 1.486763338983935714e+08
4.026666666666666589e-02 1.479014386730721891e+08
4.039999999999999841e-02 1.469377713075686991e+08
4.053333333333333094e-02 1.461445217124969959e+08
4.066666666666667040e-02 1.450072488308375478e+08
4.080000000000000293e-02 1.443282004404768050e+08
4.093333333333333546e-02 1.429144207903589010e+08
4.106666666666666798e-02 1.419653550323734283e+08
4.120000000000000051e-02 1.404990121148129702e+08
4.133333333333333304e-02 1.396669798025883138e+08
4.146666666666667250e-02 1.387291146674933732e+08
4.160000000000000503e-02 1.380295145986526906e+08
4.173333333333333756e-02 1.367646635181599855e+08
4.186666666666667008e-02 1.360546904108824432e+08
4.200000000000000261e-02 1.351501300842495859e+08
4.213333333333333514e-02 1.341702181753982753e+08
4.226666666666666766e-02 1.332950975035139918e+08
4.240000000000000019e-02 1.323500497825299948e+08
4.253333333333333965e-02 1.313249482586546987e+08
4.266666666666666524e-02 1.303763166141307056e+08
4.280000000000000471e-02 1.295830353131101876e+08
4.293333333333333030e-02 1.290340135898679793e+08
4.306666666666666976e-02 1.282138385722802728e+08
4.319999999999999535e-02 1.271183328318409622e+08
4.333333333333333481e-02 1.260836401125547886e+08
4.346666666666667428e-02 1.250692701652697474e+08
4.359999999999999987e-02 1.240450797154305726e+08
4.373333333333333933e-02 1.231748299733360410e+08
4.386666666666666492e-02 1.220763951979188025e+08
4.400000000000000439e-02 1.212960590378955305e+08
4.413333333333333691e-02 1.204989257357547432e+08
4.426666666666666944e-02 1.196253359098203033e+08
4.440000000000000197e-02 1.189296981194263697e+08
4.453333333333333449e-02 1.182233108281025290e+08
4.466666666666666702e-02 1.177527705612632483e+08
4.480000000000000648e-02 1.170689969360671490e+08
4.493333333333333207e-02 1.159063766375126988e+08
4.506666666666667154e-02 1.152005222043109536e+08
4.519999999999999712e-02 1.144130953882152736e+08
4.533333333333333659e-02 1.135473079011230618e+08
4.546666666666666218e-02 1.128996583268590868e+08
4.560000000000000164e-02 1.122737399503484070e+08
4.573333333333334111e-02 1.114300772040093988e+08
4.586666666666666670e-02 1.107607464870351255e+08
4.600000000000000616e-02 1.102041639864653945e+08
4.613333333333333175e-02 1.097422995753957629e+08
4.626666666666667121e-02 1.089685601926019192e+08
4.640000000000000374e-02 1.083418308516102880e+08
4.653333333333333627e-02 1.075610943498830795e+08
4.666666666666666879e-02 1.067744397778058201e+08
4.680000000000000132e-02 1.062071793015539795e+08
4.693333333333333385e-02 1.055821255269708484e+08
4.706666666666667331e-02 1.049203644022957385e+08
4.719999999999999890e-02 1.042386419092514068e+08
4.733333333333333837e-02 1.038454015309155583e+08
4.746666666666666395e-02 1.031328120488416851e+08
4.760000000000000342e-02 1.024550601907058656e+08
4.773333333333332901e-02 1.017796393150697947e+08
4.786666666666666847e-02 1.009434867869450748e+08
4.800000000000000794e-02 1.004225573406181335e+08
4.813333333333333353e-02 9.958751138792242110e+07
4.826666666666667299e-02 9.890955418309497833e+07
4.839999999999999858e-02 9.826994645820969343e+07
4.853333333333333804e-02 9.752796701241618395e+07
4.866666666666667057e-02 9.672768221181316674e+07
4.880000000000000310e-02 9.614462758558809757e+07
4.893333333333333562e-02 9.535149593037816882e+07
4.906666666666666815e-02 9.473282462550009787e+07
4.920000000000000068e-02 9.424320609524439275e+07
4.933333333333334014e-02 9.360179807916253805e+07
4.946666666666666573e-02 9.314798630131590366e+07
4.960000000000000520e-02 9.261725335195767879e+07
4.973333333333333078e-02 9.233580100642958283e+07
4.986666666666667025e-02 9.192175916705402732e+07
4.999999999999999584e-02 9.145854019805459678e+07
5.013333333333333530e-02 9.094855385987415910e+07
5.026666666666667477e-02 9.046203541973604262e+07
5.040000000000000036e-02 8.989868472298876941e+07
5.053333333333333982e-02 8.940860379548819363e+07
5.066666666666666541e-02 8.881567436364494264e+07
5.080000000000000487e-02 8.816324536294169724e+07
5.093333333333333740e-02 8.768242974393175542e+07
5.106666666666666993e-02 8.724355499736066163e+07
5.120000000000000245e-02 8.675699165772619843e+07
5.133333333333333498e-02 8.625137381654649973e+07
5.146666666666666751e-02 8.586452266830062866e+07
5.160000000000000697e-02 8.554749869169010222e+07
5.173333333333333256e-02 8.510037289248330891e+07
5.186666666666667203e-02 8.477115167625974119e+07
5.199999999999999761e-02 8.438945633379726112e+07
5.213333333333333708e-02 8.402205133781898022e+07
5.226666666666666267e-02 8.352668992421150208e+07
5.240000000000000213e-02 8.309020042626523972e+07
5.253333333333334160e-02 8.267675304412044585e+07
5.266666666666666718e-02 8.218929762292690575e+07
5.280000000000000665e-02 8.166478672399538755e+07
5.293333333333333224e-02 8.120208594335095584e+07
5.306666666666667170e-02 8.069611832773825526e+07
5.320000000000000423e-02 8.034757846556915343e+07
5.333333333333333676e-02 7.998779503399519622e+07
5.346666666666666928e-02 7.967615954159110785e+07
5.360000000000000181e-02 7.942703884657876194e+07
5.373333333333333434e-02 7.900789725937949121e+07
5.386666666666667380e-02 7.865274612273815274e+07
5.399999999999999939e-02 7.825342312677605450e+07
5.413333333333333885e-02 7.785744397246305645e+07
5.426666666666666444e-02 7.748367805285650492e+07
5.440000000000000391e-02 7.705966517690545321e+07
5.453333333333332950e-02 7.665938783809228241e+07
5.466666666666666896e-02 7.637469776844523847e+07
5.480000000000000843e-02 7.592904726143582165e+07
5.493333333333333401e-02 7.553514212801754475e+07
5.506666666666667348e-02 7.519002388977630436e+07
5.519999999999999907e-02 7.482845004065084457e+07
5.533333333333333853e-02 7.440060377429585159e+07
5.546666666666667106e-02 7.411310573965938389e+07
5.560000000000000359e-02 7.372411335224124789e+07
5.573333333333333611e-02 7.330957863091799617e+07
5.586666666666666864e-02 7.296501140441775322e+07
5.600000000000000117e-02 7.260085100444631279e+07
5.613333333333334063e-02 7.224301096471829712e+07
5.626666666666666622e-02 7.180212713209477067e+07
5.640000000000000568e-02 7.144973219958549738e+07
5.653333333333333127e-02 7.097833177967651188e+07
5.666666666666667074e-02 7.076119681013157964e+07
5.679999999999999633e-02 7.048825664227397740e+07
5.693333333333333579e-02 7.029994603956158459e+07
5.706666666666667526e-02 7.002901763992321491e+07
5.720000000000000084e-02 6.978119620675113797e+07
5.733333333333334031e-02 6.941336679090097547e+07
5.746666666666666590e-02 6.906720706657394767e+07
5.760000000000000536e-02 6.875935439051771164e+07
5.773333333333333789e-02 6.842375643485106528e+07
5.786666666666667042e-02 6.821295627935434878e+07
5.800000000000000294e-02 6.785668812710125744e+07
5.813333333333333547e-02 6.760071768022626638e+07
5.826666666666666800e-02 6.727001278951610625e+07
5.840000000000000052e-02 6.688881377629508078e+07
5.853333333333333305e-02 6.661555107986717671e+07
5.866666666666667251e-02 6.633519800704578310e+07
5.879999999999999810e-02 6.602092624950784445e+07
5.893333333333333757e-02 6.582145741075556725e+07
5.906666666666666315e-02 6.550152562331410497e+07
5.920000000000000262e-02 6.519152175729026645e+07
5.933333333333334209e-02 6.492354403569858521e+07
5.946666666666666767e-02 6.471751415606147051e+07
5.960000000000000714e-02 6.440059532411723584e+07
5.973333333333333273e-02 6.417245459992330521e+07
5.986666666666667219e-02 6.389868900686491281e+07
6.000000000000000472e-02 6.356101178013948351e+07
6.013333333333333725e-02 6.337583607232944667e+07
6.026666666666666977e-02 6.314375734381003678e+07
6.040000000000000230e-02 6.289103027327685058e+07
6.053333333333333482e-02 6.265120145992270857e+07
6.066666666666666735e-02 6.241595548433948308e+07
6.079999999999999988e-02 6.218497975218079239e+07
6.093333333333333934e-02 6.195438304593866318e+07
6.106666666666666493e-02 6.157868339804562926e+07
6.120000000000000440e-02 6.130068369072090834e+07
6.133333333333332998e-02 6.098179928321895003e+07
6.146666666666666945e-02 6.069898701003827900e+07
6.160000000000000892e-02 6.054624650421184301e+07
6.173333333333333450e-02 6.025322446262093633e+07
6.186666666666667397e-02 5.998889903526697308e+07
6.199999999999999956e-02 5.971958396430302411e+07
6.213333333333333902e-02 5.943986437119029462e+07
6.226666666666667155e-02 5.925020256586834788e+07
6.240000000000000407e-02 5.903794458888460696e+07
6.253333333333334354e-02 5.877807515029872954e+07
6.266666666666666219e-02 5.856812325021202117e+07
6.280000000000000859e-02 5.840302421530311555e+07
6.293333333333332724e-02 5.818148651079583913e+07
6.306666666666667365e-02 5.786136796661350876e+07
6.320000000000000617e-02 5.754664601008467376e+07
6.333333333333333870e-02 5.728376945484434068e+07
6.346666666666667123e-02 5.710299833101414889e+07
6.360000000000000375e-02 5.692406804923157394e+07
6.373333333333333628e-02 5.668681442861408740e+07
6.386666666666666881e-02 5.651084973570315540e+07
6.400000000000000133e-02 5.620557321387912333e+07
6.413333333333333386e-02 5.599893546469314396e+07
6.426666666666666639e-02 5.574735633457599580e+07
6.439999999999999891e-02 5.550794407644452900e+07
6.453333333333334532e-02 5.527443155707857013e+07
6.466666666666666397e-02 5.502758299159241468e+07
6.480000000000001037e-02 5.474710630632627010e+07
6.493333333333332902e-02 5.454245723371706903e+07
6.506666666666667542e-02 5.434312898907662183e+07
6.519999999999999407e-02 5.417354406250208616e+07
6.533333333333334048e-02 5.400221820404688269e+07
6.546666666666667300e-02 5.383569417463270575e+07
6.560000000000000553e-02 5.364496310482927412e+07
6.573333333333333806e-02 5.332111791612617671e+07
6.586666666666667058e-02 5.307336878894120455e+07
6.600000000000000311e-02 5.289921914728637785e+07
6.613333333333333564e-02 5.276013234184311330e+07
6.626666666666666816e-02 5.260656292993535101e+07
6.640000000000000069e-02 5.238904188744729757e+07
6.653333333333333321e-02 5.216452008834674954e+07
6.666666666666666574e-02 5.197336534299136698e+07
6.680000000000001215e-02 5.177809654484571517e+07
6.693333333333333079e-02 5.154589093067681789e+07
6.706666666666667720e-02 5.133210070394177735e+07
6.719999999999999585e-02 5.112052421914526075e+07
6.733333333333334225e-02 5.095885893282262981e+07
6.746666666666666090e-02 5.080180616105865687e+07
6.760000000000000731e-02 5.060205041842641681e+07
6.773333333333333983e-02 5.048520650351466984e+07
6.786666666666667236e-02 5.025860713668560237e+07
6.800000000000000488e-02 5.009862904536626488e+07
6.813333333333333741e-02 4.988201239161849022e+07
6.826666666666666994e-02 4.971317024194543064e+07
6.840000000000000246e-02 4.959146171578147262e+07
6.853333333333333499e-02 4.941994965658916533e+07
6.866666666666666752e-02 4.919764323976715654e+07
6.880000000000000004e-02 4.898597740669254959e+07
6.893333333333333257e-02 4.881672570427826047e+07
6.906666666666667898e-02 4.869155260192745924e+07
6.919999999999999762e-02 4.851472653844321519e+07
6.933333333333334403e-02 4.839245936405836791e+07
6.946666666666666268e-02 4.819637991505685449e+07
6.960000000000000908e-02 4.808031000371582061e+07
6.973333333333332773e-02 4.786446712309578806e+07
6.986666666666667413e-02 4.765463067692748457e+07
7.000000000000000666e-02 4.749371001228582859e+07
7.013333333333333919e-02 4.731933720644793659e+07
7.026666666666667171e-02 4.711541619670180976e+07
7.040000000000000424e-02 4.697466846972402930e+07
7.053333333333333677e-02 4.685228474737501889e+07
7.066666666666666929e-02 4.668466544229701161e+07
7.080000000000000182e-02 4.646084676982063055e+07
7.093333333333333435e-02 4.634966011585924774e+07
7.106666666666666687e-02 4.626125067475273460e+07
7.119999999999999940e-02 4.616755275000462681e+07
7.133333333333334580e-02 4.605461970697596669e+07
7.146666666666666445e-02 4.587271645522324741e+07
7.160000000000001086e-02 4.566121343777009100e+07
7.173333333333332951e-02 4.546760442798059434e+07
7.186666666666667591e-02 4.532519562635525316e+07
7.199999999999999456e-02 4.517606581980007887e+07
7.213333333333334096e-02 4.499906908535093069e+07
7.226666666666667349e-02 4.481111465517025441e+07
7.240000000000000602e-02 4.468213618433573842e+07
7.253333333333333854e-02 4.452337397005017102e+07
7.266666666666667107e-02 4.442149980770514905e+07
7.280000000000000360e-02 4.424826375205425173e+07
7.293333333333333612e-02 4.411688566788454354e+07
7.306666666666666865e-02 4.397665064854692668e+07
7.320000000000000118e-02 4.381996207338833064e+07
7.333333333333333370e-02 4.371180887264374644e+07
7.346666666666666623e-02 4.354204747966384888e+07
7.360000000000001263e-02 4.337744126444619894e+07
7.373333333333333128e-02 4.326101381665688753e+07
7.386666666666667769e-02 4.308875702579139173e+07
7.399999999999999634e-02 4.289791257828298211e+07
7.413333333333334274e-02 4.276626099217639118e+07
7.426666666666666139e-02 4.264596700752007216e+07
7.440000000000000779e-02 4.247934297408840805e+07
7.453333333333334032e-02 4.237118440561920404e+07
7.466666666666667285e-02 4.229533743730986118e+07
7.480000000000000537e-02 4.220644046514964104e+07
7.493333333333333790e-02 4.206538486722872406e+07
7.506666666666667043e-02 4.189113499018323421e+07
7.520000000000000295e-02 4.176395230181636661e+07
7.533333333333333548e-02 4.165262376869828999e+07
7.546666666666666801e-02 4.148693210070168972e+07
7.560000000000000053e-02 4.135706885378737748e+07
7.573333333333333306e-02 4.120673446216000617e+07
7.586666666666667946e-02 4.109199084933264554e+07
7.599999999999999811e-02 4.095222889632703364e+07
7.613333333333334452e-02 4.078613709995120019e+07
7.626666666666666317e-02 4.063488322172251344e+07
7.640000000000000957e-02 4.055904816371957213e+07
7.653333333333332822e-02 4.043077049415532500e+07
7.666666666666667462e-02 4.032222395970630646e+07
7.680000000000000715e-02 4.023513561187320203e+07
7.693333333333333968e-02 4.005068414830703288e+07
7.706666666666667220e-02 3.997992862793973833e+07
7.720000000000000473e-02 3.988748372644427419e+07
7.733333333333333726e-02 3.980563134780322760e+07
7.746666666666666978e-02 3.974505682768807560e+07
7.760000000000000231e-02 3.959879484670291841e+07
7.773333333333333484e-02 3.948672808548934013e+07
7.786666666666666736e-02 3.935967754236511141e+07
7.799999999999999989e-02 3.921848400783650577e+07
7.813333333333334629e-02 3.909247379322423786e+07
7.826666666666666494e-02 3.902336436011049896e+07
7.840000000000001135e-02 3.889298649581145495e+07
7.853333333333333000e-02 3.879530737312629074e+07
7.866666666666667640e-02 3.869882891112208366e+07
7.879999999999999505e-02 3.852911007607302070e+07
7.893333333333334145e-02 3.836583504514286667e+07
7.906666666666667398e-02 3.827671964493653923e+07
7.920000000000000651e-02 3.822173598474186659e+07
7.933333333333333903e-02 3.813197577188241482e+07
7.946666666666667156e-02 3.804909389316878468e+07
7.960000000000000409e-02 3.792045753372099251e+07
7.973333333333333661e-02 3.785194565642786771e+07
7.986666666666666914e-02 3.773714489504352212e+07
8.000000000000000167e-02 3.759498344306890666e+07
8.013333333333333419e-02 3.748393292749276012e+07
8.026666666666666672e-02 3.739069561331740767e+07
8.039999999999999925e-02 3.728389970700421184e+07
8.053333333333333177e-02 3.719608938122887164e+07
8.066666666666667818e-02 3.712863156474797428e+07
8.079999999999999682e-02 3.701197183935432136e+07
8.093333333333334323e-02 3.685885818955581635e+07
8.106666666666666188e-02 3.676138080155667663e+07
8.120000000000000828e-02 3.670105522721451521e+07
8.133333333333334081e-02 3.659977575730744749e+07
8.146666666666667334e-02 3.652789407353144884e+07
8.160000000000000586e-02 3.642573879193328321e+07
8.173333333333333839e-02 3.638372967407497764e+07
8.186666666666667092e-02 3.627201049332243949e+07
8.200000000000000344e-02 3.616175262638279796e+07
8.213333333333333597e-02 3.604303583909816295e+07
8.226666666666666849e-02 3.597915802377483249e+07
8.240000000000000102e-02 3.593071393411146104e+07
8.253333333333333355e-02 3.583050491469312459e+07
8.266666666666666607e-02 3.574334791174995899e+07
8.279999999999999860e-02 3.565120385079348832e+07
8.293333333333334501e-02 3.558579144811140001e+07
8.306666666666666365e-02 3.551350684380649775e+07
8.320000000000001006e-02 3.545021962755643576e+07
8.333333333333332871e-02 3.538647838366919756e+07
8.346666666666667511e-02 3.531027657351766527e+07
8.360000000000000764e-02 3.523073707570700347e+07
8.373333333333334016e-02 3.514958652006410807e+07
8.386666666666665881e-02 3.504772821181860566e+07
8.400000000000000522e-02 3.491734454772381485e+07
8.413333333333333774e-02 3.479843540391963720e+07
8.426666666666667027e-02 3.467805628737846762e+07
8.440000000000001668e-02 3.455863021718209237e+07
8.453333333333333532e-02 3.447721099508521706e+07
8.466666666666666785e-02 3.434872181595005840e+07
8.480000000000000038e-02 3.422021745357434452e+07
8.493333333333334678e-02 3.411680401471222937e+07
8.506666666666667931e-02 3.405532821894884109e+07
8.519999999999999796e-02 3.395912624910717458e+07
8.533333333333333048e-02 3.391095679464041442e+07
8.546666666666667689e-02 3.384778254315722734e+07
8.560000000000000941e-02 3.377847780423925817e+07
8.573333333333334194e-02 3.369337292585504800e+07
8.586666666666666059e-02 3.365716543550317734e+07
8.600000000000000699e-02 3.356070877278867364e+07
8.613333333333333952e-02 3.352767053999778628e+07
8.626666666666667205e-02 3.345270079145944864e+07
8.639999999999999070e-02 3.338287671203062311e+07
8.653333333333333710e-02 3.333388080173994973e+07
8.666666666666666963e-02 3.324770878711117059e+07
8.680000000000000215e-02 3.315805554860445857e+07
8.693333333333334856e-02 3.312333279539829493e+07
8.706666666666666721e-02 3.304750632022397965e+07
8.719999999999999973e-02 3.296637678454417363e+07
8.733333333333333226e-02 3.284947072489738464e+07
8.746666666666667866e-02 3.272541449547711387e+07
8.760000000000001119e-02 3.266652608140298724e+07
8.773333333333332984e-02 3.255197326348007098e+07
8.786666666666666237e-02 3.251816958832554519e+07
8.800000000000000877e-02 3.241617073912330717e+07
8.813333333333334130e-02 3.233256272017148510e+07
8.826666666666667382e-02 3.227231062026102841e+07
8.839999999999999247e-02 3.219303173165649921e+07
8.853333333333333888e-02 3.212496338714610040e+07
8.866666666666667140e-02 3.202575515157653391e+07
8.880000000000000393e-02 3.194481185819857568e+07
8.893333333333335033e-02 3.186101153667679057e+07
8.906666666666666898e-02 3.182186470154524595e+07
8.920000000000000151e-02 3.179734586695150286e+07
8.933333333333333404e-02 3.175545342676240951e+07
8.946666666666668044e-02 3.165315177842131257e+07
8.960000000000001297e-02 3.154312548664933071e+07
8.973333333333333162e-02 3.147791615751594305e+07
8.986666666666666414e-02 3.138368723988731205e+07
9.000000000000001055e-02 3.132970018928387389e+07
9.013333333333334307e-02 3.123052679883180931e+07
9.026666666666667560e-02 3.111601907137430087e+07
9.039999999999999425e-02 3.106739181019590050e+07
9.053333333333334065e-02 3.101349016181361303e+07
9.066666666666667318e-02 3.090225557929196581e+07
9.080000000000000571e-02 3.081248012552963570e+07
9.093333333333332436e-02 3.073579304731526598e+07
9.106666666666667076e-02 3.066822643400925025e+07
9.120000000000000329e-02 3.058498396436044574e+07
9.133333333333333581e-02 3.054119490666223317e+07
9.146666666666668222e-02 3.045045059303672612e+07
9.160000000000000087e-02 3.040693766640522331e+07
9.173333333333333339e-02 3.033893209709414467e+07
9.186666666666666592e-02 3.029355120301205292e+07
9.200000000000001232e-02 3.021958459957912192e+07
9.213333333333334485e-02 3.015004886709260195e+07
9.226666666666666350e-02 3.009004851783424988e+07
9.239999999999999603e-02 3.001386783068933710e+07
9.253333333333334243e-02 2.996447223871507868e+07
9.266666666666667496e-02 2.989710788006538525e+07
9.280000000000000748e-02 2.984608395956994221e+07
9.293333333333332613e-02 2.977254837402337790e+07
9.306666666666667254e-02 2.972143680555725470e+07
9.320000000000000506e-02 2.966038844535141066e+07
9.333333333333333759e-02 2.958723208504868299e+07
9.346666666666668399e-02 2.951979829796944931e+07
9.360000000000000264e-02 2.948274112979694456e+07
9.373333333333333517e-02 2.944480875936742499e+07
9.386666666666666770e-02 2.936523941254766285e+07
9.400000000000001410e-02 2.929180861972907186e+07
9.413333333333334663e-02 2.925636976759948954e+07
9.426666666666666528e-02 2.917744126917530224e+07
9.439999999999999780e-02 2.911266904991503805e+07
9.453333333333334421e-02 2.901774197363384813e+07
9.466666666666667673e-02 2.896327448015307635e+07
9.479999999999999538e-02 2.891118747200298682e+07
9.493333333333332791e-02 2.886443221561573818e+07
9.506666666666667431e-02 2.880769812888877094e+07
9.520000000000000684e-02 2.872705004758178443e+07
9.533333333333333937e-02 2.867866468265954033e+07
9.546666666666665801e-02 2.861777526340977848e+07
9.560000000000000442e-02 2.853774235749292001e+07
9.573333333333333695e-02 2.850396571196128428e+07
9.586666666666666947e-02 2.843461862791355699e+07
9.600000000000001588e-02 2.839831146350911632e+07
9.613333333333333452e-02 2.834191091390678659e+07
9.626666666666666705e-02 2.829306407969357073e+07
9.639999999999999958e-02 2.825749345713091642e+07
9.653333333333334598e-02 2.819281198153778166e+07
9.666666666666667851e-02 2.811573388580933213e+07
9.679999999999999716e-02 2.802875359095323086e+07
9.693333333333332968e-02 2.797384837050421536e+07
9.706666666666667609e-02 2.790506836432940140e+07
9.720000000000000862e-02 2.786238042702608556e+07
9.733333333333334114e-02 2.781841505045643821e+07
9.746666666666665979e-02 2.776332146918257698e+07
9.760000000000000620e-02 2.770482164930574596e+07
9.773333333333333872e-02 2.765306072047885507e+07
9.786666666666667125e-02 2.760699467330520973e+07
9.800000000000001765e-02 2.754559783122878894e+07
9.813333333333333630e-02 2.747310549595119804e+07
9.826666666666666883e-02 2.741344023252347857e+07
9.840000000000000135e-02 2.735701740648724511e+07
9.853333333333334776e-02 2.728135842025280744e+07
9.866666666666668029e-02 2.723293383430394530e+07
9.879999999999999893e-02 2.719441610679531097e+07
9.893333333333333146e-02 2.713868716231112555e+07
9.906666666666667787e-02 2.712124515776780248e+07
9.920000000000001039e-02 2.706514278303497657e+07
9.933333333333332904e-02 2.701716032638456300e+07
9.946666666666666157e-02 2.697879728130897507e+07
9.960000000000000797e-02 2.693457827717879042e+07
9.973333333333334050e-02 2.693422593027269468e+07
9.986666666666667302e-02 2.685899776540761068e+07
9.999999999999999167e-02 2.679939945317570493e+07
1.001333333333333381e-01 2.675794038826268539e+07
1.002666666666666706e-01 2.672684605724494904e+07
1.004000000000000031e-01 2.668370386400207505e+07
1.005333333333333495e-01 2.662962784411063418e+07
1.006666666666666682e-01 2.660788503231619298e+07
1.008000000000000007e-01 2.655400997114518285e+07
1.009333333333333332e-01 2.651244138189445436e+07
1.010666666666666796e-01 2.644959400414774194e+07
1.012000000000000122e-01 2.639796378773036227e+07
1.013333333333333308e-01 2.632020403357290104e+07
1.014666666666666633e-01 2.626982809620589018e+07
1.016000000000000097e-01 2.623275568728037551e+07
1.017333333333333423e-01 2.620636206341730058e+07
1.018666666666666748e-01 2.614920345768755302e+07
1.019999999999999934e-01 2.612490679957131669e+07
1.021333333333333399e-01 2.611725346799722686e+07
1.022666666666666724e-01 2.608733510104267672e+07
1.024000000000000049e-01 2.604616652974078804e+07
1.025333333333333513e-01 2.598319500125417858e+07
1.026666666666666700e-01 2.595242448409802094e+07
1.028000000000000025e-01 2.590985961090432107e+07
1.029333333333333350e-01 2.583078217548992857e+07
1.030666666666666814e-01 2.581080151649111137e+07
1.032000000000000139e-01 2.577796432577293739e+07
1.033333333333333326e-01 2.576434153868088126e+07
1.034666666666666651e-01 2.573046524842173606e+07
1.036000000000000115e-01 2.569234105473322421e+07
1.037333333333333441e-01 2.566433243107821792e+07
1.038666666666666627e-01 2.558388913166827336e+07
1.039999999999999952e-01 2.553383130386591703e+07
1.041333333333333416e-01 2.546399542135405913e+07
1.042666666666666742e-01 2.541885412086238340e+07
1.044000000000000067e-01 2.536840273749363422e+07
1.045333333333333253e-01 2.531738425406140462e+07
1.046666666666666717e-01 2.526811991657977551e+07
1.048000000000000043e-01 2.524502667914752662e+07
1.049333333333333368e-01 2.518514835198083147e+07
1.050666666666666832e-01 2.514350667582103983e+07
1.052000000000000018e-01 2.511792184535745159e+07
1.053333333333333344e-01 2.509248008362606540e+07
1.054666666666666669e-01 2.505899878663020954e+07
1.056000000000000133e-01 2.500648178201978654e+07
1.057333333333333458e-01 2.496602763163664192e+07
1.058666666666666645e-01 2.493747163293355703e+07
1.059999999999999970e-01 2.492733321286464855e+07
1.061333333333333434e-01 2.488533945638230443e+07
1.062666666666666759e-01 2.483414897691530362e+07
1.064000000000000085e-01 2.478961469461123273e+07
1.065333333333333271e-01 2.475978969820184633e+07
1.066666666666666735e-01 2.472603930641208589e+07
1.068000000000000060e-01 2.469183014315235987e+07
1.069333333333333386e-01 2.465950823795301095e+07
1.070666666666666850e-01 2.461344800154426694e+07
1.072000000000000036e-01 2.455836876143621281e+07
1.073333333333333361e-01 2.451030417610248178e+07
1.074666666666666687e-01 2.446832705210939795e+07
1.076000000000000151e-01 2.442682272838114947e+07
1.077333333333333476e-01 2.439552575159379095e+07
1.078666666666666663e-01 2.436436876608773693e+07
1.079999999999999988e-01 2.429584351693442091e+07
1.081333333333333452e-01 2.425170190519669279e+07
1.082666666666666777e-01 2.421758515499839187e+07
1.083999999999999964e-01 2.419492239312428236e+07
1.085333333333333289e-01 2.416826955022136122e+07
1.086666666666666753e-01 2.415047215101515129e+07
1.088000000000000078e-01 2.410764742689300701e+07
1.089333333333333403e-01 2.407257838666122407e+07
1.090666666666666590e-01 2.403695766113110259e+07
1.092000000000000054e-01 2.400241061472477019e+07
1.093333333333333379e-01 2.396591349032113701e+07
1.094666666666666704e-01 2.392588469555123895e+07
1.096000000000000169e-01 2.389982176258944348e+07
1.097333333333333355e-01 2.387385102834104374e+07
1.098666666666666680e-01 2.383611215731861070e+07
1.100000000000000006e-01 2.380016570482736453e+07
1.101333333333333470e-01 2.376577441296233982e+07
1.102666666666666795e-01 2.371724712437000871e+07
1.103999999999999981e-01 2.369296519326627627e+07
1.105333333333333307e-01 2.369803398648793623e+07
1.106666666666666771e-01 2.365382233660523966e+07
1.108000000000000096e-01 2.359822774202124029e+07
1.109333333333333421e-01 2.358521012309983745e+07
1.110666666666666608e-01 2.357015770304875448e+07
1.112000000000000072e-01 2.353434122600290179e+07
1.113333333333333397e-01 2.348169222259121016e+07
1.114666666666666722e-01 2.343127671722428128e+07
1.116000000000000186e-01 2.338331825389852747e+07
1.117333333333333373e-01 2.334251622211872041e+07
1.118666666666666698e-01 2.330822384685955197e+07
1.120000000000000023e-01 2.326464353017618880e+07
1.121333333333333487e-01 2.323183779022391513e+07
1.122666666666666813e-01 2.317890542375188321e+07
1.123999999999999999e-01 2.314273215886250511e+07
1.125333333333333324e-01 2.309422489887007326e+07
1.126666666666666788e-01 2.305538373388477787e+07
1.128000000000000114e-01 2.302883904123520106e+07
1.129333333333333300e-01 2.300983398957761750e+07
1.130666666666666625e-01 2.297473669373144209e+07
1.132000000000000089e-01 2.293588742099164426e+07
1.133333333333333415e-01 2.286275893226407096e+07
1.134666666666666740e-01 2.283533795949628577e+07
1.135999999999999927e-01 2.280100977398822457e+07
1.137333333333333391e-01 2.275536030955028161e+07
1.138666666666666716e-01 2.273720034031750634e+07
1.140000000000000041e-01 2.271812237489818037e+07
1.141333333333333505e-01 2.268966379694978893e+07
1.142666666666666692e-01 2.265744200324364379e+07
1.144000000000000017e-01 2.262150586508609354e+07
1.145333333333333342e-01 2.259811296006872877e+07
1.146666666666666806e-01 2.255916954755149409e+07
1.148000000000000131e-01 2.253855107362345979e+07
1.149333333333333318e-01 2.249600287811789289e+07
1.150666666666666643e-01 2.245878369930266589e+07
1.152000000000000107e-01 2.243327177873432636e+07
1.153333333333333433e-01 2.239279839379378036e+07
1.154666666666666758e-01 2.235926765487455949e+07
1.155999999999999944e-01 2.232764074298407882e+07
1.157333333333333408e-01 2.231869439508797601e+07
1.158666666666666734e-01 2.228635826965627819e+07
1.160000000000000059e-01 2.228150523709758371e+07
1.161333333333333523e-01 2.223657462991853431e+07
1.162666666666666709e-01 2.220603699577758089e+07
1.164000000000000035e-01 2.217365218204213679e+07
1.165333333333333360e-01 2.212745266365898401e+07
1.166666666666666824e-01 2.210187236764222011e+07
1.168000000000000010e-01 2.206198103013867512e+07
1.169333333333333336e-01 2.205646452412569895e+07
1.170666666666666661e-01 2.202679794038531557e+07
1.172000000000000125e-01 2.199989670886080712e+07
1.173333333333333450e-01 2.196162261436843872e+07
1.174666666666666637e-01 2.191235872842957824e+07
1.175999999999999962e-01 2.189308480129992962e+07
1.177333333333333426e-01 2.185742216500772536e+07
1.178666666666666751e-01 2.184485823298974335e+07
1.180000000000000077e-01 2.182471391541925818e+07
1.181333333333333263e-01 2.178821509548719227e+07
1.182666666666666727e-01 2.176304554167638719e+07
1.184000000000000052e-01 2.174039855366326869e+07
1.185333333333333378e-01 2.172384068770025298e+07
1.186666666666666842e-01 2.168287349117450416e+07
1.188000000000000028e-01 2.165987514289301261e+07
1.189333333333333353e-01 2.163955377246989310e+07
1.190666666666666679e-01 2.161016313011398166e+07
1.192000000000000143e-01 2.159700928874951601e+07
1.193333333333333468e-01 2.155545804956290126e+07
1.194666666666666655e-01 2.152624325730934367e+07
1.195999999999999980e-01 2.150353436532156169e+07
1.197333333333333444e-01 2.148603755825388432e+07
1.198666666666666769e-01 2.145745526060377061e+07
1.200000000000000094e-01 2.142962063229138777e+07
1.201333333333333281e-01 2.140862022513587773e+07
1.202666666666666745e-01 2.137581497007583827e+07
1.204000000000000070e-01 2.134256654226014763e+07
1.205333333333333395e-01 2.129567282081715018e+07
1.206666666666666859e-01 2.126937856291492283e+07
1.208000000000000046e-01 2.122360378672955185e+07
1.209333333333333371e-01 2.121009313980758190e+07
1.210666666666666696e-01 2.117199787264335155e+07
1.212000000000000161e-01 2.113841792561474070e+07
1.213333333333333347e-01 2.113255482166351750e+07
1.214666666666666672e-01 2.112360377873110399e+07
1.215999999999999998e-01 2.111271650638002157e+07
1.217333333333333462e-01 2.109289009411610663e+07
1.218666666666666787e-01 2.109270623873845115e+07
1.219999999999999973e-01 2.106070830289967358e+07
1.221333333333333299e-01 2.103306794287689030e+07
1.222666666666666763e-01 2.100616652879266441e+07
1.224000000000000088e-01 2.097340315240551531e+07
1.225333333333333413e-01 2.095420016642446071e+07
1.226666666666666600e-01 2.092427002661703900e+07
1.228000000000000064e-01 2.088143069879173487e+07
1.229333333333333389e-01 2.086085204956906661e+07
1.230666666666666714e-01 2.084420739923563600e+07
1.232000000000000178e-01 2.083609790919046104e+07
1.233333333333333365e-01 2.080235941965249926e+07
1.234666666666666690e-01 2.077597628250986710e+07
1.236000000000000015e-01 2.075244430555322021e+07
1.237333333333333479e-01 2.073313754594855011e+07
1.238666666666666805e-01 2.070346160640485585e+07
1.239999999999999991e-01 2.067187961235077679e+07
1.241333333333333316e-01 2.063104020156341046e+07
1.242666666666666780e-01 2.059699446638591960e+07
1.244000000000000106e-01 2.057196909164744616e+07
1.245333333333333431e-01 2.052865629847027361e+07
1.246666666666666617e-01 2.051694469074734673e+07
1.248000000000000081e-01 2.051342959678741544e+07
1.249333333333333407e-01 2.048789087010224536e+07
1.250666666666666871e-01 2.048221065716557205e+07
1.252000000000000057e-01 2.045608682358434424e+07
1.253333333333333244e-01 2.041935158988714591e+07
1.254666666666666708e-01 2.039906566842385381e+07
1.256000000000000172e-01 2.037240783178966492e+07
1.257333333333333358e-01 2.037277552841028944e+07
1.258666666666666545e-01 2.034310511646832898e+07
1.260000000000000009e-01 2.033636378939109296e+07
1.261333333333333473e-01 2.030283796082267165e+07
1.262666666666666659e-01 2.027144344466675818e+07
1.264000000000000123e-01 2.024844363102616370e+07
1.265333333333333310e-01 2.023241262333841994e+07
1.266666666666666774e-01 2.020145471803263202e+07
1.267999999999999960e-01 2.017078964039753377e+07
1.269333333333333425e-01 2.014743363540746272e+07
1.270666666666666889e-01 2.012443124434824288e+07
1.272000000000000075e-01 2.009601301339594275e+07
1.273333333333333262e-01 2.005671841341948882e+07
1.274666666666666726e-01 2.004179219955490157e+07
1.276000000000000190e-01 2.000548469430694357e+07
1.277333333333333376e-01 1.998989185098282248e+07
1.278666666666666563e-01 1.996377434633988887e+07
1.280000000000000027e-01 1.994355119564535096e+07
1.281333333333333491e-01 1.992240312716860324e+07
1.282666666666666677e-01 1.990837009371699020e+07
1.284000000000000141e-01 1.990246894278426096e+07
1.285333333333333328e-01 1.989562497372090816e+07
1.286666666666666792e-01 1.989577623327831924e+07
1.287999999999999978e-01 1.987713621100585163e+07
1.289333333333333442e-01 1.984372958763418719e+07
1.290666666666666906e-01 1.983599608947325870e+07
1.292000000000000093e-01 1.980563004395903274e+07
1.293333333333333279e-01 1.978616321688280627e+07
1.294666666666666743e-01 1.976207164577075094e+07
1.296000000000000207e-01 1.974495712960638106e+07
1.297333333333333394e-01 1.973809752882722020e+07
1.298666666666666580e-01 1.971193126632689685e+07
1.300000000000000044e-01 1.970203375464432314e+07
1.301333333333333508e-01 1.969228146009717882e+07
1.302666666666666695e-01 1.965052710429779440e+07
1.303999999999999881e-01 1.964861914332612231e+07
1.305333333333333345e-01 1.963649341110204905e+07
1.306666666666666810e-01 1.963052423012099415e+07
1.307999999999999996e-01 1.961241175015099347e+07
1.309333333333333460e-01 1.958644112511215732e+07
1.310666666666666647e-01 1.958400565138751641e+07
1.312000000000000111e-01 1.955151961453052610e+07
1.313333333333333297e-01 1.950535781815776229e+07
1.314666666666666761e-01 1.950151571935283393e+07
1.316000000000000225e-01 1.949020624805714190e+07
1.317333333333333412e-01 1.947432800379730016e+07
1.318666666666666598e-01 1.945073076054676995e+07
1.320000000000000062e-01 1.940137036087926850e+07
1.321333333333333526e-01 1.938310881142378226e+07
1.322666666666666713e-01 1.935444329249946773e+07
1.323999999999999899e-01 1.934237258519256860e+07
1.325333333333333363e-01 1.930653789290790260e+07
1.326666666666666827e-01 1.928379406264463067e+07
1.328000000000000014e-01 1.928111642191624641e+07
1.329333333333333478e-01 1.924291297355485708e+07
1.330666666666666664e-01 1.923603608071226254e+07
1.332000000000000128e-01 1.920640686718199775e+07
1.333333333333333315e-01 1.920569563231048733e+07
1.334666666666666779e-01 1.917897887606403977e+07
1.336000000000000243e-01 1.915340074960243329e+07
1.337333333333333429e-01 1.914293283629210293e+07
1.338666666666666616e-01 1.911482287022208050e+07
1.340000000000000080e-01 1.911069879831795394e+07
1.341333333333333544e-01 1.909689268408662081e+07
1.342666666666666730e-01 1.909399152564859018e+07
1.343999999999999917e-01 1.908001711428162828e+07
1.345333333333333381e-01 1.906115426890490949e+07
1.346666666666666845e-01 1.903162406290864944e+07
1.348000000000000032e-01 1.902914846731660888e+07
1.349333333333333218e-01 1.900684124862619862e+07
1.350666666666666682e-01 1.898417763042842597e+07
1.352000000000000146e-01 1.895589187381796911e+07
1.353333333333333333e-01 1.893358330375359207e+07
1.354666666666666797e-01 1.894438964054595679e+07
1.355999999999999983e-01 1.892236805480546504e+07
1.357333333333333447e-01 1.891253266532884911e+07
1.358666666666666634e-01 1.889265649030252546e+07
1.360000000000000098e-01 1.886316121275438368e+07
1.361333333333333562e-01 1.885363139694429189e+07
1.362666666666666748e-01 1.882239663161523268e+07
1.363999999999999935e-01 1.881234882384396717e+07
1.365333333333333399e-01 1.880356190552557260e+07
1.366666666666666863e-01 1.878049366275841370e+07
1.368000000000000049e-01 1.876222272137871385e+07
1.369333333333333236e-01 1.874735166602031514e+07
1.370666666666666700e-01 1.872269160637928918e+07
1.372000000000000164e-01 1.871385414866138622e+07
1.373333333333333350e-01 1.870552237734286860e+07
1.374666666666666814e-01 1.869614596246854588e+07
1.376000000000000001e-01 1.868506641106262058e+07
1.377333333333333465e-01 1.866800898373953998e+07
1.378666666666666651e-01 1.864839779894413054e+07
1.380000000000000115e-01 1.862346065007492527e+07
1.381333333333333580e-01 1.860620806569839641e+07
1.382666666666666766e-01 1.859316036286005378e+07
1.383999999999999952e-01 1.858297729899663851e+07
1.385333333333333417e-01 1.856988939123255014e+07
1.386666666666666881e-01 1.856174026623844355e+07
1.388000000000000067e-01 1.853012458252830431e+07
1.389333333333333254e-01 1.853585662293319032e+07
1.390666666666666718e-01 1.854004232117395103e+07
1.392000000000000182e-01 1.854589613892472908e+07
1.393333333333333368e-01 1.853875278240775689e+07
1.394666666666666555e-01 1.852734715861570835e+07
1.396000000000000019e-01 1.850724427350880951e+07
1.397333333333333483e-01 1.848078439233597368e+07
1.398666666666666669e-01 1.847928248767351359e+07
1.400000000000000133e-01 1.846124085067640990e+07
1.401333333333333320e-01 1.845755989765479043e+07
1.402666666666666784e-01 1.845741662431819364e+07
1.403999999999999970e-01 1.844807308659908921e+07
1.405333333333333434e-01 1.844671525847944990e+07
1.406666666666666898e-01 1.842152206760333478e+07
1.408000000000000085e-01 1.841524704217046499e+07
1.409333333333333271e-01 1.840533065549210832e+07
1.410666666666666735e-01 1.838430512289587408e+07
1.412000000000000199e-01 1.837540735321393237e+07
1.413333333333333386e-01 1.836548158155230060e+07
1.414666666666666572e-01 1.837061346805395186e+07
1.416000000000000036e-01 1.835790181350145862e+07
1.417333333333333500e-01 1.835077351928928867e+07
1.418666666666666687e-01 1.834838266310358047e+07
1.420000000000000151e-01 1.831192517921703309e+07
1.421333333333333337e-01 1.829726086830192059e+07
1.422666666666666802e-01 1.827512464975824952e+07
1.423999999999999988e-01 1.827101855324255675e+07
1.425333333333333452e-01 1.826299551936222240e+07
1.426666666666666916e-01 1.827014483524046838e+07
1.428000000000000103e-01 1.826536794166259095e+07
1.429333333333333289e-01 1.826543907099375874e+07
1.430666666666666753e-01 1.825699597361900657e+07
1.432000000000000217e-01 1.823860563751221076e+07
1.433333333333333404e-01 1.823659254640942812e+07
1.434666666666666590e-01 1.822709814028530568e+07
1.436000000000000054e-01 1.821354611692912877e+07
1.437333333333333518e-01 1.820809666836820170e+07
1.438666666666666705e-01 1.819096330370777100e+07
1.439999999999999891e-01 1.817851749995526299e+07
1.441333333333333355e-01 1.819079249520147219e+07
1.442666666666666819e-01 1.818072987510732934e+07
1.444000000000000006e-01 1.816805983860654011e+07
1.445333333333333470e-01 1.816813768425878882e+07
1.446666666666666656e-01 1.817292360022351518e+07
1.448000000000000120e-01 1.816840453618121892e+07
1.449333333333333307e-01 1.815976017729723081e+07
1.450666666666666771e-01 1.815243282905427366e+07
1.452000000000000235e-01 1.815001470909753442e+07
1.453333333333333421e-01 1.814124804094830900e+07
1.454666666666666608e-01 1.812634188857937232e+07
1.456000000000000072e-01 1.810848338031000271e+07
1.457333333333333536e-01 1.809213746093529463e+07
1.458666666666666722e-01 1.809109823607672006e+07
1.459999999999999909e-01 1.806481938995005190e+07
1.461333333333333373e-01 1.807429724835329875e+07
1.462666666666666837e-01 1.807440192589139193e+07
1.464000000000000024e-01 1.806044366074642539e+07
1.465333333333333488e-01 1.804159050644433498e+07
1.466666666666666674e-01 1.804129393159576133e+07
1.468000000000000138e-01 1.803382225788883865e+07
1.469333333333333325e-01 1.802016277904522792e+07
1.470666666666666789e-01 1.801753090772143006e+07
1.472000000000000253e-01 1.802661858627080172e+07
1.473333333333333439e-01 1.802244499876048788e+07
1.474666666666666626e-01 1.800538649657631293e+07
1.476000000000000090e-01 1.800414365034106746e+07
1.477333333333333554e-01 1.800239471468860283e+07
1.478666666666666740e-01 1.799972692886527255e+07
1.479999999999999927e-01 1.799883452591092885e+07
1.481333333333333391e-01 1.797704833525507897e+07
1.482666666666666855e-01 1.797897880508363619e+07
1.484000000000000041e-01 1.797673602119166031e+07
1.485333333333333228e-01 1.797609673385145888e+07
1.486666666666666692e-01 1.795576691370314732e+07
1.488000000000000156e-01 1.793209280491463095e+07
1.489333333333333342e-01 1.793622007811911404e+07
1.490666666666666806e-01 1.791739349364234880e+07
1.491999999999999993e-01 1.791616154075782746e+07
1.493333333333333457e-01 1.789455650279326737e+07
1.494666666666666643e-01 1.788371086314434931e+07
1.496000000000000107e-01 1.787323442556997016e+07
1.497333333333333572e-01 1.786720292037730291e+07
1.498666666666666758e-01 1.785221869113717228e+07
1.499999999999999944e-01 1.785031890651843697e+07
1.501333333333333409e-01 1.784428668701553345e+07
1.502666666666666873e-01 1.783207792414410412e+07
1.504000000000000059e-01 1.783162425828299299e+07
1.505333333333333246e-01 1.782595101263311133e+07
1.506666666666666710e-01 1.782380744457014278e+07
1.508000000000000174e-01 1.782074832102397084e+07
1.509333333333333360e-01 1.781954814734322578e+07
1.510666666666666824e-01 1.782606884563532099e+07
1.512000000000000011e-01 1.781630081707046181e+07
1.513333333333333475e-01 1.780799669581500068e+07
1.514666666666666661e-01 1.778938777488012239e+07
1.516000000000000125e-01 1.778376919967005774e+07
1.517333333333333589e-01 1.776133852404778451e+07
1.518666666666666776e-01 1.776059287085485458e+07
1.519999999999999962e-01 1.774739689220778644e+07
1.521333333333333426e-01 1.774097508677715436e+07
1.522666666666666890e-01 1.774879476545085758e+07
1.524000000000000077e-01 1.773116806650334969e+07
1.525333333333333263e-01 1.771670439033982158e+07
1.526666666666666727e-01 1.770372131730077788e+07
1.528000000000000191e-01 1.769703883271402493e+07
1.529333333333333378e-01 1.768195069189377502e+07
1.530666666666666564e-01 1.765561920361758396e+07
1.532000000000000028e-01 1.764098428918255121e+07
1.533333333333333492e-01 1.764255919863860682e+07
1.534666666666666679e-01 1.763661862880089507e+07
1.536000000000000143e-01 1.762513816692153737e+07
1.537333333333333329e-01 1.762261449312765524e+07
1.538666666666666794e-01 1.760673146716420725e+07
1.539999999999999980e-01 1.759002792571610212e+07
1.541333333333333444e-01 1.758722700103557482e+07
1.542666666666666908e-01 1.757213995574527606e+07
1.544000000000000095e-01 1.758185590844357759e+07
1.545333333333333281e-01 1.756829329409387335e+07
1.546666666666666745e-01 1.755952019141273946e+07
1.548000000000000209e-01 1.756790473604037985e+07
1.549333333333333396e-01 1.755676095738079399e+07
1.550666666666666582e-01 1.754596521427984536e+07
1.552000000000000046e-01 1.752338960570470244e+07
1.553333333333333510e-01 1.753374171226941422e+07
1.554666666666666697e-01 1.753534152472767979e+07
1.556000000000000161e-01 1.753243927816494554e+07
1.557333333333333347e-01 1.752896090362961218e+07
1.558666666666666811e-01 1.753539456069115922e+07
1.559999999999999998e-01 1.754417250562485680e+07
1.561333333333333462e-01 1.751773565689766780e+07
1.562666666666666926e-01 1.751023327420793101e+07
1.564000000000000112e-01 1.752121078396625817e+07
1.565333333333333299e-01 1.752139690573558584e+07
1.566666666666666763e-01 1.752313714255281165e+07
1.568000000000000227e-01 1.752398121936525777e+07
1.569333333333333413e-01 1.753113435593513772e+07
1.570666666666666600e-01 1.753455821513537318e+07
1.572000000000000064e-01 1.754527312841787934e+07
1.573333333333333528e-01 1.753719834015511349e+07
1.574666666666666714e-01 1.752105418671680614e+07
1.575999999999999901e-01 1.751644549550638720e+07
1.577333333333333365e-01 1.750207858511714637e+07
1.578666666666666829e-01 1.750761456034572795e+07
1.580000000000000016e-01 1.749621478463322669e+07
1.581333333333333480e-01 1.750503302270946652e+07
1.582666666666666666e-01 1.748836237654891238e+07
1.584000000000000130e-01 1.747148415643144026e+07
1.585333333333333317e-01 1.746601310933374986e+07
1.586666666666666781e-01 1.745224865163862705e+07
1.588000000000000245e-01 1.743524587605066597e+07
1.589333333333333431e-01 1.743166895636903122e+07
1.590666666666666618e-01 1.744545400296571478e+07
1.592000000000000082e-01 1.743941980689444393e+07
1.593333333333333546e-01 1.742347182668658718e+07
1.594666666666666732e-01 1.742216032703867555e+07
1.595999999999999919e-01 1.741771823082777485e+07
1.597333333333333383e-01 1.742752055313957855e+07
1.598666666666666847e-01 1.741894588936516270e+07
1.600000000000000033e-01 1.740042629520481825e+07
1.601333333333333497e-01 1.739857298759290949e+07
1.602666666666666684e-01 1.739651105867204070e+07
1.604000000000000148e-01 1.740059521136427671e+07
1.605333333333333334e-01 1.739698128882415965e+07
1.606666666666666798e-01 1.739221511187367886e+07
1.607999999999999985e-01 1.738549656507107615e+07
1.609333333333333449e-01 1.738468357106320187e+07
1.610666666666666635e-01 1.738434530797354504e+07
1.612000000000000099e-01 1.736649277529146522e+07
1.613333333333333564e-01 1.736710075532044470e+07
1.614666666666666750e-01 1.736194841434527189e+07
1.615999999999999936e-01 1.735707605372555181e+07
1.617333333333333401e-01 1.735454622925940156e+07
1.618666666666666865e-01 1.734878866956496984e+07
1.620000000000000051e-01 1.733161008056107536e+07
1.621333333333333238e-01 1.733348437050227821e+07
1.622666666666666702e-01 1.733190573098506033e+07
1.624000000000000166e-01 1.733918612176435441e+07
1.625333333333333352e-01 1.732702460940622166e+07
1.626666666666666816e-01 1.732816969733761996e+07
1.628000000000000003e-01 1.732343403840120882e+07
1.629333333333333467e-01 1.733324076648096740e+07
1.630666666666666653e-01 1.731831138269075751e+07
1.632000000000000117e-01 1.730027190656833723e+07
1.633333333333333581e-01 1.729893007788499817e+07
1.634666666666666768e-01 1.730929804293024167e+07
1.635999999999999954e-01 1.731682007358795032e+07
1.637333333333333418e-01 1.730354405017386377e+07
1.638666666666666882e-01 1.732038927617235482e+07
1.640000000000000069e-01 1.732518321058795974e+07
1.641333333333333255e-01 1.733468399194318056e+07
1.642666666666666719e-01 1.733618506195469573e+07
1.644000000000000183e-01 1.734858943548137695e+07
1.645333333333333370e-01 1.734791700225136429e+07
1.646666666666666834e-01 1.734688572808076814e+07
1.648000000000000020e-01 1.734228891631298140e+07
1.649333333333333484e-01 1.733223320937231556e+07
1.650666666666666671e-01 1.732128639382058010e+07
1.652000000000000135e-01 1.730894758924293891e+07
1.653333333333333321e-01 1.730749845437536016e+07
1.654666666666666786e-01 1.730071416199673340e+07
1.655999999999999972e-01 1.729355804417828843e+07
1.657333333333333436e-01 1.728817457499170303e+07
1.658666666666666900e-01 1.728876710350433365e+07
1.660000000000000087e-01 1.726955240200324357e+07
1.661333333333333273e-01 1.726493524602140114e+07
1.662666666666666737e-01 1.725412658264101669e+07
1.664000000000000201e-01 1.726659142221957073e+07
1.665333333333333388e-01 1.725844267484583706e+07
