0.000000000000000000e+00 1.195475998174928315e+07
1.333333333333333397e-04 1.342177269579462893e+07
2.666666666666666794e-04 1.730137367216700315e+07
4.000000000000000192e-04 2.408788135555465892e+07
5.333333333333333589e-04 3.939137875287170708e+07
6.666666666666666444e-04 4.463623565255819261e+07
8.000000000000000383e-04 6.238161296025630087e+07
9.333333333333333239e-04 8.082037866100183129e+07
1.066666666666666718e-03 1.019453628059066236e+08
1.200000000000000112e-03 1.458645558537017107e+08
1.333333333333333289e-03 1.598875594355413318e+08
1.466666666666666683e-03 1.815465082614552379e+08
1.600000000000000077e-03 2.327705697473358512e+08
1.733333333333333471e-03 2.860806678870646954e+08
1.866666666666666648e-03 3.536947891712706089e+08
2.000000000000000042e-03 3.576095784963001609e+08
2.133333333333333436e-03 4.582269872181442976e+08
2.266666666666666829e-03 4.997041010774495006e+08
2.400000000000000223e-03 5.931036137778338194e+08
2.533333333333333184e-03 4.616261213619710803e+08
2.666666666666666578e-03 5.188623298880210519e+08
2.800000000000000405e-03 5.310131907138221860e+08
2.933333333333333365e-03 5.812846556484855413e+08
3.066666666666666759e-03 7.516554676362297535e+08
3.200000000000000153e-03 5.487701710016390085e+08
3.333333333333333547e-03 6.168342791996306181e+08
3.466666666666666941e-03 8.711019210217403173e+08
3.600000000000000335e-03 9.562091491411386728e+08
3.733333333333333295e-03 8.252186113505206108e+08
3.866666666666667123e-03 7.747196138064820766e+08
4.000000000000000083e-03 8.362125173081496954e+08
4.133333333333333477e-03 1.160161500120152712e+09
4.266666666666666871e-03 1.660167260676218033e+09
4.400000000000000265e-03 2.392256045828968048e+09
4.533333333333333659e-03 2.951203675538660049e+09
4.666666666666667053e-03 4.093345219849289894e+09
4.800000000000000447e-03 4.449175281763956070e+09
4.933333333333333841e-03 4.855862036747541428e+09
5.066666666666666367e-03 5.012659115804594040e+09
5.200000000000000629e-03 5.564330483872576714e+09
5.333333333333333155e-03 5.896981847706015587e+09
5.466666666666667417e-03 4.429279765363258362e+09
5.600000000000000810e-03 3.889783950685459614e+09
5.733333333333333337e-03 3.901239767730098724e+09
5.866666666666666731e-03 3.050594642347607136e+09
6.000000000000000992e-03 2.891957443088653564e+09
6.133333333333333519e-03 2.768573360306766033e+09
6.266666666666666913e-03 2.655625467919559479e+09
6.400000000000000307e-03 2.222095946926239491e+09
6.533333333333332833e-03 2.837387080468738556e+09
6.666666666666667095e-03 2.471775385399026871e+09
6.800000000000000488e-03 2.389918418742457390e+09
6.933333333333333882e-03 2.504411103289716721e+09
7.066666666666666409e-03 2.732245472809751034e+09
7.200000000000000670e-03 2.990326778838009357e+09
7.333333333333334064e-03 3.237404084573112488e+09
7.466666666666666591e-03 4.011725810641177654e+09
7.599999999999999985e-03 4.547113554942057610e+09
7.733333333333334246e-03 5.006441052559426308e+09
7.866666666666665905e-03 5.362570311448560715e+09
8.000000000000000167e-03 5.245175067940486908e+09
8.133333333333334428e-03 5.964085162350042343e+09
8.266666666666666954e-03 6.150952781610539436e+09
8.399999999999999481e-03 5.447608888782299042e+09
8.533333333333333742e-03 4.460060973465591431e+09
8.666666666666668004e-03 4.436708039780578613e+09
8.800000000000000530e-03 4.459378328354590416e+09
8.933333333333333057e-03 5.121466629365162849e+09
9.066666666666667318e-03 5.799534313913333893e+09
9.200000000000001579e-03 5.985340465743895531e+09
9.333333333333334106e-03 5.684512316589549065e+09
9.466666666666666632e-03 4.993426502005543709e+09
9.600000000000000894e-03 3.943447810108947754e+09
9.733333333333333420e-03 3.655731796297613144e+09
9.866666666666667682e-03 4.055330644448107719e+09
1.000000000000000021e-02 4.069485941697308540e+09
1.013333333333333273e-02 4.352856522086627960e+09
1.026666666666666700e-02 4.262423716376439095e+09
1.040000000000000126e-02 4.831757521226954460e+09
1.053333333333333378e-02 5.504007406146117210e+09
1.066666666666666631e-02 4.864616663163002014e+09
1.079999999999999884e-02 5.714307900587855339e+09
1.093333333333333483e-02 6.688361973962114334e+09
1.106666666666666736e-02 6.842148729402792931e+09
1.120000000000000162e-02 6.567881200666149139e+09
1.133333333333333415e-02 6.427189508425776482e+09
1.146666666666666667e-02 5.941926706389822006e+09
1.160000000000000094e-02 5.126757712641553879e+09
1.173333333333333346e-02 4.062322587882559776e+09
1.186666666666666599e-02 3.971941779423841000e+09
1.200000000000000198e-02 3.422306681742640972e+09
1.213333333333333451e-02 2.879614281972636700e+09
1.226666666666666704e-02 2.898714662253988266e+09
1.240000000000000130e-02 2.690306997028711319e+09
1.253333333333333383e-02 2.595351430176591396e+09
1.266666666666666635e-02 3.022655753515755653e+09
1.280000000000000061e-02 2.968925636931421757e+09
1.293333333333333314e-02 3.655349924958679199e+09
1.306666666666666567e-02 3.761501749151502132e+09
1.320000000000000166e-02 4.008278350545802116e+09
1.333333333333333419e-02 4.425097156389954567e+09
1.346666666666666845e-02 5.041559020104028702e+09
1.360000000000000098e-02 4.937177193915203094e+09
1.373333333333333350e-02 5.742102705312436104e+09
1.386666666666666776e-02 5.961311678340234756e+09
1.400000000000000029e-02 6.459404221059217453e+09
1.413333333333333282e-02 6.044665007819503784e+09
1.426666666666666881e-02 6.014407728003709793e+09
1.440000000000000134e-02 5.609653191490815163e+09
1.453333333333333387e-02 5.937536588710575104e+09
1.466666666666666813e-02 5.841328157695718765e+09
1.480000000000000066e-02 6.062376624509358406e+09
1.493333333333333318e-02 5.867400081067385674e+09
1.506666666666666744e-02 6.486604636807787895e+09
1.519999999999999997e-02 6.415689636357199669e+09
1.533333333333333250e-02 6.047639069287019730e+09
1.546666666666666849e-02 6.379686246712821007e+09
1.560000000000000102e-02 6.717244409702920914e+09
1.573333333333333181e-02 6.445682527437262535e+09
1.586666666666666781e-02 6.529602764075502396e+09
1.600000000000000033e-02 5.604903017112914085e+09
1.613333333333333633e-02 5.149927753022233009e+09
1.626666666666666886e-02 4.884782282795403481e+09
1.640000000000000138e-02 4.557543539663541794e+09
1.653333333333333391e-02 4.143582939100290298e+09
1.666666666666666644e-02 3.766264175973015785e+09
1.679999999999999896e-02 3.395010349443262577e+09
1.693333333333333496e-02 3.148717318223999977e+09
1.706666666666666748e-02 2.954617771493002415e+09
1.720000000000000001e-02 2.779052539054248810e+09
1.733333333333333601e-02 2.671954039549174309e+09
1.746666666666666853e-02 2.507973338491527557e+09
1.760000000000000106e-02 2.336118892352989197e+09
1.773333333333333359e-02 2.232353729901557446e+09
1.786666666666666611e-02 2.147665908943854809e+09
1.799999999999999864e-02 2.032022813059780836e+09
1.813333333333333464e-02 1.973553434435045242e+09
1.826666666666666716e-02 1.858510063199150085e+09
1.840000000000000316e-02 1.758211716716756105e+09
1.853333333333333569e-02 1.651853610840364218e+09
1.866666666666666821e-02 1.604844626691057920e+09
1.880000000000000074e-02 1.562818480892550945e+09
1.893333333333333326e-02 1.481694423835167408e+09
1.906666666666666579e-02 1.449156205329309464e+09
1.920000000000000179e-02 1.381980847015665293e+09
1.933333333333333431e-02 1.339448063236072779e+09
1.946666666666666684e-02 1.298239391220683575e+09
1.960000000000000284e-02 1.259144883611441374e+09
1.973333333333333536e-02 1.221168300712666988e+09
1.986666666666666789e-02 1.187162082586923361e+09
2.000000000000000042e-02 1.153509293429777384e+09
2.013333333333333294e-02 1.121621417550315857e+09
2.026666666666666547e-02 1.087150419447803020e+09
2.040000000000000147e-02 1.053129279362404346e+09
2.053333333333333399e-02 1.017913626756127715e+09
2.066666666666666652e-02 9.933565693927361965e+08
2.080000000000000251e-02 9.743868849674557447e+08
2.093333333333333504e-02 9.475910612588456869e+08
2.106666666666666757e-02 9.340166342114933729e+08
2.120000000000000009e-02 9.054355944492363930e+08
2.133333333333333262e-02 8.801697423591626883e+08
2.146666666666666515e-02 8.576522195208659172e+08
2.159999999999999767e-02 8.361672733360741138e+08
2.173333333333333714e-02 8.177392306018260717e+08
2.186666666666666967e-02 8.013830795428154469e+08
2.200000000000000219e-02 7.789937233250497580e+08
2.213333333333333472e-02 7.533671306704702377e+08
2.226666666666666725e-02 7.378173032643747330e+08
2.240000000000000324e-02 7.243979024798045158e+08
2.253333333333333577e-02 7.086015808826142550e+08
2.266666666666666829e-02 6.947389692243894339e+08
2.280000000000000082e-02 6.829801093423273563e+08
2.293333333333333335e-02 6.728265060456677675e+08
2.306666666666666587e-02 6.567487204625829458e+08
2.320000000000000187e-02 6.413334391415927410e+08
2.333333333333333440e-02 6.336074196354804039e+08
2.346666666666666692e-02 6.180708449477348328e+08
2.359999999999999945e-02 6.005839360872112513e+08
2.373333333333333198e-02 5.902356979690904617e+08
2.386666666666666450e-02 5.774276369097225666e+08
2.400000000000000397e-02 5.714660950489559174e+08
2.413333333333333650e-02 5.590748087414255142e+08
2.426666666666666902e-02 5.522671804106698036e+08
2.440000000000000155e-02 5.417530439009388685e+08
2.453333333333333408e-02 5.337249125384481549e+08
2.466666666666667007e-02 5.267664824862865806e+08
2.480000000000000260e-02 5.184753411796376705e+08
2.493333333333333512e-02 5.082041587483066916e+08
2.506666666666666765e-02 5.041597601605033278e+08
2.520000000000000018e-02 4.936673186557992101e+08
2.533333333333333270e-02 4.879711340668793321e+08
2.546666666666666870e-02 4.793712533911349177e+08
2.560000000000000123e-02 4.671188387166820765e+08
2.573333333333333375e-02 4.603161982225488424e+08
2.586666666666666628e-02 4.564853654580174685e+08
2.599999999999999881e-02 4.488410620362887383e+08
2.613333333333333133e-02 4.395874296527000070e+08
2.626666666666667080e-02 4.328541724425258040e+08
2.640000000000000333e-02 4.258497093804546595e+08
2.653333333333333585e-02 4.205845835178203583e+08
2.666666666666666838e-02 4.151900000033545494e+08
2.680000000000000090e-02 4.086103025052134991e+08
2.693333333333333690e-02 3.997220774369177222e+08
2.706666666666666943e-02 3.962794058440739512e+08
2.720000000000000195e-02 3.922512546742413640e+08
2.733333333333333448e-02 3.848926341732513309e+08
2.746666666666666701e-02 3.802069262320175171e+08
2.759999999999999953e-02 3.748423522786286473e+08
2.773333333333333553e-02 3.683941926474055052e+08
2.786666666666666806e-02 3.632251791331571341e+08
2.800000000000000058e-02 3.603512670234026909e+08
2.813333333333333311e-02 3.570766319622144103e+08
2.826666666666666564e-02 3.510173628909262419e+08
2.839999999999999816e-02 3.443243596741673350e+08
2.853333333333333763e-02 3.390085506028219461e+08
2.866666666666667015e-02 3.365592961659554839e+08
2.880000000000000268e-02 3.331733817778063416e+08
2.893333333333333521e-02 3.271968560856467485e+08
2.906666666666666773e-02 3.246062533570190668e+08
2.920000000000000026e-02 3.217405096184551716e+08
2.933333333333333626e-02 3.175364142103946805e+08
2.946666666666666878e-02 3.120128523988276720e+08
2.960000000000000131e-02 3.084924620103797913e+08
2.973333333333333384e-02 3.044342864048304558e+08
2.986666666666666636e-02 3.020710109084560275e+08
3.000000000000000236e-02 2.981661524293455482e+08
3.013333333333333489e-02 2.933217331199140549e+08
3.026666666666666741e-02 2.883962658769938350e+08
3.039999999999999994e-02 2.859147042517414093e+08
3.053333333333333247e-02 2.833215254606099725e+08
3.066666666666666499e-02 2.801278466569091678e+08
3.080000000000000446e-02 2.771304318336979151e+08
3.093333333333333698e-02 2.733267601311495304e+08
3.106666666666666951e-02 2.702473243581740856e+08
3.120000000000000204e-02 2.678677702105040252e+08
3.133333333333333109e-02 2.652835933101920187e+08
3.146666666666666362e-02 2.620577582748494148e+08
3.160000000000000309e-02 2.593936245549006164e+08
3.173333333333333561e-02 2.573278116385423243e+08
3.186666666666666814e-02 2.545032584782001376e+08
3.200000000000000067e-02 2.517125927076484561e+08
3.213333333333333319e-02 2.493474364025851488e+08
3.226666666666667266e-02 2.471568600211629272e+08
3.240000000000000518e-02 2.446166697396012843e+08
3.253333333333333771e-02 2.415702699870022833e+08
3.266666666666667024e-02 2.383905347100355625e+08
3.280000000000000276e-02 2.355330408890880346e+08
3.293333333333333529e-02 2.334256542681001723e+08
3.306666666666666782e-02 2.310435657212643027e+08
3.320000000000000034e-02 2.283413761215845644e+08
3.333333333333333287e-02 2.263319382091042697e+08
3.346666666666666540e-02 2.235296738848986030e+08
3.359999999999999792e-02 2.210329850605723262e+08
3.373333333333333045e-02 2.192196112643195987e+08
3.386666666666666992e-02 2.178164533301948905e+08
3.400000000000000244e-02 2.150153390869771540e+08
3.413333333333333497e-02 2.129533726757124066e+08
3.426666666666666750e-02 2.116066671469728351e+08
3.440000000000000002e-02 2.094126385713576376e+08
3.453333333333333949e-02 2.081748181048981547e+08
3.466666666666667201e-02 2.056499715792826116e+08
3.480000000000000454e-02 2.040878314300525486e+08
3.493333333333333707e-02 2.023370097665589452e+08
3.506666666666666959e-02 2.011157887811598182e+08
3.520000000000000212e-02 1.990084359569051266e+08
3.533333333333333465e-02 1.967120406109847128e+08
3.546666666666666717e-02 1.944904392822516561e+08
3.559999999999999970e-02 1.921400771455584764e+08
3.573333333333333223e-02 1.904338909035870135e+08
3.586666666666666475e-02 1.891081720142506659e+08
3.599999999999999728e-02 1.880184453171279728e+08
3.613333333333333675e-02 1.863257567168655097e+08
3.626666666666666927e-02 1.846315567180111706e+08
3.640000000000000180e-02 1.827714485644379556e+08
3.653333333333333433e-02 1.809216732533657849e+08
3.666666666666666685e-02 1.789863722043172717e+08
3.680000000000000632e-02 1.777712695820452571e+08
3.693333333333333884e-02 1.765498096465686560e+08
3.706666666666667137e-02 1.755327621412025690e+08
3.720000000000000390e-02 1.738098218577913344e+08
3.733333333333333642e-02 1.726902507139753401e+08
3.746666666666666895e-02 1.710786754478481412e+08
3.760000000000000148e-02 1.697653523612799942e+08
3.773333333333333400e-02 1.685908500471754074e+08
3.786666666666666653e-02 1.672667183993172646e+08
3.799999999999999906e-02 1.658675710329220295e+08
3.813333333333333158e-02 1.643694884302016199e+08
3.826666666666666411e-02 1.628633006760551035e+08
3.840000000000000357e-02 1.614884190621221364e+08
3.853333333333333610e-02 1.597544510246394873e+08
3.866666666666666863e-02 1.582549926068275273e+08
3.880000000000000115e-02 1.573414047746622562e+08
3.893333333333333368e-02 1.559971537512125671e+08
3.906666666666667315e-02 1.546365235707555711e+08
3.920000000000000567e-02 1.538109867301982641e+08
3.933333333333333820e-02 1.524281698450081944e+08
3.946666666666667073e-02 1.509019153264473081e+08
3.960000000000000325e-02 1.500195474996715188e+08
3.973333333333333578e-02 1.491389616457005441e+08
3.986666666666666831e-02 1.483076736759296656e+08
4.000000000000000083e-02 1.476472170181203783e+08
4.013333333333333336e-02 1.466560914589867294e+08
4.026666666666666589e-02 1.453556140940831006e+08
4.039999999999999841e-02 1.443975226344813406e+08
4.053333333333333094e-02 1.431702941714739501e+08
4.066666666666667040e-02 1.421139548468146324e+08
4.080000000000000293e-02 1.413149959603075087e+08
4.093333333333333546e-02 1.402100389841562510e+08
4.106666666666666798e-02 1.390606988552560508e+08
4.120000000000000051e-02 1.379583777663861513e+08
4.133333333333333304e-02 1.371264060999237895e+08
4.146666666666667250e-02 1.361174701051932573e+08
4.160000000000000503e-02 1.350437131212072074e+08
4.173333333333333756e-02 1.342612251496144831e+08
4.186666666666667008e-02 1.328218750072222054e+08
4.200000000000000261e-02 1.321031217382446676e+08
4.213333333333333514e-02 1.313617879016718417e+08
4.226666666666666766e-02 1.306240909367580861e+08
4.240000000000000019e-02 1.300167560094784051e+08
4.253333333333333965e-02 1.292512555071222633e+08
4.266666666666666524e-02 1.283337725363640785e+08
4.280000000000000471e-02 1.273687380154790282e+08
4.293333333333333030e-02 1.265603720994905680e+08
4.306666666666666976e-02 1.257042098918809295e+08
4.319999999999999535e-02 1.249516433586193472e+08
4.333333333333333481e-02 1.239710622491628975e+08
4.346666666666667428e-02 1.234324142321823388e+08
4.359999999999999987e-02 1.228696470013209581e+08
4.373333333333333933e-02 1.218635858863599300e+08
4.386666666666666492e-02 1.209359240441784263e+08
4.400000000000000439e-02 1.199367628532451391e+08
4.413333333333333691e-02 1.193275180176583678e+08
4.426666666666666944e-02 1.183462525076930821e+08
4.440000000000000197e-02 1.177254978989889622e+08
4.453333333333333449e-02 1.169559442469748408e+08
4.466666666666666702e-02 1.163533537830774635e+08
4.480000000000000648e-02 1.156797319876080453e+08
4.493333333333333207e-02 1.147569188773567826e+08
4.506666666666667154e-02 1.140601179458275884e+08
4.519999999999999712e-02 1.133544865617927164e+08
4.533333333333333659e-02 1.125418828574251533e+08
4.546666666666666218e-02 1.117101758592473418e+08
4.560000000000000164e-02 1.109880643630160391e+08
4.573333333333334111e-02 1.099892758074346483e+08
4.586666666666666670e-02 1.093854678119850010e+08
4.600000000000000616e-02 1.087657751146431267e+08
4.613333333333333175e-02 1.080343214644909948e+08
4.626666666666667121e-02 1.072526260132101178e+08
4.640000000000000374e-02 1.065749068982722908e+08
4.653333333333333627e-02 1.057913110225022286e+08
4.666666666666666879e-02 1.050697145891253054e+08
4.680000000000000132e-02 1.041054797698762268e+08
4.693333333333333385e-02 1.033617531348039359e+08
4.706666666666667331e-02 1.026141707712071389e+08
4.719999999999999890e-02 1.021672388557771295e+08
4.733333333333333837e-02 1.017545304370690137e+08
4.746666666666666395e-02 1.012577750732670426e+08
4.760000000000000342e-02 1.008440653917132914e+08
4.773333333333332901e-02 1.002583969626373202e+08
4.786666666666666847e-02 9.953844549320495129e+07
4.800000000000000794e-02 9.879197893472661078e+07
4.813333333333333353e-02 9.828048369510926306e+07
4.826666666666667299e-02 9.785753176637080312e+07
4.839999999999999858e-02 9.729236315967467427e+07
4.853333333333333804e-02 9.680671180957232416e+07
4.866666666666667057e-02 9.614262111250726879e+07
4.880000000000000310e-02 9.558101305280537903e+07
4.893333333333333562e-02 9.509498652719499171e+07
4.906666666666666815e-02 9.452250529794487357e+07
4.920000000000000068e-02 9.361773363158978522e+07
4.933333333333334014e-02 9.314429166517086327e+07
4.946666666666666573e-02 9.258574048746763170e+07
4.960000000000000520e-02 9.218840615465666354e+07
4.973333333333333078e-02 9.184190630985966325e+07
4.986666666666667025e-02 9.120977405565857887e+07
4.999999999999999584e-02 9.081360474335198104e+07
5.013333333333333530e-02 9.034240975721484423e+07
5.026666666666667477e-02 8.967201083151219785e+07
5.040000000000000036e-02 8.935194942825284600e+07
5.053333333333333982e-02 8.884639033943812549e+07
5.066666666666666541e-02 8.823986654631710052e+07
5.080000000000000487e-02 8.779431119854897261e+07
5.093333333333333740e-02 8.721211465046526492e+07
5.106666666666666993e-02 8.687628933346220851e+07
5.120000000000000245e-02 8.647537048663321137e+07
5.133333333333333498e-02 8.599309480348046124e+07
5.146666666666666751e-02 8.550962389213171601e+07
5.160000000000000697e-02 8.511635904411883652e+07
5.173333333333333256e-02 8.469051157480266690e+07
5.186666666666667203e-02 8.422708580641606450e+07
5.199999999999999761e-02 8.374104498352156579e+07
5.213333333333333708e-02 8.334666107647776604e+07
5.226666666666666267e-02 8.288741672185263038e+07
5.240000000000000213e-02 8.245807627460135520e+07
5.253333333333334160e-02 8.209138555715394020e+07
5.266666666666666718e-02 8.145206775257271528e+07
5.280000000000000665e-02 8.083503053339703381e+07
5.293333333333333224e-02 8.038848327191698551e+07
5.306666666666667170e-02 7.997322961885015666e+07
5.320000000000000423e-02 7.962678164301340282e+07
5.333333333333333676e-02 7.911731123796091974e+07
5.346666666666666928e-02 7.881871885661605000e+07
5.360000000000000181e-02 7.838131813306282461e+07
5.373333333333333434e-02 7.800973715035468340e+07
5.386666666666667380e-02 7.769507135243022442e+07
5.399999999999999939e-02 7.730529088794124126e+07
5.413333333333333885e-02 7.698760483043958247e+07
5.426666666666666444e-02 7.665879458449439704e+07
5.440000000000000391e-02 7.634850102723699808e+07
5.453333333333332950e-02 7.592848343082734942e+07
5.466666666666666896e-02 7.547958354496937990e+07
5.480000000000000843e-02 7.524588158593039215e+07
5.493333333333333401e-02 7.483105379151909053e+07
5.506666666666667348e-02 7.449498911609214544e+07
5.519999999999999907e-02 7.407325260157528520e+07
5.533333333333333853e-02 7.381541131798245013e+07
5.546666666666667106e-02 7.350424340931983292e+07
5.560000000000000359e-02 7.321035505763064325e+07
5.573333333333333611e-02 7.278462198542009294e+07
5.586666666666666864e-02 7.253071107538522780e+07
5.600000000000000117e-02 7.224193446519489586e+07
5.613333333333334063e-02 7.186918038383240998e+07
5.626666666666666622e-02 7.148892030483323336e+07
5.640000000000000568e-02 7.109339112443415821e+07
5.653333333333333127e-02 7.072005524589522183e+07
5.666666666666667074e-02 7.037282899881196022e+07
5.679999999999999633e-02 7.002319921402375400e+07
5.693333333333333579e-02 6.972357873943948746e+07
5.706666666666667526e-02 6.940481776811690629e+07
5.720000000000000084e-02 6.895694033098308742e+07
5.733333333333334031e-02 6.870663495373809338e+07
5.746666666666666590e-02 6.846418394513614476e+07
5.760000000000000536e-02 6.822057526312021911e+07
5.773333333333333789e-02 6.795322920302250981e+07
5.786666666666667042e-02 6.764224421643345058e+07
5.800000000000000294e-02 6.726312761063562334e+07
5.813333333333333547e-02 6.689011729318764806e+07
5.826666666666666800e-02 6.667631622028391808e+07
5.840000000000000052e-02 6.641044272577130049e+07
5.853333333333333305e-02 6.607252113631996512e+07
5.866666666666667251e-02 6.565108743502362818e+07
5.879999999999999810e-02 6.535349617759951949e+07
5.893333333333333757e-02 6.514537217268381268e+07
5.906666666666666315e-02 6.491523656923510134e+07
5.920000000000000262e-02 6.461979836834557354e+07
5.933333333333334209e-02 6.443092315465185791e+07
5.946666666666666767e-02 6.415843060069974512e+07
5.960000000000000714e-02 6.381173266129326075e+07
5.973333333333333273e-02 6.349798075773961097e+07
5.986666666666667219e-02 6.312252744570326805e+07
6.000000000000000472e-02 6.279478986290946603e+07
6.013333333333333725e-02 6.243423178043553978e+07
6.026666666666666977e-02 6.213390810127502680e+07
6.040000000000000230e-02 6.179675647383684665e+07
6.053333333333333482e-02 6.157658947989509255e+07
6.066666666666666735e-02 6.139365924185199291e+07
6.079999999999999988e-02 6.122170433683712035e+07
6.093333333333333934e-02 6.105339234595580399e+07
6.106666666666666493e-02 6.081653456579627842e+07
6.120000000000000440e-02 6.051628146617452055e+07
6.133333333333332998e-02 6.027717192104405910e+07
6.146666666666666945e-02 6.000765821208860725e+07
6.160000000000000892e-02 5.974413058027420193e+07
6.173333333333333450e-02 5.946737685202355683e+07
6.186666666666667397e-02 5.925922730974667519e+07
6.199999999999999956e-02 5.896661105822957307e+07
6.213333333333333902e-02 5.881034708751058578e+07
6.226666666666667155e-02 5.849084274545916170e+07
6.240000000000000407e-02 5.832959127903555334e+07
6.253333333333334354e-02 5.814535561821267009e+07
6.266666666666666219e-02 5.788955948648773134e+07
6.280000000000000859e-02 5.756628025926221162e+07
6.293333333333332724e-02 5.735276368571017683e+07
6.306666666666667365e-02 5.702547626714511216e+07
6.320000000000000617e-02 5.671563465488247573e+07
6.333333333333333870e-02 5.644533158314441144e+07
6.346666666666667123e-02 5.627484141214338690e+07
6.360000000000000375e-02 5.606595603670910001e+07
6.373333333333333628e-02 5.583098860460785776e+07
6.386666666666666881e-02 5.552643042593048513e+07
6.400000000000000133e-02 5.529680331991490722e+07
6.413333333333333386e-02 5.508815010370831937e+07
6.426666666666666639e-02 5.494190910795085132e+07
6.439999999999999891e-02 5.472110668015581369e+07
6.453333333333334532e-02 5.448984212710283697e+07
6.466666666666666397e-02 5.422713836407531798e+07
6.480000000000001037e-02 5.400587195476020128e+07
6.493333333333332902e-02 5.374877907923389971e+07
6.506666666666667542e-02 5.347173806160257012e+07
6.519999999999999407e-02 5.322291618336807936e+07
6.533333333333334048e-02 5.306249665735889971e+07
6.546666666666667300e-02 5.291706242446812987e+07
6.560000000000000553e-02 5.275410646843559295e+07
6.573333333333333806e-02 5.255998599228290468e+07
6.586666666666667058e-02 5.236101496999172866e+07
6.600000000000000311e-02 5.216965992887628824e+07
6.613333333333333564e-02 5.197222931527202576e+07
6.626666666666666816e-02 5.169987458425169438e+07
6.640000000000000069e-02 5.155538916720218211e+07
6.653333333333333321e-02 5.137334028856324404e+07
6.666666666666666574e-02 5.112259589767915010e+07
6.680000000000001215e-02 5.089226138493169844e+07
6.693333333333333079e-02 5.072179897848105431e+07
6.706666666666667720e-02 5.046470604268307984e+07
6.719999999999999585e-02 5.030445145425078273e+07
6.733333333333334225e-02 5.018344381844232231e+07
6.746666666666666090e-02 4.999433499135286361e+07
6.760000000000000731e-02 4.985515941988191009e+07
6.773333333333333983e-02 4.978213698996342719e+07
6.786666666666667236e-02 4.958700715079332888e+07
6.800000000000000488e-02 4.937797178904543817e+07
6.813333333333333741e-02 4.915478714014282078e+07
6.826666666666666994e-02 4.898798663035582006e+07
6.840000000000000246e-02 4.883605369810495526e+07
6.853333333333333499e-02 4.875937025902716815e+07
6.866666666666666752e-02 4.857633957933682948e+07
6.880000000000000004e-02 4.835385376566980034e+07
6.893333333333333257e-02 4.819840161493965238e+07
6.906666666666667898e-02 4.794924284460160881e+07
6.919999999999999762e-02 4.778842117381841689e+07
6.933333333333334403e-02 4.763979876031499356e+07
6.946666666666666268e-02 4.749430897840026766e+07
6.960000000000000908e-02 4.730660090971226990e+07
6.973333333333332773e-02 4.708968989883032441e+07
6.986666666666667413e-02 4.691858867011953145e+07
7.000000000000000666e-02 4.682513233118931949e+07
7.013333333333333919e-02 4.668104424445335567e+07
7.026666666666667171e-02 4.649809812895812094e+07
7.040000000000000424e-02 4.634589608191536367e+07
7.053333333333333677e-02 4.617320044222463667e+07
7.066666666666666929e-02 4.601290392745776474e+07
7.080000000000000182e-02 4.589353799711474031e+07
7.093333333333333435e-02 4.577564804868246615e+07
7.106666666666666687e-02 4.561550212210797518e+07
7.119999999999999940e-02 4.545894025493989885e+07
7.133333333333334580e-02 4.532887702421529591e+07
7.146666666666666445e-02 4.519328400788339227e+07
7.160000000000001086e-02 4.508650326199300587e+07
7.173333333333332951e-02 4.494297336964046210e+07
7.186666666666667591e-02 4.477297413378220052e+07
7.199999999999999456e-02 4.458458201615481824e+07
7.213333333333334096e-02 4.448280770231389254e+07
7.226666666666667349e-02 4.438677709672323614e+07
7.240000000000000602e-02 4.420395105889759213e+07
7.253333333333333854e-02 4.405495612990099192e+07
7.266666666666667107e-02 4.394473614664693922e+07
7.280000000000000360e-02 4.382059742479854822e+07
7.293333333333333612e-02 4.367590677601100504e+07
7.306666666666666865e-02 4.353262036171163619e+07
7.320000000000000118e-02 4.339294156102889031e+07
7.333333333333333370e-02 4.325862684224093705e+07
7.346666666666666623e-02 4.309611578128341585e+07
7.360000000000001263e-02 4.293629165060003847e+07
7.373333333333333128e-02 4.279177898671794683e+07
7.386666666666667769e-02 4.262172867714635283e+07
7.399999999999999634e-02 4.247864397766102105e+07
7.413333333333334274e-02 4.232298899653144181e+07
7.426666666666666139e-02 4.216470666207837313e+07
7.440000000000000779e-02 4.204450551916309446e+07
7.453333333333334032e-02 4.192035268446801603e+07
7.466666666666667285e-02 4.174970182369303703e+07
7.480000000000000537e-02 4.165447961625847220e+07
7.493333333333333790e-02 4.157518651518742740e+07
7.506666666666667043e-02 4.147495741070546955e+07
7.520000000000000295e-02 4.135482920740387589e+07
7.533333333333333548e-02 4.122615359715219587e+07
7.546666666666666801e-02 4.113600941225212812e+07
7.560000000000000053e-02 4.098385401365883648e+07
7.573333333333333306e-02 4.086510841634958982e+07
7.586666666666667946e-02 4.072535019603399187e+07
7.599999999999999811e-02 4.059181610330954939e+07
7.613333333333334452e-02 4.051602523776059598e+07
7.626666666666666317e-02 4.039202189014483243e+07
7.640000000000000957e-02 4.031475043404591084e+07
7.653333333333332822e-02 4.020368665134973079e+07
7.666666666666667462e-02 4.009378651269369572e+07
7.680000000000000715e-02 3.994852126266501099e+07
7.693333333333333968e-02 3.984978588421421498e+07
7.706666666666667220e-02 3.974950100084599853e+07
7.720000000000000473e-02 3.969545913648972660e+07
7.733333333333333726e-02 3.955998251292683184e+07
7.746666666666666978e-02 3.939667392731625587e+07
7.760000000000000231e-02 3.929079502177732438e+07
7.773333333333333484e-02 3.916247461252067238e+07
7.786666666666666736e-02 3.904175812198830396e+07
7.799999999999999989e-02 3.898428847972457111e+07
7.813333333333334629e-02 3.884648902804810554e+07
7.826666666666666494e-02 3.875277330637189001e+07
7.840000000000001135e-02 3.863649908160341531e+07
7.853333333333333000e-02 3.850823571439056844e+07
7.866666666666667640e-02 3.841263139796068519e+07
7.879999999999999505e-02 3.828279619758702070e+07
7.893333333333334145e-02 3.823841793990062177e+07
7.906666666666667398e-02 3.814683763141218573e+07
7.920000000000000651e-02 3.805534405189739168e+07
7.933333333333333903e-02 3.799681525904809684e+07
7.946666666666667156e-02 3.790932944613077492e+07
7.960000000000000409e-02 3.781403959854497015e+07
7.973333333333333661e-02 3.768330931147658825e+07
7.986666666666666914e-02 3.760446987051124126e+07
8.000000000000000167e-02 3.740211545934330672e+07
8.013333333333333419e-02 3.727419344680112600e+07
8.026666666666666672e-02 3.718613215521560609e+07
8.039999999999999925e-02 3.709314584779158980e+07
8.053333333333333177e-02 3.696829732333957404e+07
8.066666666666667818e-02 3.685756567261327058e+07
8.079999999999999682e-02 3.679644584018190950e+07
8.093333333333334323e-02 3.667842285778246075e+07
8.106666666666666188e-02 3.662653919522528350e+07
8.120000000000000828e-02 3.655038978414103389e+07
8.133333333333334081e-02 3.649620722970034182e+07
8.146666666666667334e-02 3.642064032245180011e+07
8.160000000000000586e-02 3.628719835188140720e+07
8.173333333333333839e-02 3.624267704017937928e+07
8.186666666666667092e-02 3.618203683543875068e+07
8.200000000000000344e-02 3.607951757156509906e+07
8.213333333333333597e-02 3.594190115843950212e+07
8.226666666666666849e-02 3.581511840296672285e+07
8.240000000000000102e-02 3.568462103636061400e+07
8.253333333333333355e-02 3.555703785380876064e+07
8.266666666666666607e-02 3.542150858449337631e+07
8.279999999999999860e-02 3.532507278578624129e+07
8.293333333333334501e-02 3.526157190075988322e+07
8.306666666666666365e-02 3.516481707583496720e+07
8.320000000000001006e-02 3.507258450172855705e+07
8.333333333333332871e-02 3.494668229519886523e+07
8.346666666666667511e-02 3.487808735388368368e+07
8.360000000000000764e-02 3.479169035874471813e+07
8.373333333333334016e-02 3.467212644669764489e+07
8.386666666666665881e-02 3.455206070634986460e+07
8.400000000000000522e-02 3.445613121044813842e+07
8.413333333333333774e-02 3.436400701790384203e+07
8.426666666666667027e-02 3.425661583044902980e+07
8.440000000000001668e-02 3.413424384362444282e+07
8.453333333333333532e-02 3.402263642988523096e+07
8.466666666666666785e-02 3.390547292513050884e+07
8.480000000000000038e-02 3.380524784108196944e+07
8.493333333333334678e-02 3.374085681022997200e+07
8.506666666666667931e-02 3.363046077562668175e+07
8.519999999999999796e-02 3.350042067937133461e+07
8.533333333333333048e-02 3.340325675244014710e+07
8.546666666666667689e-02 3.328786944972494617e+07
8.560000000000000941e-02 3.322926151590044424e+07
8.573333333333334194e-02 3.315044926624637842e+07
8.586666666666666059e-02 3.308863294538471103e+07
8.600000000000000699e-02 3.299456002261243388e+07
8.613333333333333952e-02 3.291793119286059961e+07
8.626666666666667205e-02 3.283326261582189426e+07
8.639999999999999070e-02 3.272614896841446310e+07
8.653333333333333710e-02 3.260888002230986953e+07
8.666666666666666963e-02 3.249629759179695696e+07
8.680000000000000215e-02 3.239622015942841023e+07
8.693333333333334856e-02 3.227519996623333544e+07
8.706666666666666721e-02 3.217443299113498628e+07
8.719999999999999973e-02 3.207873517728134617e+07
8.733333333333333226e-02 3.199742113368694112e+07
8.746666666666667866e-02 3.189830939206267893e+07
8.760000000000001119e-02 3.180477520331952348e+07
8.773333333333332984e-02 3.169623134913920984e+07
8.786666666666666237e-02 3.161179053952896222e+07
8.800000000000000877e-02 3.157012789495850727e+07
8.813333333333334130e-02 3.152009843540275842e+07
8.826666666666667382e-02 3.140037538622701541e+07
8.839999999999999247e-02 3.131755085841310397e+07
8.853333333333333888e-02 3.123593789722305536e+07
8.866666666666667140e-02 3.117218745226007327e+07
8.880000000000000393e-02 3.113406257177241519e+07
8.893333333333335033e-02 3.103709297442573681e+07
8.906666666666666898e-02 3.095624888783770800e+07
8.920000000000000151e-02 3.090080448846091330e+07
8.933333333333333404e-02 3.084191273058350012e+07
8.946666666666668044e-02 3.079637119653658196e+07
8.960000000000001297e-02 3.072384958990194276e+07
8.973333333333333162e-02 3.065306242780993134e+07
8.986666666666666414e-02 3.059876670307031646e+07
9.000000000000001055e-02 3.053220791989473253e+07
9.013333333333334307e-02 3.049728824553426355e+07
9.026666666666667560e-02 3.042071012717469037e+07
9.039999999999999425e-02 3.034374942276990786e+07
9.053333333333334065e-02 3.028668445868249983e+07
9.066666666666667318e-02 3.024807349372363463e+07
9.080000000000000571e-02 3.015609411292154714e+07
9.093333333333332436e-02 3.008600297396662459e+07
9.106666666666667076e-02 3.003004292809080333e+07
9.120000000000000329e-02 2.994867012198796123e+07
9.133333333333333581e-02 2.990779168320038542e+07
9.146666666666668222e-02 2.980287765525224432e+07
9.160000000000000087e-02 2.973223243747076020e+07
9.173333333333333339e-02 2.966386614302860573e+07
9.186666666666666592e-02 2.960558352418254316e+07
9.200000000000001232e-02 2.957298358873813227e+07
9.213333333333334485e-02 2.954620157271878421e+07
9.226666666666666350e-02 2.944888560327243805e+07
9.239999999999999603e-02 2.939307171948648244e+07
9.253333333333334243e-02 2.933737435372593999e+07
9.266666666666667496e-02 2.924358000814350694e+07
9.280000000000000748e-02 2.920340741501059383e+07
9.293333333333332613e-02 2.913163415959712118e+07
9.306666666666667254e-02 2.904177223995043337e+07
9.320000000000000506e-02 2.898108635172440857e+07
9.333333333333333759e-02 2.892578021332782507e+07
9.346666666666668399e-02 2.884049769383527711e+07
9.360000000000000264e-02 2.875377417598698661e+07
9.373333333333333517e-02 2.868558752299279720e+07
9.386666666666666770e-02 2.864633164278366789e+07
9.400000000000001410e-02 2.861168382506525144e+07
9.413333333333334663e-02 2.853025089753990248e+07
9.426666666666666528e-02 2.847662722651844099e+07
9.439999999999999780e-02 2.839800797167498618e+07
9.453333333333334421e-02 2.834190824265964702e+07
9.466666666666667673e-02 2.828613348834764957e+07
9.479999999999999538e-02 2.823605916596261412e+07
9.493333333333332791e-02 2.817734568655181304e+07
9.506666666666667431e-02 2.813332924474942312e+07
9.520000000000000684e-02 2.805832610114791244e+07
9.533333333333333937e-02 2.799770136947594956e+07
9.546666666666665801e-02 2.791246965694290400e+07
9.560000000000000442e-02 2.783113981430970132e+07
9.573333333333333695e-02 2.776408235250444338e+07
9.586666666666666947e-02 2.772534647608011961e+07
9.600000000000001588e-02 2.763201691718577221e+07
9.613333333333333452e-02 2.756568517911909521e+07
9.626666666666666705e-02 2.752911593435789272e+07
9.639999999999999958e-02 2.746744394084948301e+07
9.653333333333334598e-02 2.739019406751042977e+07
9.666666666666667851e-02 2.735633476490721107e+07
9.679999999999999716e-02 2.728110293240593374e+07
9.693333333333332968e-02 2.722607750226906314e+07
9.706666666666667609e-02 2.715340446965347603e+07
9.720000000000000862e-02 2.709103159802440554e+07
9.733333333333334114e-02 2.701755989356826618e+07
9.746666666666665979e-02 2.697011335484687984e+07
9.760000000000000620e-02 2.692325433733620122e+07
9.773333333333333872e-02 2.684341968454296142e+07
9.786666666666667125e-02 2.678512100555186346e+07
9.800000000000001765e-02 2.674778573962488398e+07
9.813333333333333630e-02 2.667377421792447567e+07
9.826666666666666883e-02 2.666394921139370278e+07
9.840000000000000135e-02 2.662652405310008302e+07
9.853333333333334776e-02 2.656056022332255915e+07
9.866666666666668029e-02 2.650782638631296530e+07
9.879999999999999893e-02 2.643775625522948802e+07
9.893333333333333146e-02 2.639382006321898475e+07
9.906666666666667787e-02 2.634906503551435471e+07
9.920000000000001039e-02 2.630292047207905352e+07
9.933333333333332904e-02 2.623465813381868973e+07
9.946666666666666157e-02 2.620917755334344879e+07
9.960000000000000797e-02 2.617074734348419309e+07
9.973333333333334050e-02 2.613760846056353673e+07
9.986666666666667302e-02 2.605942107609290630e+07
9.999999999999999167e-02 2.598377055827212334e+07
1.001333333333333381e-01 2.594169029211165011e+07
1.002666666666666706e-01 2.592951951599027961e+07
1.004000000000000031e-01 2.589502099701018259e+07
1.005333333333333495e-01 2.585288288659318537e+07
1.006666666666666682e-01 2.579606466178684682e+07
1.008000000000000007e-01 2.573603886886722967e+07
1.009333333333333332e-01 2.570296953804299235e+07
1.010666666666666796e-01 2.565093774383491278e+07
1.012000000000000122e-01 2.563005219384875894e+07
1.013333333333333308e-01 2.556544153757979348e+07
1.014666666666666633e-01 2.551394436996696517e+07
1.016000000000000097e-01 2.548059668498535082e+07
1.017333333333333423e-01 2.543270273278353363e+07
1.018666666666666748e-01 2.538554074046337232e+07
1.019999999999999934e-01 2.535366062507551908e+07
1.021333333333333399e-01 2.529123390717845038e+07
1.022666666666666724e-01 2.526898390280842036e+07
1.024000000000000049e-01 2.522072175457105786e+07
1.025333333333333513e-01 2.514295428358452022e+07
1.026666666666666700e-01 2.510822196845253929e+07
1.028000000000000025e-01 2.508501484500834718e+07
1.029333333333333350e-01 2.503588769524865970e+07
1.030666666666666814e-01 2.499947501968584582e+07
1.032000000000000139e-01 2.495423691343296692e+07
1.033333333333333326e-01 2.492986776166660339e+07
1.034666666666666651e-01 2.486814681562115625e+07
1.036000000000000115e-01 2.481759842268797755e+07
1.037333333333333441e-01 2.476612036503929272e+07
1.038666666666666627e-01 2.471544654354944080e+07
1.039999999999999952e-01 2.464071481414204091e+07
1.041333333333333416e-01 2.458092662824248895e+07
1.042666666666666742e-01 2.454179529225942120e+07
1.044000000000000067e-01 2.449222055792857334e+07
1.045333333333333253e-01 2.444156738290688023e+07
1.046666666666666717e-01 2.440536187954593450e+07
1.048000000000000043e-01 2.435377937065527588e+07
1.049333333333333368e-01 2.430347084334429726e+07
1.050666666666666832e-01 2.426593100337713957e+07
1.052000000000000018e-01 2.420537348510091379e+07
1.053333333333333344e-01 2.415969309501513094e+07
1.054666666666666669e-01 2.410494876868037134e+07
1.056000000000000133e-01 2.405114744675731659e+07
1.057333333333333458e-01 2.400077307733609155e+07
1.058666666666666645e-01 2.397428899386781827e+07
1.059999999999999970e-01 2.393769777167817950e+07
1.061333333333333434e-01 2.388200305329551920e+07
1.062666666666666759e-01 2.383236883292048797e+07
1.064000000000000085e-01 2.379945482701823488e+07
1.065333333333333271e-01 2.377792735845879093e+07
1.066666666666666735e-01 2.376380942522066832e+07
1.068000000000000060e-01 2.372714757967337221e+07
1.069333333333333386e-01 2.368354319667126983e+07
1.070666666666666850e-01 2.364224645690371096e+07
1.072000000000000036e-01 2.359052028841015324e+07
1.073333333333333361e-01 2.350607900926323980e+07
1.074666666666666687e-01 2.345746643354590982e+07
1.076000000000000151e-01 2.341700366423756629e+07
1.077333333333333476e-01 2.337586657341223210e+07
1.078666666666666663e-01 2.333494235470695049e+07
1.079999999999999988e-01 2.329404680629029498e+07
1.081333333333333452e-01 2.326163602838342264e+07
1.082666666666666777e-01 2.320439784705339000e+07
1.083999999999999964e-01 2.315602031272943318e+07
1.085333333333333289e-01 2.311514213821683452e+07
1.086666666666666753e-01 2.306852522036490962e+07
1.088000000000000078e-01 2.303549165841356665e+07
1.089333333333333403e-01 2.300341577136461809e+07
1.090666666666666590e-01 2.298856982843156904e+07
1.092000000000000054e-01 2.297310797795671597e+07
1.093333333333333379e-01 2.293504747083811834e+07
1.094666666666666704e-01 2.291324635545174032e+07
1.096000000000000169e-01 2.287087804234500602e+07
1.097333333333333355e-01 2.282735205052598938e+07
1.098666666666666680e-01 2.279434731728974357e+07
1.100000000000000006e-01 2.276771529093011469e+07
1.101333333333333470e-01 2.272913546102452278e+07
1.102666666666666795e-01 2.270619912711756676e+07
1.103999999999999981e-01 2.267297937412763014e+07
1.105333333333333307e-01 2.261221933573135734e+07
1.106666666666666771e-01 2.258987190469079092e+07
1.108000000000000096e-01 2.254934446581770107e+07
1.109333333333333421e-01 2.251370198506306857e+07
1.110666666666666608e-01 2.246325028385905921e+07
1.112000000000000072e-01 2.243557938875041530e+07
1.113333333333333397e-01 2.239523920713647082e+07
1.114666666666666722e-01 2.235210420743685961e+07
1.116000000000000186e-01 2.229324226805479825e+07
1.117333333333333373e-01 2.227600185525116697e+07
1.118666666666666698e-01 2.225161841126954556e+07
1.120000000000000023e-01 2.221438635901349783e+07
1.121333333333333487e-01 2.218144293075075001e+07
1.122666666666666813e-01 2.214612888367335498e+07
1.123999999999999999e-01 2.212043404989457875e+07
1.125333333333333324e-01 2.209879059543767944e+07
1.126666666666666788e-01 2.207184452831123769e+07
1.128000000000000114e-01 2.204333778343883529e+07
1.129333333333333300e-01 2.202792359515523165e+07
1.130666666666666625e-01 2.199826935796177015e+07
1.132000000000000089e-01 2.194522583904886618e+07
1.133333333333333415e-01 2.189123621655315161e+07
1.134666666666666740e-01 2.186868901582105085e+07
1.135999999999999927e-01 2.184849635093317553e+07
1.137333333333333391e-01 2.181100877870924398e+07
1.138666666666666716e-01 2.178611957397138700e+07
1.140000000000000041e-01 2.174123683053533360e+07
1.141333333333333505e-01 2.172692227688048035e+07
1.142666666666666692e-01 2.170119407273554429e+07
1.144000000000000017e-01 2.167108938975803554e+07
1.145333333333333342e-01 2.164846730899741501e+07
1.146666666666666806e-01 2.161001006644026190e+07
1.148000000000000131e-01 2.157457684476539493e+07
1.149333333333333318e-01 2.155321834171547368e+07
1.150666666666666643e-01 2.153154250773471594e+07
1.152000000000000107e-01 2.149055715124693885e+07
1.153333333333333433e-01 2.144428322528908402e+07
1.154666666666666758e-01 2.143820727013715357e+07
1.155999999999999944e-01 2.141091372514002025e+07
1.157333333333333408e-01 2.138517654630499333e+07
1.158666666666666734e-01 2.138004534950698912e+07
1.160000000000000059e-01 2.136506788915360346e+07
1.161333333333333523e-01 2.133880097815979645e+07
1.162666666666666709e-01 2.131216039530154318e+07
1.164000000000000035e-01 2.127697447668908536e+07
1.165333333333333360e-01 2.124305394866266474e+07
1.166666666666666824e-01 2.122699794328178838e+07
1.168000000000000010e-01 2.118294800988400728e+07
1.169333333333333336e-01 2.115033876348782703e+07
1.170666666666666661e-01 2.111608962430097535e+07
1.172000000000000125e-01 2.109150164056507498e+07
1.173333333333333450e-01 2.107543162834489718e+07
1.174666666666666637e-01 2.105193730120297149e+07
1.175999999999999962e-01 2.100868903309287876e+07
1.177333333333333426e-01 2.098970128027524799e+07
1.178666666666666751e-01 2.095777477632505074e+07
1.180000000000000077e-01 2.092692464383915439e+07
1.181333333333333263e-01 2.091201839809716493e+07
1.182666666666666727e-01 2.087711618422421440e+07
1.184000000000000052e-01 2.084415007770200074e+07
1.185333333333333378e-01 2.083267097251212224e+07
1.186666666666666842e-01 2.082310083411993459e+07
1.188000000000000028e-01 2.081546924383926019e+07
1.189333333333333353e-01 2.081168243548649177e+07
1.190666666666666679e-01 2.079107468279406056e+07
1.192000000000000143e-01 2.077446769706388935e+07
1.193333333333333468e-01 2.075875341980316117e+07
1.194666666666666655e-01 2.074733900270597264e+07
1.195999999999999980e-01 2.071392909938541427e+07
1.197333333333333444e-01 2.069294878529370576e+07
1.198666666666666769e-01 2.068472419095014408e+07
1.200000000000000094e-01 2.066894004926063493e+07
1.201333333333333281e-01 2.064524390984512120e+07
1.202666666666666745e-01 2.060741874832938239e+07
1.204000000000000070e-01 2.057837748050073534e+07
1.205333333333333395e-01 2.054866750816891715e+07
1.206666666666666859e-01 2.054135589420558885e+07
1.208000000000000046e-01 2.052202926494733989e+07
1.209333333333333371e-01 2.050675936192579195e+07
1.210666666666666696e-01 2.048229722059226409e+07
1.212000000000000161e-01 2.043477128141406551e+07
1.213333333333333347e-01 2.041555615045620501e+07
1.214666666666666672e-01 2.038325983320271596e+07
1.215999999999999998e-01 2.035493714138855413e+07
1.217333333333333462e-01 2.031552175338324532e+07
1.218666666666666787e-01 2.029073521968387812e+07
1.219999999999999973e-01 2.026451650611339509e+07
1.221333333333333299e-01 2.023266687907778099e+07
1.222666666666666763e-01 2.019273867812453583e+07
1.224000000000000088e-01 2.015906178892951086e+07
1.225333333333333413e-01 2.015931613890548423e+07
1.226666666666666600e-01 2.014361966911705956e+07
1.228000000000000064e-01 2.010911578241239116e+07
1.229333333333333389e-01 2.009198484599066153e+07
1.230666666666666714e-01 2.006495555943055078e+07
1.232000000000000178e-01 2.004539735867577419e+07
1.233333333333333365e-01 2.003502306254814938e+07
1.234666666666666690e-01 1.999575412070399895e+07
1.236000000000000015e-01 1.995367661987561360e+07
1.237333333333333479e-01 1.993272148769522831e+07
1.238666666666666805e-01 1.992093134060787782e+07
1.239999999999999991e-01 1.991225010326440260e+07
1.241333333333333316e-01 1.989725182556815073e+07
1.242666666666666780e-01 1.988335795467023179e+07
1.244000000000000106e-01 1.985584835411933064e+07
1.245333333333333431e-01 1.984310023727262765e+07
1.246666666666666617e-01 1.979364562046615034e+07
1.248000000000000081e-01 1.975876496161790192e+07
1.249333333333333407e-01 1.973028993138555437e+07
1.250666666666666871e-01 1.971299616189310700e+07
1.252000000000000057e-01 1.969789389089683443e+07
1.253333333333333244e-01 1.968432274196625128e+07
1.254666666666666708e-01 1.966991634406399354e+07
1.256000000000000172e-01 1.965602133000928909e+07
1.257333333333333358e-01 1.962118398667538911e+07
1.258666666666666545e-01 1.959912274303446338e+07
1.260000000000000009e-01 1.959617199091427773e+07
1.261333333333333473e-01 1.959277350692842901e+07
1.262666666666666659e-01 1.955156991819366813e+07
1.264000000000000123e-01 1.951892369414338097e+07
1.265333333333333310e-01 1.950356225919743255e+07
1.266666666666666774e-01 1.947324355102649331e+07
1.267999999999999960e-01 1.944874921103828773e+07
1.269333333333333425e-01 1.942734756482335925e+07
1.270666666666666889e-01 1.939923272102238983e+07
1.272000000000000075e-01 1.938705330846464261e+07
1.273333333333333262e-01 1.937408892856922373e+07
1.274666666666666726e-01 1.936434204818194360e+07
1.276000000000000190e-01 1.935896590036218241e+07
1.277333333333333376e-01 1.933949080906514451e+07
1.278666666666666563e-01 1.933217805461112410e+07
1.280000000000000027e-01 1.930266678471555188e+07
1.281333333333333491e-01 1.927506808363067359e+07
1.282666666666666677e-01 1.926388727070562914e+07
1.284000000000000141e-01 1.926218582768266276e+07
1.285333333333333328e-01 1.924808613634808734e+07
1.286666666666666792e-01 1.921913899961954355e+07
1.287999999999999978e-01 1.919824331658042967e+07
1.289333333333333442e-01 1.917355883143540844e+07
1.290666666666666906e-01 1.915707681823775917e+07
1.292000000000000093e-01 1.914657309746164456e+07
1.293333333333333279e-01 1.911889710080990568e+07
1.294666666666666743e-01 1.908850560288068652e+07
1.296000000000000207e-01 1.905481094626675546e+07
1.297333333333333394e-01 1.904119737123189121e+07
1.298666666666666580e-01 1.903657293263206631e+07
1.300000000000000044e-01 1.902737768169017881e+07
1.301333333333333508e-01 1.900775644772350043e+07
1.302666666666666695e-01 1.900388645924462378e+07
1.303999999999999881e-01 1.897449969400252029e+07
1.305333333333333345e-01 1.895600338784794882e+07
1.306666666666666810e-01 1.894487619722809270e+07
1.307999999999999996e-01 1.891126071224926040e+07
1.309333333333333460e-01 1.890033983578763902e+07
1.310666666666666647e-01 1.888479173064911738e+07
1.312000000000000111e-01 1.886458872288108617e+07
1.313333333333333297e-01 1.885975231208349764e+07
1.314666666666666761e-01 1.885842988374908268e+07
1.316000000000000225e-01 1.882621942721724138e+07
1.317333333333333412e-01 1.882786381983012706e+07
1.318666666666666598e-01 1.880649537179666758e+07
1.320000000000000062e-01 1.879146352279058099e+07
1.321333333333333526e-01 1.876824798591334745e+07
1.322666666666666713e-01 1.876743566123338789e+07
1.323999999999999899e-01 1.875089920656293631e+07
1.325333333333333363e-01 1.874726529860820249e+07
1.326666666666666827e-01 1.871665376390899345e+07
1.328000000000000014e-01 1.871830589105479419e+07
1.329333333333333478e-01 1.868554870087486506e+07
1.330666666666666664e-01 1.867337689370149374e+07
1.332000000000000128e-01 1.864622962124590948e+07
1.333333333333333315e-01 1.863652193698219955e+07
1.334666666666666779e-01 1.861477037952537090e+07
1.336000000000000243e-01 1.861325804051603749e+07
1.337333333333333429e-01 1.860651640671987087e+07
1.338666666666666616e-01 1.859383681522076949e+07
1.340000000000000080e-01 1.859394050915551931e+07
1.341333333333333544e-01 1.856909762865742296e+07
1.342666666666666730e-01 1.856680379170739651e+07
1.343999999999999917e-01 1.856283090864467993e+07
1.345333333333333381e-01 1.853928454933527112e+07
1.346666666666666845e-01 1.852592543484291807e+07
1.348000000000000032e-01 1.849965408482382447e+07
1.349333333333333218e-01 1.849063580816172436e+07
1.350666666666666682e-01 1.847731791817544773e+07
1.352000000000000146e-01 1.845856509484336153e+07
1.353333333333333333e-01 1.844880190920424461e+07
1.354666666666666797e-01 1.843227516290146112e+07
1.355999999999999983e-01 1.841974378313164786e+07
1.357333333333333447e-01 1.840042169677735120e+07
1.358666666666666634e-01 1.836935395443849266e+07
1.360000000000000098e-01 1.834631003785141185e+07
1.361333333333333562e-01 1.831940224684079736e+07
1.362666666666666748e-01 1.829684370695190132e+07
1.363999999999999935e-01 1.828094374445416778e+07
1.365333333333333399e-01 1.824314390338452533e+07
1.366666666666666863e-01 1.822155950775117800e+07
1.368000000000000049e-01 1.821245554122073203e+07
1.369333333333333236e-01 1.819344127355897054e+07
1.370666666666666700e-01 1.818232447936454043e+07
1.372000000000000164e-01 1.816509402547606081e+07
1.373333333333333350e-01 1.815492317062974721e+07
1.374666666666666814e-01 1.813713701461181790e+07
1.376000000000000001e-01 1.811367319826532528e+07
1.377333333333333465e-01 1.811005487526287138e+07
1.378666666666666651e-01 1.808952540441794321e+07
1.380000000000000115e-01 1.806284095982169360e+07
1.381333333333333580e-01 1.805583387960205972e+07
1.382666666666666766e-01 1.802908917429112643e+07
1.383999999999999952e-01 1.801472121801546589e+07
1.385333333333333417e-01 1.799716222410572693e+07
1.386666666666666881e-01 1.798875182008323446e+07
1.388000000000000067e-01 1.797763144299810007e+07
1.389333333333333254e-01 1.796517742151864618e+07
1.390666666666666718e-01 1.795285543454883620e+07
1.392000000000000182e-01 1.792681340841732547e+07
1.393333333333333368e-01 1.793360030999530852e+07
1.394666666666666555e-01 1.791516804596833885e+07
1.396000000000000019e-01 1.789809392261006311e+07
1.397333333333333483e-01 1.787755573528774828e+07
1.398666666666666669e-01 1.786341872903425619e+07
1.400000000000000133e-01 1.785937947788236290e+07
1.401333333333333320e-01 1.786218063656922802e+07
1.402666666666666784e-01 1.786162051316462457e+07
1.403999999999999970e-01 1.784071067023845762e+07
1.405333333333333434e-01 1.783119249398328736e+07
1.406666666666666898e-01 1.780973810658103600e+07
1.408000000000000085e-01 1.779827661767383665e+07
1.409333333333333271e-01 1.778860590690821782e+07
1.410666666666666735e-01 1.777415922161612287e+07
1.412000000000000199e-01 1.776863483566491678e+07
1.413333333333333386e-01 1.775843716122091934e+07
1.414666666666666572e-01 1.775977259987918660e+07
1.416000000000000036e-01 1.774940619425284117e+07
1.417333333333333500e-01 1.773362142153809965e+07
1.418666666666666687e-01 1.770354606849777699e+07
1.420000000000000151e-01 1.769431481063298136e+07
1.421333333333333337e-01 1.768900893192127347e+07
1.422666666666666802e-01 1.767661769325041771e+07
1.423999999999999988e-01 1.766914486406691372e+07
1.425333333333333452e-01 1.765698222507984191e+07
1.426666666666666916e-01 1.766207328029251099e+07
1.428000000000000103e-01 1.766163931265279651e+07
1.429333333333333289e-01 1.764310565174838156e+07
1.430666666666666753e-01 1.764024753067322448e+07
1.432000000000000217e-01 1.763235647281340510e+07
1.433333333333333404e-01 1.762844965595447272e+07
1.434666666666666590e-01 1.761240374415019155e+07
1.436000000000000054e-01 1.759893413434900343e+07
1.437333333333333518e-01 1.759936680855305493e+07
1.438666666666666705e-01 1.760182682047731057e+07
1.439999999999999891e-01 1.759748670389411226e+07
1.441333333333333355e-01 1.758484811847788468e+07
1.442666666666666819e-01 1.756932655168655515e+07
1.444000000000000006e-01 1.756591159804944694e+07
1.445333333333333470e-01 1.756136946006651968e+07
1.446666666666666656e-01 1.757035615370767936e+07
1.448000000000000120e-01 1.757055025130992755e+07
1.449333333333333307e-01 1.756973143174932152e+07
1.450666666666666771e-01 1.755490107596826181e+07
1.452000000000000235e-01 1.754963993388224393e+07
1.453333333333333421e-01 1.754945957868550718e+07
1.454666666666666608e-01 1.754204389494732767e+07
1.456000000000000072e-01 1.754107113613949716e+07
1.457333333333333536e-01 1.753310115282036737e+07
1.458666666666666722e-01 1.752899238404042274e+07
1.459999999999999909e-01 1.752059554947657883e+07
1.461333333333333373e-01 1.752721680409728736e+07
1.462666666666666837e-01 1.751623921096135676e+07
1.464000000000000024e-01 1.751189502486791462e+07
1.465333333333333488e-01 1.750805894708083570e+07
1.466666666666666674e-01 1.750925116370085999e+07
1.468000000000000138e-01 1.752930267133297771e+07
1.469333333333333325e-01 1.751904616451977938e+07
1.470666666666666789e-01 1.752744509992821142e+07
1.472000000000000253e-01 1.751906634285047650e+07
1.473333333333333439e-01 1.751304348873854801e+07
1.474666666666666626e-01 1.748844652132219821e+07
1.476000000000000090e-01 1.746877337866235897e+07
1.477333333333333554e-01 1.745116061070042104e+07
1.478666666666666740e-01 1.745583540033151582e+07
1.479999999999999927e-01 1.746342498971466720e+07
1.481333333333333391e-01 1.747082942042875662e+07
1.482666666666666855e-01 1.747939762429894879e+07
1.484000000000000041e-01 1.747715523932310194e+07
1.485333333333333228e-01 1.746059351088973507e+07
1.486666666666666692e-01 1.745416078931799904e+07
1.488000000000000156e-01 1.744388651088484004e+07
1.489333333333333342e-01 1.743418348711268231e+07
1.490666666666666806e-01 1.742633080407735333e+07
1.491999999999999993e-01 1.741496274317788333e+07
1.493333333333333457e-01 1.740912274786176160e+07
1.494666666666666643e-01 1.740225367027002946e+07
1.496000000000000107e-01 1.738055689991863817e+07
1.497333333333333572e-01 1.736776015377287939e+07
1.498666666666666758e-01 1.735489377792817354e+07
1.499999999999999944e-01 1.735286479135933891e+07
1.501333333333333409e-01 1.734318078925954551e+07
1.502666666666666873e-01 1.733179154052463174e+07
1.504000000000000059e-01 1.733321626454761252e+07
1.505333333333333246e-01 1.733865225650668144e+07
1.506666666666666710e-01 1.732677897144637629e+07
1.508000000000000174e-01 1.731472265072502941e+07
1.509333333333333360e-01 1.730561462011536583e+07
1.510666666666666824e-01 1.729802452331336960e+07
1.512000000000000011e-01 1.729249769259493798e+07
1.513333333333333475e-01 1.727211811833904311e+07
1.514666666666666661e-01 1.726863269395047799e+07
1.516000000000000125e-01 1.725656401980413124e+07
1.517333333333333589e-01 1.724360813606866077e+07
1.518666666666666776e-01 1.724065020237217098e+07
1.519999999999999962e-01 1.723138265855372325e+07
1.521333333333333426e-01 1.720101025886167958e+07
1.522666666666666890e-01 1.717858849548210576e+07
1.524000000000000077e-01 1.717768856633208692e+07
1.525333333333333263e-01 1.716284882243451476e+07
1.526666666666666727e-01 1.715215434708400443e+07
1.528000000000000191e-01 1.714394558542305976e+07
1.529333333333333378e-01 1.713464652443146333e+07
1.530666666666666564e-01 1.712763143145449832e+07
1.532000000000000028e-01 1.712727628682985529e+07
1.533333333333333492e-01 1.713345811476233602e+07
1.534666666666666679e-01 1.711595220668140054e+07
1.536000000000000143e-01 1.710320575926481187e+07
1.537333333333333329e-01 1.709753374378494918e+07
1.538666666666666794e-01 1.709896712201981619e+07
1.539999999999999980e-01 1.708531705319518223e+07
1.541333333333333444e-01 1.708156902877388895e+07
1.542666666666666908e-01 1.706667797224739194e+07
1.544000000000000095e-01 1.705736413872198761e+07
1.545333333333333281e-01 1.705361146168654785e+07
1.546666666666666745e-01 1.705690033603041247e+07
1.548000000000000209e-01 1.703980632317161933e+07
1.549333333333333396e-01 1.703765645702748746e+07
1.550666666666666582e-01 1.703836613627397642e+07
1.552000000000000046e-01 1.704108926701333001e+07
1.553333333333333510e-01 1.703056718336411938e+07
1.554666666666666697e-01 1.701237215975596383e+07
1.556000000000000161e-01 1.701141042293546349e+07
1.557333333333333347e-01 1.701453286902012303e+07
1.558666666666666811e-01 1.701304127446407452e+07
1.559999999999999998e-01 1.701081557907427847e+07
1.561333333333333462e-01 1.701967573360446468e+07
1.562666666666666926e-01 1.700791266149109602e+07
1.564000000000000112e-01 1.699468310599198937e+07
1.565333333333333299e-01 1.699163333956432343e+07
1.566666666666666763e-01 1.697822764606492221e+07
1.568000000000000227e-01 1.695650630574654415e+07
1.569333333333333413e-01 1.696090741126980633e+07
1.570666666666666600e-01 1.695862640075777471e+07
1.572000000000000064e-01 1.695545333129838109e+07
1.573333333333333528e-01 1.694961486526424065e+07
1.574666666666666714e-01 1.694187712142621353e+07
1.575999999999999901e-01 1.693271177084965631e+07
1.577333333333333365e-01 1.692984423916988820e+07
1.578666666666666829e-01 1.692985141284615546e+07
1.580000000000000016e-01 1.690851105175372213e+07
1.581333333333333480e-01 1.690215868383711949e+07
1.582666666666666666e-01 1.690303520831115544e+07
1.584000000000000130e-01 1.690341879295217246e+07
1.585333333333333317e-01 1.689670512665269896e+07
1.586666666666666781e-01 1.689812931337012351e+07
1.588000000000000245e-01 1.688897642435742542e+07
1.589333333333333431e-01 1.687478176607920974e+07
1.590666666666666618e-01 1.686692006245651096e+07
1.592000000000000082e-01 1.686713576678267494e+07
1.593333333333333546e-01 1.686243532434950769e+07
1.594666666666666732e-01 1.686094365504853800e+07
1.595999999999999919e-01 1.685894164078027755e+07
1.597333333333333383e-01 1.685706767981900647e+07
1.598666666666666847e-01 1.685732049875837564e+07
1.600000000000000033e-01 1.684850783240123093e+07
1.601333333333333497e-01 1.684060685079199448e+07
1.602666666666666684e-01 1.683027738003961369e+07
1.604000000000000148e-01 1.682328926532237977e+07
1.605333333333333334e-01 1.682922166409551352e+07
1.606666666666666798e-01 1.683035049883827567e+07
1.607999999999999985e-01 1.683243929474868625e+07
1.609333333333333449e-01 1.682037630359250680e+07
1.610666666666666635e-01 1.682459833745740727e+07
1.612000000000000099e-01 1.682941756344440579e+07
1.613333333333333564e-01 1.682545856137934327e+07
1.614666666666666750e-01 1.681353218917367235e+07
1.615999999999999936e-01 1.681787351399784163e+07
1.617333333333333401e-01 1.680562562765869498e+07
1.618666666666666865e-01 1.679221685821333900e+07
1.620000000000000051e-01 1.678938512866488844e+07
1.621333333333333238e-01 1.678409436075007170e+07
1.622666666666666702e-01 1.677130121612808108e+07
1.624000000000000166e-01 1.677021291536220722e+07
1.625333333333333352e-01 1.676576562854095548e+07
1.626666666666666816e-01 1.675466699836778268e+07
1.628000000000000003e-01 1.673916626646766625e+07
1.629333333333333467e-01 1.675415593228878267e+07
1.630666666666666653e-01 1.675369874482954852e+07
1.632000000000000117e-01 1.675014596850745380e+07
1.633333333333333581e-01 1.675812504053856060e+07
1.634666666666666768e-01 1.675201057725615799e+07
1.635999999999999954e-01 1.674365606162367202e+07
1.637333333333333418e-01 1.673837161153161153e+07
1.638666666666666882e-01 1.673483571109404229e+07
1.640000000000000069e-01 1.673356764538719878e+07
1.641333333333333255e-01 1.673454410262214392e+07
1.642666666666666719e-01 1.674051748083857633e+07
1.644000000000000183e-01 1.675828849155323021e+07
1.645333333333333370e-01 1.675973956963331811e+07
1.646666666666666834e-01 1.673807375567612797e+07
1.648000000000000020e-01 1.674085161568793096e+07
1.649333333333333484e-01 1.673817643069601245e+07
1.650666666666666671e-01 1.673709981240964867e+07
1.652000000000000135e-01 1.673825736981283315e+07
1.653333333333333321e-01 1.674674339797924273e+07
1.654666666666666786e-01 1.673235463926624879e+07
1.655999999999999972e-01 1.672805195999024063e+07
1.657333333333333436e-01 1.672726226003502496e+07
1.658666666666666900e-01 1.671788382959714718e+07
1.660000000000000087e-01 1.672017449687659368e+07
1.661333333333333273e-01 1.672610086502820253e+07
1.662666666666666737e-01 1.672716255673052184e+07
1.664000000000000201e-01 1.672996167478509620e+07
1.665333333333333388e-01 1.674265645905637741e+07
