0.000000000000000000e+00 1.345698099227516384e-03
1.333333333333333397e-04 2.183660523358729646e-03
2.666666666666666794e-04 4.362608420359214041e-03
4.000000000000000192e-04 7.967288917231330272e-03
5.333333333333333589e-04 1.610545202067340323e-02
6.666666666666666444e-04 1.955674359926583977e-02
8.000000000000000383e-04 2.979957960274808026e-02
9.333333333333333239e-04 3.997328521032165322e-02
1.066666666666666718e-03 5.358726749479215956e-02
1.200000000000000112e-03 8.829507053785426440e-02
1.333333333333333289e-03 9.643427603333540321e-02
1.466666666666666683e-03 1.153228933486522417e-01
1.600000000000000077e-03 1.652842700782272689e-01
1.733333333333333471e-03 2.269709044461471759e-01
1.866666666666666648e-03 3.155540785933012016e-01
2.000000000000000042e-03 3.358818177574451336e-01
2.133333333333333436e-03 4.945554477258460868e-01
2.266666666666666829e-03 6.369243532427594223e-01
2.400000000000000223e-03 9.999999999999995559e-01
2.533333333333333184e-03 6.211380220151422327e-01
2.666666666666666578e-03 5.520135976198297101e-01
2.800000000000000405e-03 5.453492962635269059e-01
2.933333333333333365e-03 3.178470334275506071e-01
3.066666666666666759e-03 5.667296553171343731e-01
3.200000000000000153e-03 3.598692793827620862e-01
3.333333333333333547e-03 2.727046668362698711e-01
3.466666666666666941e-03 5.976647903845007104e-01
3.600000000000000335e-03 7.506106435524878551e-01
3.733333333333333295e-03 8.563680107496480787e-01
3.866666666666667123e-03 4.219450857577300984e-01
4.000000000000000083e-03 1.925474386163800455e-01
4.133333333333333477e-03 5.296567955672402961e-02
4.266666666666666871e-03 2.569747990682048552e-02
4.400000000000000265e-03 5.125969717754774030e-02
4.533333333333333659e-03 9.518347126038308181e-02
4.666666666666667053e-03 2.120377892239800333e-01
4.800000000000000447e-03 2.789942529540391791e-01
4.933333333333333841e-03 3.567926061037087759e-01
5.066666666666666367e-03 4.215806882537212474e-01
5.200000000000000629e-03 4.950285623433351434e-01
5.333333333333333155e-03 5.393596325257931090e-01
5.466666666666667417e-03 3.773706796480767456e-01
5.600000000000000810e-03 3.833179380478246578e-01
5.733333333333333337e-03 3.923308165244429602e-01
5.866666666666666731e-03 3.277917358409848103e-01
6.000000000000000992e-03 3.347199500453597598e-01
6.133333333333333519e-03 3.302816346695314764e-01
6.266666666666666913e-03 3.127834935697112462e-01
6.400000000000000307e-03 2.521039253400628732e-01
6.533333333333332833e-03 3.213648750929812281e-01
6.666666666666667095e-03 2.734858545337184310e-01
6.800000000000000488e-03 2.341180195817586240e-01
6.933333333333333882e-03 2.213876497678524125e-01
7.066666666666666409e-03 2.437903559502742901e-01
7.200000000000000670e-03 2.288966436300415574e-01
7.333333333333334064e-03 2.551896571873458197e-01
7.466666666666666591e-03 3.285006879970682192e-01
7.599999999999999985e-03 3.549632200698457085e-01
7.733333333333334246e-03 4.293891028877679372e-01
7.866666666666665905e-03 4.472896630582330335e-01
8.000000000000000167e-03 4.155113739439968423e-01
8.133333333333334428e-03 4.805449498725063440e-01
8.266666666666666954e-03 5.126120230395667665e-01
8.399999999999999481e-03 4.445943474817070085e-01
8.533333333333333742e-03 4.104868873612293467e-01
8.666666666666668004e-03 4.386712948120503053e-01
8.800000000000000530e-03 4.159443801371737748e-01
8.933333333333333057e-03 4.618472294768034558e-01
9.066666666666667318e-03 5.408500922773215036e-01
9.200000000000001579e-03 5.730140701470515241e-01
9.333333333333334106e-03 5.489337934595315271e-01
9.466666666666666632e-03 4.762652150740681045e-01
9.600000000000000894e-03 3.872191110026177441e-01
9.733333333333333420e-03 3.707814909087284727e-01
9.866666666666667682e-03 3.800949649910200789e-01
1.000000000000000021e-02 3.728440816154492965e-01
1.013333333333333273e-02 3.809011893215512035e-01
1.026666666666666700e-02 3.703393239655728419e-01
1.040000000000000126e-02 3.981340712805154225e-01
1.053333333333333378e-02 4.291849782481271802e-01
1.066666666666666631e-02 3.856591216924130650e-01
1.079999999999999884e-02 4.447606644874934068e-01
1.093333333333333483e-02 4.794633912386605523e-01
1.106666666666666736e-02 4.983170313849450972e-01
1.120000000000000162e-02 4.704952505950263930e-01
1.133333333333333415e-02 4.753471846673142376e-01
1.146666666666666667e-02 4.515752648662463287e-01
1.160000000000000094e-02 4.062453596753397012e-01
1.173333333333333346e-02 3.357918161973319493e-01
1.186666666666666599e-02 3.179775984119805887e-01
1.200000000000000198e-02 2.802409534425501225e-01
1.213333333333333451e-02 2.473770738907221933e-01
1.226666666666666704e-02 2.398736162292248175e-01
1.240000000000000130e-02 2.218635253625924342e-01
1.253333333333333383e-02 2.086870273946234422e-01
1.266666666666666635e-02 2.234601120200326307e-01
1.280000000000000061e-02 2.163236551671593177e-01
1.293333333333333314e-02 2.422695271274557527e-01
1.306666666666666567e-02 2.406277650212911012e-01
1.320000000000000166e-02 2.462641283809168524e-01
1.333333333333333419e-02 2.701638321828990219e-01
1.346666666666666845e-02 2.910104348355068704e-01
1.360000000000000098e-02 2.869500996342644883e-01
1.373333333333333350e-02 3.324614375768840668e-01
1.386666666666666776e-02 3.433966015259002358e-01
1.400000000000000029e-02 3.800642349222674299e-01
1.413333333333333282e-02 3.601718445267395041e-01
1.426666666666666881e-02 3.627040539914854200e-01
1.440000000000000134e-02 3.426226083201151518e-01
1.453333333333333387e-02 3.624947379780704693e-01
1.466666666666666813e-02 3.609384509256929885e-01
1.480000000000000066e-02 3.699946501245722774e-01
1.493333333333333318e-02 3.639188647639739482e-01
1.506666666666666744e-02 3.934196648655488016e-01
1.519999999999999997e-02 3.904725783729218747e-01
1.533333333333333250e-02 3.810776514397472003e-01
1.546666666666666849e-02 3.966422443479075688e-01
1.560000000000000102e-02 4.170352613796149410e-01
1.573333333333333181e-02 4.082620305558673501e-01
1.586666666666666781e-02 4.153568291745911578e-01
1.600000000000000033e-02 3.670359451812084117e-01
1.613333333333333633e-02 3.399875553895366775e-01
1.626666666666666886e-02 3.234651440653450449e-01
1.640000000000000138e-02 3.060532197582974678e-01
1.653333333333333391e-02 2.805244587304752124e-01
1.666666666666666644e-02 2.588488542171397122e-01
1.679999999999999896e-02 2.380195356459120226e-01
1.693333333333333496e-02 2.234722960266682656e-01
1.706666666666666748e-02 2.110012378979701786e-01
1.720000000000000001e-02 2.004980941145267925e-01
1.733333333333333601e-02 1.935403522968280887e-01
1.746666666666666853e-02 1.838324269488882945e-01
1.760000000000000106e-02 1.736324783923832438e-01
1.773333333333333359e-02 1.668352569252396500e-01
1.786666666666666611e-02 1.615785039852825899e-01
1.799999999999999864e-02 1.540435399918825554e-01
1.813333333333333464e-02 1.500548076668138109e-01
1.826666666666666716e-02 1.425119560149031572e-01
1.840000000000000316e-02 1.359785793406615706e-01
1.853333333333333569e-02 1.295364162684987386e-01
1.866666666666666821e-02 1.259721485959890697e-01
1.880000000000000074e-02 1.228809449770282974e-01
1.893333333333333326e-02 1.179315994698388742e-01
1.906666666666666579e-02 1.152224659123935735e-01
1.920000000000000179e-02 1.108043564110102186e-01
1.933333333333333431e-02 1.078083868106653742e-01
1.946666666666666684e-02 1.048639925677284368e-01
1.960000000000000284e-02 1.022007684202455302e-01
1.973333333333333536e-02 9.950190627825306056e-02
1.986666666666666789e-02 9.663907976209958062e-02
2.000000000000000042e-02 9.437380919651501554e-02
2.013333333333333294e-02 9.200066366183620725e-02
2.026666666666666547e-02 8.940232042618313779e-02
2.040000000000000147e-02 8.697514056707632280e-02
2.053333333333333399e-02 8.450056438850986340e-02
2.066666666666666652e-02 8.271554335201686259e-02
2.080000000000000251e-02 8.085651568529533817e-02
2.093333333333333504e-02 7.932422399031627269e-02
2.106666666666666757e-02 7.802594129531317813e-02
2.120000000000000009e-02 7.638216357715198190e-02
2.133333333333333262e-02 7.422722285894983729e-02
2.146666666666666515e-02 7.283747607076733466e-02
2.159999999999999767e-02 7.124694720259702740e-02
2.173333333333333714e-02 7.012969111842398684e-02
2.186666666666666967e-02 6.864596845753059839e-02
2.200000000000000219e-02 6.697382917058739005e-02
2.213333333333333472e-02 6.511019219292572824e-02
2.226666666666666725e-02 6.406414802652680984e-02
2.240000000000000324e-02 6.294041394408597667e-02
2.253333333333333577e-02 6.156447179546225418e-02
2.266666666666666829e-02 6.063726741552159794e-02
2.280000000000000082e-02 5.967967005557009430e-02
2.293333333333333335e-02 5.890145515288652822e-02
2.306666666666666587e-02 5.745532619299743848e-02
2.320000000000000187e-02 5.626903209778204989e-02
2.333333333333333440e-02 5.550094537625695906e-02
2.346666666666666692e-02 5.447527257822421670e-02
2.359999999999999945e-02 5.319823009645288647e-02
2.373333333333333198e-02 5.226437381630021778e-02
2.386666666666666450e-02 5.132364728213245630e-02
2.400000000000000397e-02 5.072709593039164550e-02
2.413333333333333650e-02 4.983819551215008803e-02
2.426666666666666902e-02 4.918645562231595270e-02
2.440000000000000155e-02 4.837995952055557103e-02
2.453333333333333408e-02 4.758410436039877539e-02
2.466666666666667007e-02 4.693775971703499639e-02
2.480000000000000260e-02 4.624508355179875185e-02
2.493333333333333512e-02 4.549322057509123940e-02
2.506666666666666765e-02 4.494034300879454213e-02
2.520000000000000018e-02 4.419991402646342160e-02
2.533333333333333270e-02 4.366968849528853752e-02
2.546666666666666870e-02 4.298716770264611464e-02
2.560000000000000123e-02 4.211435053377032139e-02
2.573333333333333375e-02 4.153535371480477495e-02
2.586666666666666628e-02 4.124876644410216397e-02
2.599999999999999881e-02 4.063245218857560598e-02
2.613333333333333133e-02 4.001019792095141664e-02
2.626666666666667080e-02 3.943562589659020678e-02
2.640000000000000333e-02 3.889238293123626483e-02
2.653333333333333585e-02 3.842212986424643761e-02
2.666666666666666838e-02 3.784096222373273255e-02
2.680000000000000090e-02 3.732515672169354343e-02
2.693333333333333690e-02 3.655581757428279926e-02
2.706666666666666943e-02 3.619698083252586435e-02
2.720000000000000195e-02 3.591125308472906813e-02
2.733333333333333448e-02 3.530650720066561693e-02
2.746666666666666701e-02 3.487514430312635416e-02
2.759999999999999953e-02 3.449735399839592292e-02
2.773333333333333553e-02 3.402249603856033477e-02
2.786666666666666806e-02 3.351181343325095041e-02
2.800000000000000058e-02 3.319224385203825567e-02
2.813333333333333311e-02 3.286848548610432630e-02
2.826666666666666564e-02 3.241536247200318271e-02
2.839999999999999816e-02 3.189305909284365775e-02
2.853333333333333763e-02 3.146382999207087555e-02
2.866666666666667015e-02 3.126850162115261955e-02
2.880000000000000268e-02 3.090673671981135698e-02
2.893333333333333521e-02 3.046575280303042907e-02
2.906666666666666773e-02 3.018978451105512606e-02
2.920000000000000026e-02 2.994223341325848511e-02
2.933333333333333626e-02 2.956754579776947264e-02
2.946666666666666878e-02 2.910063606111934140e-02
2.960000000000000131e-02 2.877018348982734314e-02
2.973333333333333384e-02 2.840127973951093315e-02
2.986666666666666636e-02 2.814620620907895207e-02
3.000000000000000236e-02 2.784182259992403277e-02
3.013333333333333489e-02 2.743270149845796965e-02
3.026666666666666741e-02 2.705368458635339438e-02
3.039999999999999994e-02 2.679306116252046580e-02
3.053333333333333247e-02 2.654013735514298283e-02
3.066666666666666499e-02 2.623859078270451145e-02
3.080000000000000446e-02 2.597926043619580572e-02
3.093333333333333698e-02 2.561559635294615930e-02
3.106666666666666951e-02 2.538137888148981822e-02
3.120000000000000204e-02 2.516861384314824854e-02
3.133333333333333109e-02 2.491068860943825014e-02
3.146666666666666362e-02 2.463180185403585076e-02
3.160000000000000309e-02 2.440749531944642198e-02
3.173333333333333561e-02 2.416347647726056411e-02
3.186666666666666814e-02 2.391723472745708318e-02
3.200000000000000067e-02 2.367046229460950668e-02
3.213333333333333319e-02 2.343732388715013756e-02
3.226666666666667266e-02 2.324740619203174638e-02
3.240000000000000518e-02 2.298278838529037998e-02
3.253333333333333771e-02 2.271892625199423837e-02
3.266666666666667024e-02 2.248513262640003743e-02
3.280000000000000276e-02 2.225982108155451222e-02
3.293333333333333529e-02 2.204876144943945793e-02
3.306666666666666782e-02 2.183845476943054378e-02
3.320000000000000034e-02 2.159740262715641526e-02
3.333333333333333287e-02 2.141635111981332260e-02
3.346666666666666540e-02 2.118290361105621897e-02
3.359999999999999792e-02 2.094114907547789048e-02
3.373333333333333045e-02 2.076815764328669364e-02
3.386666666666666992e-02 2.060305557862647866e-02
3.400000000000000244e-02 2.034028812438396991e-02
3.413333333333333497e-02 2.015905260493815881e-02
3.426666666666666750e-02 1.999651560788856530e-02
3.440000000000000002e-02 1.980960969445100944e-02
3.453333333333333949e-02 1.968482713288866384e-02
3.466666666666667201e-02 1.947518753118633941e-02
3.480000000000000454e-02 1.930911178519200896e-02
3.493333333333333707e-02 1.914690666284321607e-02
3.506666666666666959e-02 1.903654103895577321e-02
3.520000000000000212e-02 1.884985783310680688e-02
3.533333333333333465e-02 1.863532158405556763e-02
3.546666666666666717e-02 1.845341058790217481e-02
3.559999999999999970e-02 1.825045427447534799e-02
3.573333333333333223e-02 1.808782280775765236e-02
3.586666666666666475e-02 1.796108076628996283e-02
3.599999999999999728e-02 1.786197784742986350e-02
3.613333333333333675e-02 1.769835485082437224e-02
3.626666666666666927e-02 1.753940780415015610e-02
3.640000000000000180e-02 1.738332813814899569e-02
3.653333333333333433e-02 1.721775972493646070e-02
3.666666666666666685e-02 1.704957875614139876e-02
3.680000000000000632e-02 1.692882441672336272e-02
3.693333333333333884e-02 1.681593776546233196e-02
3.706666666666667137e-02 1.669623230354495835e-02
3.720000000000000390e-02 1.654201149882954941e-02
3.733333333333333642e-02 1.642844154800118459e-02
3.746666666666666895e-02 1.628600486650793461e-02
3.760000000000000148e-02 1.617389534332369996e-02
3.773333333333333400e-02 1.604389834994680505e-02
3.786666666666666653e-02 1.592139825021127164e-02
3.799999999999999906e-02 1.578640492555990690e-02
3.813333333333333158e-02 1.567112418103785293e-02
3.826666666666666411e-02 1.553485120602295447e-02
3.840000000000000357e-02 1.541254808315080035e-02
3.853333333333333610e-02 1.526631952200077288e-02
3.866666666666666863e-02 1.514706969637443293e-02
3.880000000000000115e-02 1.504702399218278003e-02
3.893333333333333368e-02 1.494075481599195336e-02
3.906666666666667315e-02 1.481452149505578519e-02
3.920000000000000567e-02 1.472422748745074415e-02
3.933333333333333820e-02 1.459562866327683388e-02
3.946666666666667073e-02 1.446335548947344507e-02
3.960000000000000325e-02 1.436401031324524742e-02
3.973333333333333578e-02 1.427499388177422106e-02
3.986666666666666831e-02 1.417180588408369600e-02
4.000000000000000083e-02 1.409704114499830442e-02
4.013333333333333336e-02 1.399314729792026056e-02
4.026666666666666589e-02 1.386748536316172176e-02
4.039999999999999841e-02 1.375828491858366483e-02
4.053333333333333094e-02 1.365127068614270869e-02
4.066666666666667040e-02 1.355218113375599755e-02
4.080000000000000293e-02 1.346767978606018372e-02
4.093333333333333546e-02 1.337237028292042121e-02
4.106666666666666798e-02 1.326953734257223932e-02
4.120000000000000051e-02 1.317044454077909328e-02
4.133333333333333304e-02 1.309067642105589402e-02
4.146666666666667250e-02 1.299592306611470176e-02
4.160000000000000503e-02 1.289820834493368706e-02
4.173333333333333756e-02 1.282429589069670334e-02
4.186666666666667008e-02 1.270519101444661861e-02
4.200000000000000261e-02 1.263029338210770215e-02
4.213333333333333514e-02 1.254440294901306742e-02
4.226666666666666766e-02 1.245903419214868142e-02
4.240000000000000019e-02 1.237937361122302092e-02
4.253333333333333965e-02 1.231384927458299347e-02
4.266666666666666524e-02 1.223481485445340397e-02
4.280000000000000471e-02 1.215032764433263829e-02
4.293333333333333030e-02 1.207944424321623182e-02
4.306666666666666976e-02 1.200943285448918818e-02
4.319999999999999535e-02 1.193035700911094892e-02
4.333333333333333481e-02 1.184005766876422387e-02
4.346666666666667428e-02 1.176936231641310775e-02
4.359999999999999987e-02 1.170978727839390096e-02
4.373333333333333933e-02 1.161960458560227540e-02
4.386666666666666492e-02 1.153272360232141316e-02
4.400000000000000439e-02 1.143823102257113429e-02
4.413333333333333691e-02 1.138600484973510338e-02
4.426666666666666944e-02 1.129796544401726749e-02
4.440000000000000197e-02 1.122851772947582386e-02
4.453333333333333449e-02 1.115910944344747011e-02
4.466666666666666702e-02 1.110087151544725606e-02
4.480000000000000648e-02 1.104318575214516436e-02
4.493333333333333207e-02 1.096822070628730543e-02
4.506666666666667154e-02 1.089810644400012081e-02
4.519999999999999712e-02 1.082017763985399471e-02
4.533333333333333659e-02 1.074718387056069688e-02
4.546666666666666218e-02 1.066167755337977911e-02
4.560000000000000164e-02 1.059292123773075689e-02
4.573333333333334111e-02 1.052025912544712026e-02
4.586666666666666670e-02 1.045691844569237965e-02
4.600000000000000616e-02 1.039469538500481169e-02
4.613333333333333175e-02 1.033619497947366878e-02
4.626666666666667121e-02 1.027047345618783275e-02
4.640000000000000374e-02 1.020125649239979684e-02
4.653333333333333627e-02 1.013170996703939043e-02
4.666666666666666879e-02 1.007117509674054778e-02
4.680000000000000132e-02 9.992714815813902307e-03
4.693333333333333385e-02 9.927807713478977586e-03
4.706666666666667331e-02 9.866298243032013693e-03
4.719999999999999890e-02 9.817631154581077380e-03
4.733333333333333837e-02 9.769498857189964566e-03
4.746666666666666395e-02 9.719300800727201720e-03
4.760000000000000342e-02 9.672337862479514492e-03
4.773333333333332901e-02 9.614696086368845068e-03
4.786666666666666847e-02 9.551726420732088024e-03
4.800000000000000794e-02 9.492365515789918592e-03
4.813333333333333353e-02 9.440864709022897885e-03
4.826666666666667299e-02 9.396832543175581698e-03
4.839999999999999858e-02 9.344684610433957525e-03
4.853333333333333804e-02 9.300165727366032850e-03
4.866666666666667057e-02 9.232447298085018003e-03
4.880000000000000310e-02 9.182874646393987539e-03
4.893333333333333562e-02 9.135563023401651467e-03
4.906666666666666815e-02 9.088471759429343072e-03
4.920000000000000068e-02 9.013209097312482182e-03
4.933333333333334014e-02 8.968292491543343459e-03
4.946666666666666573e-02 8.918302619396811098e-03
4.960000000000000520e-02 8.874687129187451562e-03
4.973333333333333078e-02 8.839888466180152379e-03
4.986666666666667025e-02 8.779327655399566180e-03
4.999999999999999584e-02 8.741936038005892334e-03
5.013333333333333530e-02 8.696649061472086842e-03
5.026666666666667477e-02 8.634623892319951560e-03
5.040000000000000036e-02 8.596780298875601398e-03
5.053333333333333982e-02 8.549222093531363628e-03
5.066666666666666541e-02 8.494177400191654445e-03
5.080000000000000487e-02 8.445157775255399818e-03
5.093333333333333740e-02 8.397148042972361892e-03
5.106666666666666993e-02 8.361643931249872555e-03
5.120000000000000245e-02 8.321181547301338341e-03
5.133333333333333498e-02 8.272893879537248502e-03
5.146666666666666751e-02 8.235099439946229685e-03
5.160000000000000697e-02 8.207875174943595961e-03
5.173333333333333256e-02 8.166046608863613762e-03
5.186666666666667203e-02 8.119676398289917690e-03
5.199999999999999761e-02 8.079030541525519804e-03
5.213333333333333708e-02 8.039602883429305263e-03
5.226666666666666267e-02 7.994378871619252369e-03
5.240000000000000213e-02 7.945273396882232900e-03
5.253333333333334160e-02 7.913063980449153850e-03
5.266666666666666718e-02 7.866518142171647146e-03
5.280000000000000665e-02 7.813364894759559573e-03
5.293333333333333224e-02 7.774743708944176560e-03
5.306666666666667170e-02 7.740897734693242063e-03
5.320000000000000423e-02 7.710604503033749446e-03
5.333333333333333676e-02 7.668582227959370307e-03
5.346666666666666928e-02 7.637366868353814668e-03
5.360000000000000181e-02 7.595140894628782738e-03
5.373333333333333434e-02 7.554541057732512901e-03
5.386666666666667380e-02 7.525206232253942203e-03
5.399999999999999939e-02 7.496701462496719454e-03
5.413333333333333885e-02 7.462289586402225811e-03
5.426666666666666444e-02 7.425424848078054745e-03
5.440000000000000391e-02 7.396440428185791297e-03
5.453333333333332950e-02 7.360800016648894745e-03
5.466666666666666896e-02 7.323596940635892019e-03
5.480000000000000843e-02 7.298166130980045414e-03
5.493333333333333401e-02 7.259835534851279658e-03
5.506666666666667348e-02 7.226344220057978780e-03
5.519999999999999907e-02 7.184739343264769790e-03
5.533333333333333853e-02 7.158124560666650343e-03
5.546666666666667106e-02 7.123656690647305750e-03
5.560000000000000359e-02 7.093497097273811225e-03
5.573333333333333611e-02 7.060043595889587895e-03
5.586666666666666864e-02 7.032324844691764838e-03
5.600000000000000117e-02 6.996542961453989032e-03
5.613333333333334063e-02 6.961442365698051679e-03
5.626666666666666622e-02 6.928459340853150919e-03
5.640000000000000568e-02 6.892352005814958785e-03
5.653333333333333127e-02 6.862286576992050920e-03
5.666666666666667074e-02 6.826031150716749610e-03
5.679999999999999633e-02 6.796384745995708715e-03
5.693333333333333579e-02 6.764474042775198669e-03
5.706666666666667526e-02 6.736760189987370945e-03
5.720000000000000084e-02 6.699929689534930323e-03
5.733333333333334031e-02 6.673974450949868645e-03
5.746666666666666590e-02 6.648336743854309228e-03
5.760000000000000536e-02 6.619502840935105603e-03
5.773333333333333789e-02 6.593520840398173211e-03
5.786666666666667042e-02 6.564195276423098920e-03
5.800000000000000294e-02 6.527833897266977978e-03
5.813333333333333547e-02 6.498451963978087165e-03
5.826666666666666800e-02 6.473798467366774848e-03
5.840000000000000052e-02 6.449860869559735817e-03
5.853333333333333305e-02 6.419414730422580082e-03
5.866666666666667251e-02 6.383418368084870821e-03
5.879999999999999810e-02 6.351113413366596405e-03
5.893333333333333757e-02 6.329168007963988443e-03
5.906666666666666315e-02 6.307508894051938250e-03
5.920000000000000262e-02 6.281748297313544636e-03
5.933333333333334209e-02 6.258498677884256033e-03
5.946666666666666767e-02 6.233364092284036234e-03
5.960000000000000714e-02 6.205037298102113359e-03
5.973333333333333273e-02 6.177677974451459102e-03
5.986666666666667219e-02 6.148563652815300200e-03
6.000000000000000472e-02 6.121884644512439258e-03
6.013333333333333725e-02 6.089007801875365167e-03
6.026666666666666977e-02 6.065342359696045994e-03
6.040000000000000230e-02 6.033727757147799332e-03
6.053333333333333482e-02 6.009105837326106717e-03
6.066666666666666735e-02 5.991244597737233578e-03
6.079999999999999988e-02 5.973674108128532168e-03
6.093333333333333934e-02 5.960369790022029650e-03
6.106666666666666493e-02 5.936277373342561080e-03
6.120000000000000440e-02 5.908577415400379819e-03
6.133333333333332998e-02 5.883218972448718727e-03
6.146666666666666945e-02 5.856863532692119928e-03
6.160000000000000892e-02 5.831410205375771490e-03
6.173333333333333450e-02 5.808847933772659684e-03
6.186666666666667397e-02 5.787079161668060544e-03
6.199999999999999956e-02 5.759579516416433835e-03
6.213333333333333902e-02 5.744734891269148366e-03
6.226666666666667155e-02 5.718179439954076959e-03
6.240000000000000407e-02 5.697592234057758873e-03
6.253333333333334354e-02 5.677013363806791835e-03
6.266666666666666219e-02 5.651117280338910712e-03
6.280000000000000859e-02 5.624679756773814238e-03
6.293333333333332724e-02 5.601177874728580953e-03
6.306666666666667365e-02 5.573814928324386832e-03
6.320000000000000617e-02 5.548866323050664733e-03
6.333333333333333870e-02 5.526573935764150097e-03
6.346666666666667123e-02 5.508942552162040228e-03
6.360000000000000375e-02 5.485817764588372253e-03
6.373333333333333628e-02 5.464326778916607681e-03
6.386666666666666881e-02 5.437847305933871979e-03
6.400000000000000133e-02 5.417018643916894638e-03
6.413333333333333386e-02 5.397587641290321758e-03
6.426666666666666639e-02 5.379799108290566831e-03
6.439999999999999891e-02 5.359093228539162958e-03
6.453333333333334532e-02 5.339257173350679328e-03
6.466666666666666397e-02 5.315393709218437304e-03
6.480000000000001037e-02 5.296871664409659973e-03
6.493333333333332902e-02 5.273861881352999610e-03
6.506666666666667542e-02 5.251407611473551951e-03
6.519999999999999407e-02 5.229642430931081241e-03
6.533333333333334048e-02 5.210350806880242186e-03
6.546666666666667300e-02 5.193833701725850301e-03
6.560000000000000553e-02 5.173253181199266582e-03
6.573333333333333806e-02 5.155891135643028179e-03
6.586666666666667058e-02 5.133820965579725427e-03
6.600000000000000311e-02 5.110623492379241448e-03
6.613333333333333564e-02 5.092433700110160326e-03
6.626666666666666816e-02 5.067501853890558385e-03
6.640000000000000069e-02 5.050742578347683538e-03
6.653333333333333321e-02 5.031352752303326625e-03
6.666666666666666574e-02 5.008391597388810353e-03
6.680000000000001215e-02 4.985816827952916849e-03
6.693333333333333079e-02 4.968344496078108685e-03
6.706666666666667720e-02 4.948641227502946320e-03
6.719999999999999585e-02 4.931273584240307949e-03
6.733333333333334225e-02 4.916563149077156532e-03
6.746666666666666090e-02 4.897739379540355653e-03
6.760000000000000731e-02 4.884351943934691145e-03
6.773333333333333983e-02 4.873536990656976084e-03
6.786666666666667236e-02 4.855158827169184753e-03
6.800000000000000488e-02 4.837060762144227734e-03
6.813333333333333741e-02 4.818070059811928665e-03
6.826666666666666994e-02 4.801836722812523675e-03
6.840000000000000246e-02 4.788245496709533748e-03
6.853333333333333499e-02 4.779037231883982370e-03
6.866666666666666752e-02 4.762289829522354731e-03
6.880000000000000004e-02 4.740624108530468173e-03
6.893333333333333257e-02 4.725684192419496096e-03
6.906666666666667898e-02 4.705991893398426933e-03
6.919999999999999762e-02 4.689774880280251322e-03
6.933333333333334403e-02 4.675122259704679074e-03
6.946666666666666268e-02 4.661292154347436781e-03
6.960000000000000908e-02 4.643349975086141779e-03
6.973333333333332773e-02 4.623782680604099880e-03
6.986666666666667413e-02 4.606687090510085472e-03
7.000000000000000666e-02 4.595327225852100655e-03
7.013333333333333919e-02 4.580066965896386136e-03
7.026666666666667171e-02 4.562597959228959985e-03
7.040000000000000424e-02 4.545155287817923516e-03
7.053333333333333677e-02 4.531589436857510166e-03
7.066666666666666929e-02 4.517005373219064313e-03
7.080000000000000182e-02 4.503556439296280481e-03
7.093333333333333435e-02 4.490516114290476340e-03
7.106666666666666687e-02 4.475922100843211619e-03
7.119999999999999940e-02 4.461150326752963760e-03
7.133333333333334580e-02 4.445873168872690497e-03
7.146666666666666445e-02 4.433261107092963810e-03
7.160000000000001086e-02 4.420552892097216746e-03
7.173333333333332951e-02 4.406983387059346981e-03
7.186666666666667591e-02 4.390095895605454490e-03
7.199999999999999456e-02 4.374185745416610434e-03
7.213333333333334096e-02 4.362764462005255112e-03
7.226666666666667349e-02 4.353356846540786321e-03
7.240000000000000602e-02 4.339352654603145440e-03
7.253333333333333854e-02 4.326169899330678872e-03
7.266666666666667107e-02 4.316679512448904840e-03
7.280000000000000360e-02 4.304374427638263043e-03
7.293333333333333612e-02 4.292253274275210397e-03
7.306666666666666865e-02 4.280582872115698025e-03
7.320000000000000118e-02 4.267362507496108744e-03
7.333333333333333370e-02 4.254970203809843414e-03
7.346666666666666623e-02 4.240114458996903542e-03
7.360000000000001263e-02 4.224767470184309821e-03
7.373333333333333128e-02 4.212913194602344209e-03
7.386666666666667769e-02 4.198984731172479556e-03
7.399999999999999634e-02 4.191007685343804343e-03
7.413333333333334274e-02 4.178762152919707207e-03
7.426666666666666139e-02 4.163079897536210369e-03
7.440000000000000779e-02 4.150717335628298539e-03
7.453333333333334032e-02 4.139436336838049450e-03
7.466666666666667285e-02 4.125054492782414227e-03
7.480000000000000537e-02 4.113335627793653949e-03
7.493333333333333790e-02 4.100637547991160120e-03
7.506666666666667043e-02 4.093066119520901228e-03
7.520000000000000295e-02 4.083557057027987179e-03
7.533333333333333548e-02 4.073123953397789210e-03
7.546666666666666801e-02 4.062718073780794727e-03
7.560000000000000053e-02 4.048910661633369802e-03
7.573333333333333306e-02 4.037325318249254669e-03
7.586666666666667946e-02 4.023358089666035330e-03
7.599999999999999811e-02 4.010289208596614155e-03
7.613333333333334452e-02 4.000023319857833916e-03
7.626666666666666317e-02 3.987337393301620091e-03
7.640000000000000957e-02 3.978575953236389816e-03
7.653333333333332822e-02 3.966135743273734200e-03
7.666666666666667462e-02 3.955522590108915236e-03
7.680000000000000715e-02 3.941544894822611791e-03
7.693333333333333968e-02 3.931070673708794531e-03
7.706666666666667220e-02 3.921308711444005356e-03
7.720000000000000473e-02 3.911964357849126613e-03
7.733333333333333726e-02 3.898787203396983630e-03
7.746666666666666978e-02 3.884667016291126936e-03
7.760000000000000231e-02 3.874301327095176599e-03
7.773333333333333484e-02 3.861404542765527973e-03
7.786666666666666736e-02 3.849181625900378531e-03
7.799999999999999989e-02 3.840057682414664292e-03
7.813333333333334629e-02 3.828403151553849519e-03
7.826666666666666494e-02 3.819177624310970964e-03
7.840000000000001135e-02 3.810358149770173494e-03
7.853333333333333000e-02 3.799086956229241752e-03
7.866666666666667640e-02 3.789064702826696555e-03
7.879999999999999505e-02 3.778246195558439529e-03
7.893333333333334145e-02 3.770465871714508491e-03
7.906666666666667398e-02 3.760410989709461575e-03
7.920000000000000651e-02 3.750383095921123837e-03
7.933333333333333903e-02 3.741895735150798600e-03
7.946666666666667156e-02 3.731473313734536088e-03
7.960000000000000409e-02 3.720970759473316795e-03
7.973333333333333661e-02 3.712061641060957796e-03
7.986666666666666914e-02 3.703055274742307699e-03
8.000000000000000167e-02 3.688016708038617877e-03
8.013333333333333419e-02 3.678569533272330831e-03
8.026666666666666672e-02 3.668783880323986998e-03
8.039999999999999925e-02 3.658739874944787456e-03
8.053333333333333177e-02 3.646927304328007133e-03
8.066666666666667818e-02 3.635635348005890072e-03
8.079999999999999682e-02 3.628363421575810620e-03
8.093333333333334323e-02 3.618482801221328989e-03
8.106666666666666188e-02 3.612360829303079123e-03
8.120000000000000828e-02 3.605195122511253587e-03
8.133333333333334081e-02 3.597277941439824822e-03
8.146666666666667334e-02 3.589029247389498301e-03
8.160000000000000586e-02 3.578079659829201328e-03
8.173333333333333839e-02 3.569724887541454641e-03
8.186666666666667092e-02 3.561870345598748371e-03
8.200000000000000344e-02 3.552698414346666320e-03
8.213333333333333597e-02 3.541014447049776418e-03
8.226666666666666849e-02 3.530313058821726337e-03
8.240000000000000102e-02 3.518688972023141515e-03
8.253333333333333355e-02 3.507718672277428985e-03
8.266666666666666607e-02 3.496874207575324193e-03
8.279999999999999860e-02 3.488043711996874352e-03
8.293333333333334501e-02 3.480303608775574351e-03
8.306666666666666365e-02 3.470415409530057133e-03
8.320000000000001006e-02 3.461074620385288028e-03
8.333333333333332871e-02 3.450525259614813448e-03
8.346666666666667511e-02 3.443597201650942102e-03
8.360000000000000764e-02 3.434638549108913561e-03
8.373333333333334016e-02 3.424415211731639264e-03
8.386666666666665881e-02 3.413271814500007644e-03
8.400000000000000522e-02 3.402852579536790999e-03
8.413333333333333774e-02 3.393902359577859965e-03
8.426666666666667027e-02 3.385775204139317585e-03
8.440000000000001668e-02 3.376598428613503382e-03
8.453333333333333532e-02 3.366493403331988817e-03
8.466666666666666785e-02 3.357460180218085725e-03
8.480000000000000038e-02 3.347936741162016450e-03
8.493333333333334678e-02 3.339167548085959520e-03
8.506666666666667931e-02 3.327213614883505529e-03
8.519999999999999796e-02 3.315983891980128426e-03
8.533333333333333048e-02 3.305977099396351700e-03
8.546666666666667689e-02 3.295784640459479675e-03
8.560000000000000941e-02 3.288916031638567435e-03
8.573333333333334194e-02 3.281207405339763017e-03
8.586666666666666059e-02 3.274215988647480747e-03
8.600000000000000699e-02 3.265381722470813135e-03
8.613333333333333952e-02 3.256459832198171662e-03
8.626666666666667205e-02 3.248301717623354283e-03
8.639999999999999070e-02 3.238790827664643924e-03
8.653333333333333710e-02 3.228961214440763134e-03
8.666666666666666963e-02 3.220770125728482716e-03
8.680000000000000215e-02 3.212688167027416639e-03
8.693333333333334856e-02 3.200849107289720046e-03
8.706666666666666721e-02 3.193030116626154394e-03
8.719999999999999973e-02 3.185035972388468913e-03
8.733333333333333226e-02 3.176607177205203764e-03
8.746666666666667866e-02 3.166638002614872126e-03
8.760000000000001119e-02 3.158441261328816339e-03
8.773333333333332984e-02 3.149170754131822708e-03
8.786666666666666237e-02 3.140401652072956958e-03
8.800000000000000877e-02 3.136123800264996840e-03
8.813333333333334130e-02 3.130626530257960439e-03
8.826666666666667382e-02 3.120685870027555420e-03
8.839999999999999247e-02 3.113641251639094436e-03
8.853333333333333888e-02 3.105158374556422560e-03
8.866666666666667140e-02 3.098680733820222827e-03
8.880000000000000393e-02 3.093005635698820206e-03
8.893333333333335033e-02 3.084676684748929604e-03
8.906666666666666898e-02 3.076786243916686519e-03
8.920000000000000151e-02 3.071852711950804650e-03
8.933333333333333404e-02 3.066080076919933638e-03
8.946666666666668044e-02 3.061582642678664819e-03
8.960000000000001297e-02 3.054722019938853252e-03
8.973333333333333162e-02 3.046733587780979090e-03
8.986666666666666414e-02 3.040800852469766405e-03
9.000000000000001055e-02 3.032065312647775745e-03
9.013333333333334307e-02 3.025572835614836684e-03
9.026666666666667560e-02 3.017716246056557656e-03
9.039999999999999425e-02 3.010106252489837438e-03
9.053333333333334065e-02 3.004191061917773232e-03
9.066666666666667318e-02 2.998292104732943296e-03
9.080000000000000571e-02 2.991279340446136026e-03
9.093333333333332436e-02 2.985144362297532591e-03
9.106666666666667076e-02 2.980238656753163209e-03
9.120000000000000329e-02 2.973173292394879104e-03
9.133333333333333581e-02 2.968326782500986180e-03
9.146666666666668222e-02 2.958569483463210741e-03
9.160000000000000087e-02 2.951484745500753890e-03
9.173333333333333339e-02 2.944356698681093419e-03
9.186666666666666592e-02 2.938027191095575735e-03
9.200000000000001232e-02 2.932639619046886140e-03
9.213333333333334485e-02 2.928670910546939468e-03
9.226666666666666350e-02 2.920891130962240730e-03
9.239999999999999603e-02 2.915946689649268671e-03
9.253333333333334243e-02 2.909931726590922994e-03
9.266666666666667496e-02 2.901540417948213994e-03
9.280000000000000748e-02 2.897649008228325978e-03
9.293333333333332613e-02 2.890551773914500511e-03
9.306666666666667254e-02 2.881380728214842819e-03
9.320000000000000506e-02 2.874019416335839728e-03
9.333333333333333759e-02 2.869192846349094550e-03
9.346666666666668399e-02 2.860339222235100919e-03
9.360000000000000264e-02 2.852597255571691533e-03
9.373333333333333517e-02 2.845479361614186228e-03
9.386666666666666770e-02 2.841041400830654137e-03
9.400000000000001410e-02 2.836912490039005495e-03
9.413333333333334663e-02 2.829653079204586148e-03
9.426666666666666528e-02 2.824991641998291555e-03
9.439999999999999780e-02 2.817633783389976096e-03
9.453333333333334421e-02 2.811444474682952416e-03
9.466666666666667673e-02 2.805134481299150200e-03
9.479999999999999538e-02 2.799186767244107171e-03
9.493333333333332791e-02 2.792063604573060895e-03
9.506666666666667431e-02 2.786430432164295999e-03
9.520000000000000684e-02 2.778628171644016275e-03
9.533333333333333937e-02 2.771464376757817177e-03
9.546666666666665801e-02 2.764922904599623026e-03
9.560000000000000442e-02 2.758754642625722148e-03
9.573333333333333695e-02 2.752417799737060921e-03
9.586666666666666947e-02 2.746933185792139499e-03
9.600000000000001588e-02 2.739709525949003861e-03
9.613333333333333452e-02 2.733886492563374678e-03
9.626666666666666705e-02 2.729895905185786547e-03
9.639999999999999958e-02 2.724689020998266684e-03
9.653333333333334598e-02 2.717979048557373108e-03
9.666666666666667851e-02 2.713375494038848534e-03
9.679999999999999716e-02 2.706892147850640824e-03
9.693333333333332968e-02 2.702254984288520335e-03
9.706666666666667609e-02 2.696569685114613268e-03
9.720000000000000862e-02 2.691409882468119054e-03
9.733333333333334114e-02 2.685176171185159420e-03
9.746666666666665979e-02 2.680242465435237875e-03
9.760000000000000620e-02 2.674499064105218416e-03
9.773333333333333872e-02 2.667759181621510382e-03
9.786666666666667125e-02 2.661214126620799637e-03
9.800000000000001765e-02 2.657096132179203197e-03
9.813333333333333630e-02 2.651498813062325328e-03
9.826666666666666883e-02 2.649196706266265453e-03
9.840000000000000135e-02 2.643724024573705124e-03
9.853333333333334776e-02 2.638765808907255796e-03
9.866666666666668029e-02 2.634022877514953249e-03
9.879999999999999893e-02 2.627330336036898164e-03
9.893333333333333146e-02 2.622474353676978835e-03
9.906666666666667787e-02 2.617649343726128394e-03
9.920000000000001039e-02 2.612738004909673228e-03
9.933333333333332904e-02 2.605936426576701149e-03
9.946666666666666157e-02 2.602349962392409583e-03
9.960000000000000797e-02 2.598651535716106024e-03
9.973333333333334050e-02 2.594954421287060369e-03
9.986666666666667302e-02 2.589138548610224466e-03
9.999999999999999167e-02 2.583776640348648106e-03
1.001333333333333381e-01 2.579812977922371024e-03
1.002666666666666706e-01 2.577054111619045233e-03
1.004000000000000031e-01 2.573041011675125580e-03
1.005333333333333495e-01 2.568314701144792326e-03
1.006666666666666682e-01 2.563112405084466607e-03
1.008000000000000007e-01 2.557836420024229770e-03
1.009333333333333332e-01 2.553291182600642140e-03
1.010666666666666796e-01 2.547761473700213986e-03
1.012000000000000122e-01 2.544321488062851848e-03
1.013333333333333308e-01 2.538123865653905097e-03
1.014666666666666633e-01 2.532635099106362534e-03
1.016000000000000097e-01 2.527908476706702910e-03
1.017333333333333423e-01 2.522972233529652709e-03
1.018666666666666748e-01 2.517380008012105787e-03
1.019999999999999934e-01 2.512723954614553765e-03
1.021333333333333399e-01 2.507142130536659137e-03
1.022666666666666724e-01 2.504066591693564908e-03
1.024000000000000049e-01 2.500145683959372270e-03
1.025333333333333513e-01 2.494173146594177038e-03
1.026666666666666700e-01 2.490046931708922787e-03
1.028000000000000025e-01 2.487286472112888291e-03
1.029333333333333350e-01 2.481214113756054739e-03
1.030666666666666814e-01 2.475832246566486271e-03
1.032000000000000139e-01 2.470347234515805120e-03
1.033333333333333326e-01 2.466716115741400712e-03
1.034666666666666651e-01 2.460329840296602948e-03
1.036000000000000115e-01 2.455766966173508672e-03
1.037333333333333441e-01 2.451464197367093142e-03
1.038666666666666627e-01 2.446393882437903396e-03
1.039999999999999952e-01 2.441267457870198356e-03
1.041333333333333416e-01 2.436686311656109747e-03
1.042666666666666742e-01 2.432192250025159118e-03
1.044000000000000067e-01 2.427836301849029335e-03
1.045333333333333253e-01 2.422851628230828207e-03
1.046666666666666717e-01 2.418579381737089549e-03
1.048000000000000043e-01 2.414343045258937441e-03
1.049333333333333368e-01 2.410288903888028241e-03
1.050666666666666832e-01 2.407251936691797052e-03
1.052000000000000018e-01 2.401900484861018304e-03
1.053333333333333344e-01 2.397910856914635663e-03
1.054666666666666669e-01 2.393666065359502555e-03
1.056000000000000133e-01 2.389740335719682529e-03
1.057333333333333458e-01 2.385562482791636022e-03
1.058666666666666645e-01 2.382363394024220125e-03
1.059999999999999970e-01 2.378890751938079334e-03
1.061333333333333434e-01 2.373187307959396825e-03
1.062666666666666759e-01 2.368904637275281826e-03
1.064000000000000085e-01 2.365188205684774607e-03
1.065333333333333271e-01 2.363027327422506391e-03
1.066666666666666735e-01 2.359956397713526468e-03
1.068000000000000060e-01 2.355456248208924463e-03
1.069333333333333386e-01 2.351284626431112204e-03
1.070666666666666850e-01 2.347287524892648861e-03
1.072000000000000036e-01 2.343485033086678548e-03
1.073333333333333361e-01 2.336666974809020227e-03
1.074666666666666687e-01 2.331241530504817548e-03
1.076000000000000151e-01 2.327664692159488700e-03
1.077333333333333476e-01 2.322975188089237888e-03
1.078666666666666663e-01 2.319769824135065918e-03
1.079999999999999988e-01 2.316114006663498939e-03
1.081333333333333452e-01 2.312929180262109953e-03
1.082666666666666777e-01 2.308614976986062862e-03
1.083999999999999964e-01 2.303888485484865013e-03
1.085333333333333289e-01 2.300463246683147854e-03
1.086666666666666753e-01 2.295596464628151933e-03
1.088000000000000078e-01 2.292358813856655228e-03
1.089333333333333403e-01 2.288608134749700682e-03
1.090666666666666590e-01 2.285563206391649435e-03
1.092000000000000054e-01 2.282706940777252773e-03
1.093333333333333379e-01 2.278742685073906291e-03
1.094666666666666704e-01 2.275857460090480091e-03
1.096000000000000169e-01 2.271784001394248648e-03
1.097333333333333355e-01 2.267631326049247050e-03
1.098666666666666680e-01 2.263971339620428607e-03
1.100000000000000006e-01 2.260607206883742757e-03
1.101333333333333470e-01 2.256157626301587803e-03
1.102666666666666795e-01 2.253273410420795955e-03
1.103999999999999981e-01 2.249738737462313697e-03
1.105333333333333307e-01 2.244315974450041690e-03
1.106666666666666771e-01 2.241139026857736152e-03
1.108000000000000096e-01 2.236832975511186383e-03
1.109333333333333421e-01 2.232691113291710838e-03
1.110666666666666608e-01 2.227252621914671982e-03
1.112000000000000072e-01 2.224106091148218313e-03
1.113333333333333397e-01 2.220076763906410865e-03
1.114666666666666722e-01 2.216445203373564564e-03
1.116000000000000186e-01 2.213136077302101882e-03
1.117333333333333373e-01 2.211078751031789712e-03
1.118666666666666698e-01 2.208244042294605150e-03
1.120000000000000023e-01 2.204675783383566040e-03
1.121333333333333487e-01 2.201368710674730857e-03
1.122666666666666813e-01 2.198522046222072673e-03
1.123999999999999999e-01 2.196129574001072157e-03
1.125333333333333324e-01 2.193454191136086622e-03
1.126666666666666788e-01 2.190444832342574796e-03
1.128000000000000114e-01 2.188787402184249210e-03
1.129333333333333300e-01 2.185674356661968486e-03
1.130666666666666625e-01 2.182928081948747046e-03
1.132000000000000089e-01 2.178244640627309634e-03
1.133333333333333415e-01 2.173424573706184745e-03
1.134666666666666740e-01 2.171052567350529542e-03
1.135999999999999927e-01 2.167714837317049302e-03
1.137333333333333391e-01 2.164484672727336884e-03
1.138666666666666716e-01 2.162160643890016169e-03
1.140000000000000041e-01 2.158490280321112564e-03
1.141333333333333505e-01 2.156536090174902397e-03
1.142666666666666692e-01 2.154424996372434915e-03
1.144000000000000017e-01 2.150985217237454811e-03
1.145333333333333342e-01 2.147827573631124962e-03
1.146666666666666806e-01 2.144301025418973716e-03
1.148000000000000131e-01 2.140984360365740576e-03
1.149333333333333318e-01 2.137762139382845192e-03
1.150666666666666643e-01 2.135841229634169187e-03
1.152000000000000107e-01 2.132872144438705854e-03
1.153333333333333433e-01 2.128625552552947716e-03
1.154666666666666758e-01 2.126999618957035876e-03
1.155999999999999944e-01 2.123926337661430439e-03
1.157333333333333408e-01 2.120919624882976282e-03
1.158666666666666734e-01 2.119142189309673480e-03
1.160000000000000059e-01 2.117244908063572149e-03
1.161333333333333523e-01 2.115140294397243725e-03
1.162666666666666709e-01 2.112441347807248772e-03
1.164000000000000035e-01 2.109904480840664280e-03
1.165333333333333360e-01 2.106959142702662449e-03
1.166666666666666824e-01 2.105160378961692773e-03
1.168000000000000010e-01 2.102075233701388227e-03
1.169333333333333336e-01 2.098109188568273321e-03
1.170666666666666661e-01 2.095037851755780604e-03
1.172000000000000125e-01 2.092039437670249399e-03
1.173333333333333450e-01 2.089660800180671851e-03
1.174666666666666637e-01 2.086607211900165688e-03
1.175999999999999962e-01 2.082688731606761792e-03
1.177333333333333426e-01 2.080786015237066650e-03
1.178666666666666751e-01 2.077441689705453523e-03
1.180000000000000077e-01 2.074858757226412821e-03
1.181333333333333263e-01 2.072812044268059102e-03
1.182666666666666727e-01 2.069426902984985474e-03
1.184000000000000052e-01 2.066708783784837380e-03
1.185333333333333378e-01 2.064427777333562725e-03
1.186666666666666842e-01 2.063016533850887957e-03
1.188000000000000028e-01 2.061415217139388537e-03
1.189333333333333353e-01 2.060059415719636168e-03
1.190666666666666679e-01 2.057238642738088309e-03
1.192000000000000143e-01 2.055613341060907352e-03
1.193333333333333468e-01 2.053436913505711243e-03
1.194666666666666655e-01 2.051308881194995829e-03
1.195999999999999980e-01 2.049014419882881112e-03
1.197333333333333444e-01 2.046941819255642964e-03
1.198666666666666769e-01 2.045697009623452176e-03
1.200000000000000094e-01 2.043774134077436157e-03
1.201333333333333281e-01 2.041374279187771739e-03
1.202666666666666745e-01 2.038404164725460006e-03
1.204000000000000070e-01 2.035530046166097659e-03
1.205333333333333395e-01 2.033044051613165041e-03
1.206666666666666859e-01 2.031811683306902067e-03
1.208000000000000046e-01 2.029595499639648588e-03
1.209333333333333371e-01 2.027732312249251167e-03
1.210666666666666696e-01 2.025593830160832016e-03
1.212000000000000161e-01 2.021615581887768048e-03
1.213333333333333347e-01 2.018978965781554821e-03
1.214666666666666672e-01 2.016303299382748299e-03
1.215999999999999998e-01 2.013607182118253361e-03
1.217333333333333462e-01 2.010435805327043420e-03
1.218666666666666787e-01 2.008029711720688611e-03
1.219999999999999973e-01 2.005334188286505420e-03
1.221333333333333299e-01 2.002370093058632259e-03
1.222666666666666763e-01 1.998938071039373186e-03
1.224000000000000088e-01 1.995625528171033388e-03
1.225333333333333413e-01 1.995468551050459845e-03
1.226666666666666600e-01 1.993081579583128732e-03
1.228000000000000064e-01 1.988632631000615200e-03
1.229333333333333389e-01 1.986553014712541358e-03
1.230666666666666714e-01 1.984171425361813332e-03
1.232000000000000178e-01 1.981426302152099455e-03
1.233333333333333365e-01 1.980268268091145076e-03
1.234666666666666690e-01 1.977733337086597532e-03
1.236000000000000015e-01 1.974209928439375501e-03
1.237333333333333479e-01 1.972565472252208168e-03
1.238666666666666805e-01 1.971219332684443978e-03
1.239999999999999991e-01 1.970226592021400921e-03
1.241333333333333316e-01 1.968981601962834470e-03
1.242666666666666780e-01 1.967232904701104144e-03
1.244000000000000106e-01 1.965447952086193679e-03
1.245333333333333431e-01 1.963546005546156024e-03
1.246666666666666617e-01 1.959294029890355695e-03
1.248000000000000081e-01 1.955930714738414542e-03
1.249333333333333407e-01 1.953496892047703812e-03
1.250666666666666871e-01 1.951866502267524464e-03
1.252000000000000057e-01 1.949164990872321018e-03
1.253333333333333244e-01 1.947662496954892996e-03
1.254666666666666708e-01 1.946097134801582154e-03
1.256000000000000172e-01 1.944475635838484491e-03
1.257333333333333358e-01 1.941448550015175247e-03
1.258666666666666545e-01 1.939241247954645933e-03
1.260000000000000009e-01 1.938628650642218454e-03
1.261333333333333473e-01 1.937930505173611744e-03
1.262666666666666659e-01 1.934542154331236408e-03
1.264000000000000123e-01 1.931401424677599201e-03
1.265333333333333310e-01 1.930092240230654602e-03
1.266666666666666774e-01 1.927669882360659274e-03
1.267999999999999960e-01 1.924833497616273634e-03
1.269333333333333425e-01 1.923067137316360631e-03
1.270666666666666889e-01 1.920230272819435646e-03
1.272000000000000075e-01 1.918322289991180891e-03
1.273333333333333262e-01 1.917150874634254622e-03
1.274666666666666726e-01 1.916658610146583118e-03
1.276000000000000190e-01 1.915798382737291753e-03
1.277333333333333376e-01 1.914076990328131798e-03
1.278666666666666563e-01 1.913277109209234658e-03
1.280000000000000027e-01 1.910950602217808408e-03
1.281333333333333491e-01 1.908498196528044715e-03
1.282666666666666677e-01 1.907491988752575349e-03
1.284000000000000141e-01 1.906960398383883903e-03
1.285333333333333328e-01 1.905379255162706516e-03
1.286666666666666792e-01 1.901917571284118900e-03
1.287999999999999978e-01 1.900067420396208805e-03
1.289333333333333442e-01 1.897997792902090348e-03
1.290666666666666906e-01 1.896191075182057824e-03
1.292000000000000093e-01 1.894062436559084198e-03
1.293333333333333279e-01 1.891913971451254350e-03
1.294666666666666743e-01 1.889868501472921191e-03
1.296000000000000207e-01 1.887803549175573036e-03
1.297333333333333394e-01 1.886051942432063946e-03
1.298666666666666580e-01 1.885203361152115818e-03
1.300000000000000044e-01 1.883523870078053237e-03
1.301333333333333508e-01 1.881554170508556835e-03
1.302666666666666695e-01 1.881115408271699261e-03
1.303999999999999881e-01 1.878050513855200393e-03
1.305333333333333345e-01 1.875929853206510572e-03
1.306666666666666810e-01 1.875028784343487666e-03
1.307999999999999996e-01 1.871860666837585731e-03
1.309333333333333460e-01 1.870835295523077960e-03
1.310666666666666647e-01 1.869393197019520499e-03
1.312000000000000111e-01 1.867049598627907410e-03
1.313333333333333297e-01 1.866761404770979522e-03
1.314666666666666761e-01 1.865815435435952971e-03
1.316000000000000225e-01 1.863559414912878019e-03
1.317333333333333412e-01 1.862565770332197824e-03
1.318666666666666598e-01 1.860596948778767308e-03
1.320000000000000062e-01 1.858878841732781789e-03
1.321333333333333526e-01 1.856972594486678337e-03
1.322666666666666713e-01 1.856680621642708539e-03
1.323999999999999899e-01 1.855042159774896761e-03
1.325333333333333363e-01 1.854147312720527858e-03
1.326666666666666827e-01 1.851641451582862257e-03
1.328000000000000014e-01 1.851311375030591667e-03
1.329333333333333478e-01 1.848515926946520853e-03
1.330666666666666664e-01 1.847091797214920304e-03
1.332000000000000128e-01 1.845058924498557251e-03
1.333333333333333315e-01 1.844500336481154357e-03
1.334666666666666779e-01 1.842697495686596932e-03
1.336000000000000243e-01 1.842509026822846882e-03
1.337333333333333429e-01 1.842309670935455071e-03
1.338666666666666616e-01 1.841603150634433562e-03
1.340000000000000080e-01 1.841360800500008730e-03
1.341333333333333544e-01 1.838722749618113559e-03
1.342666666666666730e-01 1.837965764133390675e-03
1.343999999999999917e-01 1.837442154952770128e-03
1.345333333333333381e-01 1.835319169806639422e-03
1.346666666666666845e-01 1.833366981258882644e-03
1.348000000000000032e-01 1.831009086706348460e-03
1.349333333333333218e-01 1.830785255078877863e-03
1.350666666666666682e-01 1.829061026615016712e-03
1.352000000000000146e-01 1.827614491885494333e-03
1.353333333333333333e-01 1.827323274025793864e-03
1.354666666666666797e-01 1.825836722727872509e-03
1.355999999999999983e-01 1.824493673215413702e-03
1.357333333333333447e-01 1.822874911116919693e-03
1.358666666666666634e-01 1.820211759088949431e-03
1.360000000000000098e-01 1.817985616151413355e-03
1.361333333333333562e-01 1.815420088874726253e-03
1.362666666666666748e-01 1.813817154104053206e-03
1.363999999999999935e-01 1.812676599708217158e-03
1.365333333333333399e-01 1.810768543266414420e-03
1.366666666666666863e-01 1.808992036734619405e-03
1.368000000000000049e-01 1.807984990582677410e-03
1.369333333333333236e-01 1.805948215368791956e-03
1.370666666666666700e-01 1.804127699380564517e-03
1.372000000000000164e-01 1.802386771797464269e-03
1.373333333333333350e-01 1.800484931738454168e-03
1.374666666666666814e-01 1.798643007762952984e-03
1.376000000000000001e-01 1.797179436388502251e-03
1.377333333333333465e-01 1.796832981251206534e-03
1.378666666666666651e-01 1.794960672889830836e-03
1.380000000000000115e-01 1.793364198772610767e-03
1.381333333333333580e-01 1.792274804465111664e-03
1.382666666666666766e-01 1.790281292182404043e-03
1.383999999999999952e-01 1.788296907326569979e-03
1.385333333333333417e-01 1.787006455606200608e-03
1.386666666666666881e-01 1.786439432672718959e-03
1.388000000000000067e-01 1.784952745962086178e-03
1.389333333333333254e-01 1.783405097258374374e-03
1.390666666666666718e-01 1.782062092623826416e-03
1.392000000000000182e-01 1.780586940163284915e-03
1.393333333333333368e-01 1.780823210919913651e-03
1.394666666666666555e-01 1.778527703236555593e-03
1.396000000000000019e-01 1.776935018166114766e-03
1.397333333333333483e-01 1.775750436975270189e-03
1.398666666666666669e-01 1.774401571387813469e-03
1.400000000000000133e-01 1.773899323729033603e-03
1.401333333333333320e-01 1.774278348135584172e-03
1.402666666666666784e-01 1.773767273274989755e-03
1.403999999999999970e-01 1.772436070732103615e-03
1.405333333333333434e-01 1.770994609932648352e-03
1.406666666666666898e-01 1.769288131983841111e-03
1.408000000000000085e-01 1.768284561721799892e-03
1.409333333333333271e-01 1.767134773688703881e-03
1.410666666666666735e-01 1.765440620581726046e-03
1.412000000000000199e-01 1.765006683921504019e-03
1.413333333333333386e-01 1.763549240441837987e-03
1.414666666666666572e-01 1.763394407638256643e-03
1.416000000000000036e-01 1.762779378729810225e-03
1.417333333333333500e-01 1.762436678283062783e-03
1.418666666666666687e-01 1.760142241087414702e-03
1.420000000000000151e-01 1.759217065067408912e-03
1.421333333333333337e-01 1.758436073875753979e-03
1.422666666666666802e-01 1.757473586813072808e-03
1.423999999999999988e-01 1.756896115836503996e-03
1.425333333333333452e-01 1.756074499903520535e-03
1.426666666666666916e-01 1.755888391137367223e-03
1.428000000000000103e-01 1.754993586825761209e-03
1.429333333333333289e-01 1.752541752981601805e-03
1.430666666666666753e-01 1.751588894193608368e-03
1.432000000000000217e-01 1.750764093417576115e-03
1.433333333333333404e-01 1.749990260441841583e-03
1.434666666666666590e-01 1.748933088202849796e-03
1.436000000000000054e-01 1.747742820479591648e-03
1.437333333333333518e-01 1.747743042725240616e-03
1.438666666666666705e-01 1.748621343189068643e-03
1.439999999999999891e-01 1.747695460827522907e-03
1.441333333333333355e-01 1.746066532803084315e-03
1.442666666666666819e-01 1.744771558211226370e-03
1.444000000000000006e-01 1.744473791323770907e-03
1.445333333333333470e-01 1.743651468803165483e-03
1.446666666666666656e-01 1.743410976383057229e-03
1.448000000000000120e-01 1.742977031613216106e-03
1.449333333333333307e-01 1.743194514207350087e-03
1.450666666666666771e-01 1.742228399677794946e-03
1.452000000000000235e-01 1.741626520579445028e-03
1.453333333333333421e-01 1.741229098359830651e-03
1.454666666666666608e-01 1.739969656637387974e-03
1.456000000000000072e-01 1.739303754584327301e-03
1.457333333333333536e-01 1.738728688559655405e-03
1.458666666666666722e-01 1.737608852645497037e-03
1.459999999999999909e-01 1.736777525898659802e-03
1.461333333333333373e-01 1.737303817707371587e-03
1.462666666666666837e-01 1.735471594466857616e-03
1.464000000000000024e-01 1.733945074090486975e-03
1.465333333333333488e-01 1.733328904880511792e-03
1.466666666666666674e-01 1.733113776086942642e-03
1.468000000000000138e-01 1.733757733146870953e-03
1.469333333333333325e-01 1.732482821305679314e-03
1.470666666666666789e-01 1.731743119559230569e-03
1.472000000000000253e-01 1.730796877489805801e-03
1.473333333333333439e-01 1.730321817385139117e-03
1.474666666666666626e-01 1.729007509285760552e-03
1.476000000000000090e-01 1.727343043481164089e-03
1.477333333333333554e-01 1.726281226374101405e-03
1.478666666666666740e-01 1.725918948912613963e-03
1.479999999999999927e-01 1.726657620978275893e-03
1.481333333333333391e-01 1.726877388421585186e-03
1.482666666666666855e-01 1.726373535534560287e-03
1.484000000000000041e-01 1.725289709894743543e-03
1.485333333333333228e-01 1.723495927423864937e-03
1.486666666666666692e-01 1.722702685678707390e-03
1.488000000000000156e-01 1.721539058025560497e-03
1.489333333333333342e-01 1.720379548252019483e-03
1.490666666666666806e-01 1.719348918026879008e-03
1.491999999999999993e-01 1.718386879453293308e-03
1.493333333333333457e-01 1.718151187288942394e-03
1.494666666666666643e-01 1.717544147302493655e-03
1.496000000000000107e-01 1.716074576798178172e-03
1.497333333333333572e-01 1.714856950892203148e-03
1.498666666666666758e-01 1.713882164422724690e-03
1.499999999999999944e-01 1.712647806533999827e-03
1.501333333333333409e-01 1.711523809027770942e-03
1.502666666666666873e-01 1.710187668762557216e-03
1.504000000000000059e-01 1.710049767196218824e-03
1.505333333333333246e-01 1.709983239011515430e-03
1.506666666666666710e-01 1.709263902110331242e-03
1.508000000000000174e-01 1.708160264846269498e-03
1.509333333333333360e-01 1.707879151932165237e-03
1.510666666666666824e-01 1.707085035562666423e-03
1.512000000000000011e-01 1.706382054822271283e-03
1.513333333333333475e-01 1.705063187875909209e-03
1.514666666666666661e-01 1.704971762936929132e-03
1.516000000000000125e-01 1.703536422697618947e-03
1.517333333333333589e-01 1.702543705416832741e-03
1.518666666666666776e-01 1.702127264052088898e-03
1.519999999999999962e-01 1.701192665929174676e-03
1.521333333333333426e-01 1.699055582539621455e-03
1.522666666666666890e-01 1.697386449685376122e-03
1.524000000000000077e-01 1.697143969833904940e-03
1.525333333333333263e-01 1.695919629150282595e-03
1.526666666666666727e-01 1.694683133953159542e-03
1.528000000000000191e-01 1.693241683336592666e-03
1.529333333333333378e-01 1.692396894951873334e-03
1.530666666666666564e-01 1.691812693826226727e-03
1.532000000000000028e-01 1.691239599194638548e-03
1.533333333333333492e-01 1.691585414003825586e-03
1.534666666666666679e-01 1.690633192050053140e-03
1.536000000000000143e-01 1.690149486161290644e-03
1.537333333333333329e-01 1.690269794559762706e-03
1.538666666666666794e-01 1.690258666750453932e-03
1.539999999999999980e-01 1.689593421285756365e-03
1.541333333333333444e-01 1.688545793459270573e-03
1.542666666666666908e-01 1.686790042762013843e-03
1.544000000000000095e-01 1.685362233148511059e-03
1.545333333333333281e-01 1.684670747986768751e-03
1.546666666666666745e-01 1.685160670182291390e-03
1.548000000000000209e-01 1.684338801520243040e-03
1.549333333333333396e-01 1.683244485215121093e-03
1.550666666666666582e-01 1.682918098753045065e-03
1.552000000000000046e-01 1.682531200770345575e-03
1.553333333333333510e-01 1.681052954354639089e-03
1.554666666666666697e-01 1.679105339581403976e-03
1.556000000000000161e-01 1.678687798099355154e-03
1.557333333333333347e-01 1.678647678333611845e-03
1.558666666666666811e-01 1.678478945539901325e-03
1.559999999999999998e-01 1.677899826689384973e-03
1.561333333333333462e-01 1.678086235096560132e-03
1.562666666666666926e-01 1.677648466324471559e-03
1.564000000000000112e-01 1.677065960154851829e-03
1.565333333333333299e-01 1.676716599918180424e-03
1.566666666666666763e-01 1.675801930603517190e-03
1.568000000000000227e-01 1.674181961636378880e-03
1.569333333333333413e-01 1.674693983643735793e-03
1.570666666666666600e-01 1.674132556825201883e-03
1.572000000000000064e-01 1.673276380928447656e-03
1.573333333333333528e-01 1.673004209946250560e-03
1.574666666666666714e-01 1.673024151204124260e-03
1.575999999999999901e-01 1.672481701842161612e-03
1.577333333333333365e-01 1.672035921237858234e-03
1.578666666666666829e-01 1.672016636138267190e-03
1.580000000000000016e-01 1.670990460200677064e-03
1.581333333333333480e-01 1.670122406068935217e-03
1.582666666666666666e-01 1.670119660757319159e-03
1.584000000000000130e-01 1.669941469848155481e-03
1.585333333333333317e-01 1.669260007780200847e-03
1.586666666666666781e-01 1.669056071075342151e-03
1.588000000000000245e-01 1.668290586017031132e-03
1.589333333333333431e-01 1.667375371104581764e-03
1.590666666666666618e-01 1.666427066339211307e-03
1.592000000000000082e-01 1.667049676998286732e-03
1.593333333333333546e-01 1.666994175985925903e-03
1.594666666666666732e-01 1.667349487762580153e-03
1.595999999999999919e-01 1.667159931113450320e-03
1.597333333333333383e-01 1.667118992331015521e-03
1.598666666666666847e-01 1.666719076588711167e-03
1.600000000000000033e-01 1.665969782986204736e-03
1.601333333333333497e-01 1.665263658340240772e-03
1.602666666666666684e-01 1.664521958171263005e-03
1.604000000000000148e-01 1.663473428849014191e-03
1.605333333333333334e-01 1.663857388647413654e-03
1.606666666666666798e-01 1.663733563845123942e-03
1.607999999999999985e-01 1.663659266267629531e-03
1.609333333333333449e-01 1.662830042881728457e-03
1.610666666666666635e-01 1.663258718499322246e-03
1.612000000000000099e-01 1.663159423791094223e-03
1.613333333333333564e-01 1.663086456760277856e-03
1.614666666666666750e-01 1.662316280236673114e-03
1.615999999999999936e-01 1.662061881353728982e-03
1.617333333333333401e-01 1.661144103065396093e-03
1.618666666666666865e-01 1.659271808712941372e-03
1.620000000000000051e-01 1.659745333691078472e-03
1.621333333333333238e-01 1.659794518850712637e-03
1.622666666666666702e-01 1.659074988924796401e-03
1.624000000000000166e-01 1.659358043605639382e-03
1.625333333333333352e-01 1.659503795577841560e-03
1.626666666666666816e-01 1.659132894324966958e-03
1.628000000000000003e-01 1.657924463830912120e-03
1.629333333333333467e-01 1.658730494944853952e-03
1.630666666666666653e-01 1.658427542245231000e-03
1.632000000000000117e-01 1.658267715856162269e-03
1.633333333333333581e-01 1.658836100410350728e-03
1.634666666666666768e-01 1.658026842397270157e-03
1.635999999999999954e-01 1.658281334654097133e-03
1.637333333333333418e-01 1.658246257167732361e-03
1.638666666666666882e-01 1.657424094165366700e-03
1.640000000000000069e-01 1.656660633564088683e-03
1.641333333333333255e-01 1.656414357218987179e-03
1.642666666666666719e-01 1.656867244327963912e-03
1.644000000000000183e-01 1.657741543755927123e-03
1.645333333333333370e-01 1.657784412358766744e-03
1.646666666666666834e-01 1.657290906715188023e-03
1.648000000000000020e-01 1.657951293559933696e-03
1.649333333333333484e-01 1.657767257850406269e-03
1.650666666666666671e-01 1.657730239722737375e-03
1.652000000000000135e-01 1.657716699032657113e-03
1.653333333333333321e-01 1.657965145603103752e-03
1.654666666666666786e-01 1.656275192229626119e-03
1.655999999999999972e-01 1.655649643876342357e-03
1.657333333333333436e-01 1.655076839496926952e-03
1.658666666666666900e-01 1.654563885409667196e-03
1.660000000000000087e-01 1.654417252602817176e-03
1.661333333333333273e-01 1.654721223366717973e-03
1.662666666666666737e-01 1.655130406240406214e-03
1.664000000000000201e-01 1.655725744237920675e-03
1.665333333333333388e-01 1.656402981280240836e-03
