0.000000000000000000e+00 1.228424368066212803e-03
1.333333333333333397e-04 2.113937497718042756e-03
2.666666666666666794e-04 4.885643479796105901e-03
4.000000000000000192e-04 1.012056095403567925e-02
5.333333333333333589e-04 1.828719000871109612e-02
6.666666666666666444e-04 3.027541514662405314e-02
8.000000000000000383e-04 3.336120073328512764e-02
9.333333333333333239e-04 5.584240475770129580e-02
1.066666666666666718e-03 9.087919416355719204e-02
1.200000000000000112e-03 1.154659459246859948e-01
1.333333333333333289e-03 1.295755981998698569e-01
1.466666666666666683e-03 2.260831453631688415e-01
1.600000000000000077e-03 2.669231626097219312e-01
1.733333333333333471e-03 3.424347646289559455e-01
1.866666666666666648e-03 4.124771999137272216e-01
2.000000000000000042e-03 5.959324350072174870e-01
2.133333333333333436e-03 8.587053255132929275e-01
2.266666666666666829e-03 9.999999999999996669e-01
2.400000000000000223e-03 9.255279763442006979e-01
2.533333333333333184e-03 6.200934819135834886e-01
2.666666666666666578e-03 6.546920862293126309e-01
2.800000000000000405e-03 5.974549876105930135e-01
2.933333333333333365e-03 5.201339885750525527e-01
3.066666666666666759e-03 6.159746528077212346e-01
3.200000000000000153e-03 5.574582263427858564e-01
3.333333333333333547e-03 8.034791166729624567e-01
3.466666666666666941e-03 9.748139543531961770e-01
3.600000000000000335e-03 8.663438870994173424e-01
3.733333333333333295e-03 4.973735987624094967e-01
3.866666666666667123e-03 2.487563458870248601e-01
4.000000000000000083e-03 1.013400442078138952e-01
4.133333333333333477e-03 9.168083596191491103e-02
4.266666666666666871e-03 1.188091517527579966e-01
4.400000000000000265e-03 1.797602102463589646e-01
4.533333333333333659e-03 2.897331692216180699e-01
4.666666666666667053e-03 3.631483516159825231e-01
4.800000000000000447e-03 4.352978824564086024e-01
4.933333333333333841e-03 4.635185748419509699e-01
5.066666666666666367e-03 4.892560401242672108e-01
5.200000000000000629e-03 5.151562471302282287e-01
5.333333333333333155e-03 4.254242439987327429e-01
5.466666666666667417e-03 4.295708033258902048e-01
5.600000000000000810e-03 3.883678482244779517e-01
5.733333333333333337e-03 3.624621334452876598e-01
5.866666666666666731e-03 3.782558539525831542e-01
6.000000000000000992e-03 3.524347656651557470e-01
6.133333333333333519e-03 3.502553461496015208e-01
6.266666666666666913e-03 3.561515324603081734e-01
6.400000000000000307e-03 3.370680407996979877e-01
6.533333333333332833e-03 3.240068887383406038e-01
6.666666666666667095e-03 3.188313513075599070e-01
6.800000000000000488e-03 3.429450662972589603e-01
6.933333333333333882e-03 3.732099805777515100e-01
7.066666666666666409e-03 3.936216524486625956e-01
7.200000000000000670e-03 3.973495823857898790e-01
7.333333333333334064e-03 4.524303929813857095e-01
7.466666666666666591e-03 4.395192269885085379e-01
7.599999999999999985e-03 4.413020346814557349e-01
7.733333333333334246e-03 4.437621157381284043e-01
7.866666666666665905e-03 4.648870121255238019e-01
8.000000000000000167e-03 5.044459149205874349e-01
8.133333333333334428e-03 4.497160500988406917e-01
8.266666666666666954e-03 4.981932585488988430e-01
8.399999999999999481e-03 4.946114400446914861e-01
8.533333333333333742e-03 5.595971259240066775e-01
8.666666666666668004e-03 6.139084750874231888e-01
8.800000000000000530e-03 6.524336682966673795e-01
8.933333333333333057e-03 6.721053747046339399e-01
9.066666666666667318e-03 6.998411864390718939e-01
9.200000000000001579e-03 6.937886883949264671e-01
9.333333333333334106e-03 7.259995431699927115e-01
9.466666666666666632e-03 6.493949882225130699e-01
9.600000000000000894e-03 6.402800269956202550e-01
9.733333333333333420e-03 6.490039281193922260e-01
9.866666666666667682e-03 6.465942227767185191e-01
1.000000000000000021e-02 6.114624512145200308e-01
1.013333333333333273e-02 6.544801713007182276e-01
1.026666666666666700e-02 7.043850106242300901e-01
1.040000000000000126e-02 6.685569053086758418e-01
1.053333333333333378e-02 6.708487762771031537e-01
1.066666666666666631e-02 6.486332140963808612e-01
1.079999999999999884e-02 6.499239408756113390e-01
1.093333333333333483e-02 6.112705576559397391e-01
1.106666666666666736e-02 6.173197443780122917e-01
1.120000000000000162e-02 6.288910534171447964e-01
1.133333333333333415e-02 5.722518552969305672e-01
1.146666666666666667e-02 5.112297915606046628e-01
1.160000000000000094e-02 4.569782809759407871e-01
1.173333333333333346e-02 4.171805034852793526e-01
1.186666666666666599e-02 3.856947221374992796e-01
1.200000000000000198e-02 3.858609881171741196e-01
1.213333333333333451e-02 3.807543698780471719e-01
1.226666666666666704e-02 3.476261605036539692e-01
1.240000000000000130e-02 3.519948802186105286e-01
1.253333333333333383e-02 3.350048727340211308e-01
1.266666666666666635e-02 3.458888240387240076e-01
1.280000000000000061e-02 3.292516020220906392e-01
1.293333333333333314e-02 3.486831213929942330e-01
1.306666666666666567e-02 3.405740495938947010e-01
1.320000000000000166e-02 3.506364858088490410e-01
1.333333333333333419e-02 3.932972992097104048e-01
1.346666666666666845e-02 3.779651441981289328e-01
1.360000000000000098e-02 4.277491004177005895e-01
1.373333333333333350e-02 4.434160177504080091e-01
1.386666666666666776e-02 4.364573091549797668e-01
1.400000000000000029e-02 4.330252837396074139e-01
1.413333333333333282e-02 4.425936840695432473e-01
1.426666666666666881e-02 4.504822675139226740e-01
1.440000000000000134e-02 4.357331449797401945e-01
1.453333333333333387e-02 4.290795680635927645e-01
1.466666666666666813e-02 4.322162872228238473e-01
1.480000000000000066e-02 4.312797375837874592e-01
1.493333333333333318e-02 4.233466395451645492e-01
1.506666666666666744e-02 4.115531068840324047e-01
1.519999999999999997e-02 3.884741179872099326e-01
1.533333333333333250e-02 3.624832157541587607e-01
1.546666666666666849e-02 3.428213841414229912e-01
1.560000000000000102e-02 3.506318611648999162e-01
1.573333333333333181e-02 3.232508178311885305e-01
1.586666666666666781e-02 3.175577913108750816e-01
1.600000000000000033e-02 3.099703439196908605e-01
1.613333333333333633e-02 2.933356413651522221e-01
1.626666666666666886e-02 2.929379204006797299e-01
1.640000000000000138e-02 2.766670338442518418e-01
1.653333333333333391e-02 2.600778101908809981e-01
1.666666666666666644e-02 2.518497904077169891e-01
1.679999999999999896e-02 2.396001814709559918e-01
1.693333333333333496e-02 2.262789659357895555e-01
1.706666666666666748e-02 2.196231033713247349e-01
1.720000000000000001e-02 2.165441562716024504e-01
1.733333333333333601e-02 2.092696149784745163e-01
1.746666666666666853e-02 2.012513837687315010e-01
1.760000000000000106e-02 1.924785650695380046e-01
1.773333333333333359e-02 1.846592088543849430e-01
1.786666666666666611e-02 1.786583687680639021e-01
1.799999999999999864e-02 1.699695627879478921e-01
1.813333333333333464e-02 1.657754624629961537e-01
1.826666666666666716e-02 1.620791107739182890e-01
1.840000000000000316e-02 1.579261354126046679e-01
1.853333333333333569e-02 1.539082802314034049e-01
1.866666666666666821e-02 1.481883634314836995e-01
1.880000000000000074e-02 1.447428860867662204e-01
1.893333333333333326e-02 1.410953914528304820e-01
1.906666666666666579e-02 1.361006994300913708e-01
1.920000000000000179e-02 1.321199800009592029e-01
1.933333333333333431e-02 1.295060634108402831e-01
1.946666666666666684e-02 1.264149876052415855e-01
1.960000000000000284e-02 1.239261046608247235e-01
1.973333333333333536e-02 1.198477748496941803e-01
1.986666666666666789e-02 1.167015386534685784e-01
2.000000000000000042e-02 1.135444663738285759e-01
2.013333333333333294e-02 1.111885683944590919e-01
2.026666666666666547e-02 1.093259766578421888e-01
2.040000000000000147e-02 1.057923839064854460e-01
2.053333333333333399e-02 1.027277019067422692e-01
2.066666666666666652e-02 1.010008244023264112e-01
2.080000000000000251e-02 9.827821243646650551e-02
2.093333333333333504e-02 9.564041347110427416e-02
2.106666666666666757e-02 9.391333064066931247e-02
2.120000000000000009e-02 9.118035383476277844e-02
2.133333333333333262e-02 8.894436990031129309e-02
2.146666666666666515e-02 8.791754347770407152e-02
2.159999999999999767e-02 8.639595962811513763e-02
2.173333333333333714e-02 8.498973843293639030e-02
2.186666666666666967e-02 8.275639915037608096e-02
2.200000000000000219e-02 8.079776152114921672e-02
2.213333333333333472e-02 7.976946546868404764e-02
2.226666666666666725e-02 7.908146114749216304e-02
2.240000000000000324e-02 7.714252073442420810e-02
2.253333333333333577e-02 7.598566744757639935e-02
2.266666666666666829e-02 7.451638831007374730e-02
2.280000000000000082e-02 7.318621334156298619e-02
2.293333333333333335e-02 7.145079156008764254e-02
2.306666666666666587e-02 7.003917131149678399e-02
2.320000000000000187e-02 6.886791679133628941e-02
2.333333333333333440e-02 6.800313330875194795e-02
2.346666666666666692e-02 6.692466533522607730e-02
2.359999999999999945e-02 6.590750268704612114e-02
2.373333333333333198e-02 6.464298929140967209e-02
2.386666666666666450e-02 6.336827185099960791e-02
2.400000000000000397e-02 6.227263655050661179e-02
2.413333333333333650e-02 6.107276408858136607e-02
2.426666666666666902e-02 6.004566298381890099e-02
2.440000000000000155e-02 5.935669155591455359e-02
2.453333333333333408e-02 5.887542077677298397e-02
2.466666666666667007e-02 5.777590885129799819e-02
2.480000000000000260e-02 5.662599470627906889e-02
2.493333333333333512e-02 5.623665165502306218e-02
2.506666666666666765e-02 5.553803160411265039e-02
2.520000000000000018e-02 5.437526400959410977e-02
2.533333333333333270e-02 5.362147310304094666e-02
2.546666666666666870e-02 5.285173349222776346e-02
2.560000000000000123e-02 5.219983847550997008e-02
2.573333333333333375e-02 5.155249770120041986e-02
2.586666666666666628e-02 5.086803225307318793e-02
2.599999999999999881e-02 4.995471826003701488e-02
2.613333333333333133e-02 4.915400841365572676e-02
2.626666666666667080e-02 4.838013269327616495e-02
2.640000000000000333e-02 4.785087640667248787e-02
2.653333333333333585e-02 4.710384917536340060e-02
2.666666666666666838e-02 4.628586776429646082e-02
2.680000000000000090e-02 4.603205762911839749e-02
2.693333333333333690e-02 4.540142345919637862e-02
2.706666666666666943e-02 4.464566964407461896e-02
2.720000000000000195e-02 4.423994273241695085e-02
2.733333333333333448e-02 4.345563878970242627e-02
2.746666666666666701e-02 4.300424689304967185e-02
2.759999999999999953e-02 4.231360573123311292e-02
2.773333333333333553e-02 4.186566365724943284e-02
2.786666666666666806e-02 4.166645451165851277e-02
2.800000000000000058e-02 4.102546128678304094e-02
2.813333333333333311e-02 4.042230886654207822e-02
2.826666666666666564e-02 3.990115607351885085e-02
2.839999999999999816e-02 3.930206725833415571e-02
2.853333333333333763e-02 3.888793219433154397e-02
2.866666666666667015e-02 3.836945961517954778e-02
2.880000000000000268e-02 3.805250851249723093e-02
2.893333333333333521e-02 3.763788975345051108e-02
2.906666666666666773e-02 3.725954475621221645e-02
2.920000000000000026e-02 3.685531471438056178e-02
2.933333333333333626e-02 3.641513478180174318e-02
2.946666666666666878e-02 3.584170060100626276e-02
2.960000000000000131e-02 3.544529425910399045e-02
2.973333333333333384e-02 3.526190839919347148e-02
2.986666666666666636e-02 3.481558312284437073e-02
3.000000000000000236e-02 3.445830206187119188e-02
3.013333333333333489e-02 3.405714870937678190e-02
3.026666666666666741e-02 3.368132605823589976e-02
3.039999999999999994e-02 3.342407013873392035e-02
3.053333333333333247e-02 3.299994008939825807e-02
3.066666666666666499e-02 3.263464939943046955e-02
3.080000000000000446e-02 3.234362988307542403e-02
3.093333333333333698e-02 3.178592248613080345e-02
3.106666666666666951e-02 3.161922150698958517e-02
3.120000000000000204e-02 3.119190105063849097e-02
3.133333333333333109e-02 3.086784858169874801e-02
3.146666666666666362e-02 3.056207679609502029e-02
3.160000000000000309e-02 3.035062971463196868e-02
3.173333333333333561e-02 2.997708532423383129e-02
3.186666666666666814e-02 2.975260684135384512e-02
3.200000000000000067e-02 2.946810136268925018e-02
3.213333333333333319e-02 2.918869661827730444e-02
3.226666666666667266e-02 2.893735681067474350e-02
3.240000000000000518e-02 2.859884800746586783e-02
3.253333333333333771e-02 2.833570900645032697e-02
3.266666666666667024e-02 2.803986733032299769e-02
3.280000000000000276e-02 2.788560626757197874e-02
3.293333333333333529e-02 2.759833979485684305e-02
3.306666666666666782e-02 2.734801928265747847e-02
3.320000000000000034e-02 2.707389505688544487e-02
3.333333333333333287e-02 2.679276175073407734e-02
3.346666666666666540e-02 2.655688646648281248e-02
3.359999999999999792e-02 2.629275371644985287e-02
3.373333333333333045e-02 2.609911121225510014e-02
3.386666666666666992e-02 2.580393883566287766e-02
3.400000000000000244e-02 2.556539695783173471e-02
3.413333333333333497e-02 2.534922348770607750e-02
3.426666666666666750e-02 2.513705296603159500e-02
3.440000000000000002e-02 2.491714853226249457e-02
3.453333333333333949e-02 2.477507730276213432e-02
3.466666666666667201e-02 2.459154463884017511e-02
3.480000000000000454e-02 2.431626475770204063e-02
3.493333333333333707e-02 2.411941984908898967e-02
3.506666666666666959e-02 2.391229807371320071e-02
3.520000000000000212e-02 2.366061679804443152e-02
3.533333333333333465e-02 2.342986200581613151e-02
3.546666666666666717e-02 2.325935507408419603e-02
3.559999999999999970e-02 2.306372322842660874e-02
3.573333333333333223e-02 2.287220794465649049e-02
3.586666666666666475e-02 2.264088862286378276e-02
3.599999999999999728e-02 2.247450830811045797e-02
3.613333333333333675e-02 2.226074032551758966e-02
3.626666666666666927e-02 2.207341097859859616e-02
3.640000000000000180e-02 2.191205597010488504e-02
3.653333333333333433e-02 2.168993748833479909e-02
3.666666666666666685e-02 2.150733406514488202e-02
3.680000000000000632e-02 2.133815263804913001e-02
3.693333333333333884e-02 2.120256253010088451e-02
3.706666666666667137e-02 2.102208647519247797e-02
3.720000000000000390e-02 2.093719098028898676e-02
3.733333333333333642e-02 2.076496249065155550e-02
3.746666666666666895e-02 2.061989316442999418e-02
3.760000000000000148e-02 2.044512146087651069e-02
3.773333333333333400e-02 2.033964659764579685e-02
3.786666666666666653e-02 2.017341531806696522e-02
3.799999999999999906e-02 1.996933743248694576e-02
3.813333333333333158e-02 1.981930359612953108e-02
3.826666666666666411e-02 1.968214756612195193e-02
3.840000000000000357e-02 1.952564979486116556e-02
3.853333333333333610e-02 1.940031626827453184e-02
3.866666666666666863e-02 1.921531480762105060e-02
3.880000000000000115e-02 1.906285133435519155e-02
3.893333333333333368e-02 1.889269857120363938e-02
3.906666666666667315e-02 1.875510960341650671e-02
3.920000000000000567e-02 1.865311029180091382e-02
3.933333333333333820e-02 1.854071747991529670e-02
3.946666666666667073e-02 1.839288305671492665e-02
3.960000000000000325e-02 1.826155484635012122e-02
3.973333333333333578e-02 1.811216109003072408e-02
3.986666666666666831e-02 1.798794711272612770e-02
4.000000000000000083e-02 1.785245668748545317e-02
4.013333333333333336e-02 1.771704912450404457e-02
4.026666666666666589e-02 1.758675936478935886e-02
4.039999999999999841e-02 1.744206978717811538e-02
4.053333333333333094e-02 1.735809540791656558e-02
4.066666666666667040e-02 1.722151574584712685e-02
4.080000000000000293e-02 1.709884138178325089e-02
4.093333333333333546e-02 1.695684277830021569e-02
4.106666666666666798e-02 1.685088236982211149e-02
4.120000000000000051e-02 1.672323165946975471e-02
4.133333333333333304e-02 1.660250175261947930e-02
4.146666666666667250e-02 1.649811682115533834e-02
4.160000000000000503e-02 1.639555688052710472e-02
4.173333333333333756e-02 1.630020868247710267e-02
4.186666666666667008e-02 1.617293051233182136e-02
4.200000000000000261e-02 1.605981654611532763e-02
4.213333333333333514e-02 1.596883672835897744e-02
4.226666666666666766e-02 1.585953853006271536e-02
4.240000000000000019e-02 1.575349155237399171e-02
4.253333333333333965e-02 1.567434089552962109e-02
4.266666666666666524e-02 1.553506585843900285e-02
4.280000000000000471e-02 1.545251753489198555e-02
4.293333333333333030e-02 1.535078585040635518e-02
4.306666666666666976e-02 1.523738031691871178e-02
4.319999999999999535e-02 1.511794800224332790e-02
4.333333333333333481e-02 1.503446344382500417e-02
4.346666666666667428e-02 1.495923129289742325e-02
4.359999999999999987e-02 1.484184200383352123e-02
4.373333333333333933e-02 1.477367327917359328e-02
4.386666666666666492e-02 1.467560207728545174e-02
4.400000000000000439e-02 1.458037238179497527e-02
4.413333333333333691e-02 1.449122699488726747e-02
4.426666666666666944e-02 1.441764460620403171e-02
4.440000000000000197e-02 1.432892326069178622e-02
4.453333333333333449e-02 1.422955455191850412e-02
4.466666666666666702e-02 1.413503457978122942e-02
4.480000000000000648e-02 1.404105438134404214e-02
4.493333333333333207e-02 1.396003993899403058e-02
4.506666666666667154e-02 1.388611620447747011e-02
4.519999999999999712e-02 1.379845014116826835e-02
4.533333333333333659e-02 1.370658173554209491e-02
4.546666666666666218e-02 1.361659821828099109e-02
4.560000000000000164e-02 1.354467459460989044e-02
4.573333333333334111e-02 1.346508221636031830e-02
4.586666666666666670e-02 1.336729624773646749e-02
4.600000000000000616e-02 1.329110591254411590e-02
4.613333333333333175e-02 1.323760470865729608e-02
4.626666666666667121e-02 1.316021671345384871e-02
4.640000000000000374e-02 1.307589863964451690e-02
4.653333333333333627e-02 1.299271132369928146e-02
4.666666666666666879e-02 1.290596708572924051e-02
4.680000000000000132e-02 1.281712481161921893e-02
4.693333333333333385e-02 1.273261668646778234e-02
4.706666666666667331e-02 1.266953577246943304e-02
4.719999999999999890e-02 1.258723218611709944e-02
4.733333333333333837e-02 1.250483354101228350e-02
4.746666666666666395e-02 1.243639634142708859e-02
4.760000000000000342e-02 1.235831711683765648e-02
4.773333333333332901e-02 1.228296307114296222e-02
4.786666666666666847e-02 1.220210578077076183e-02
4.800000000000000794e-02 1.212419476398586896e-02
4.813333333333333353e-02 1.204958530750939449e-02
4.826666666666667299e-02 1.197399177839529247e-02
4.839999999999999858e-02 1.190078141570730802e-02
4.853333333333333804e-02 1.184738686505854705e-02
4.866666666666667057e-02 1.177579919292458775e-02
4.880000000000000310e-02 1.171430404665093489e-02
4.893333333333333562e-02 1.164464191668170001e-02
4.906666666666666815e-02 1.158024870091267644e-02
4.920000000000000068e-02 1.151395394569549972e-02
4.933333333333334014e-02 1.144895419553072606e-02
4.946666666666666573e-02 1.139574522327965571e-02
4.960000000000000520e-02 1.133731532160555527e-02
4.973333333333333078e-02 1.126600130501259969e-02
4.986666666666667025e-02 1.117507101687480013e-02
4.999999999999999584e-02 1.112407714486661307e-02
5.013333333333333530e-02 1.106000277616011641e-02
5.026666666666667477e-02 1.099605306120062659e-02
5.040000000000000036e-02 1.093154810480219917e-02
5.053333333333333982e-02 1.088027709885501688e-02
5.066666666666666541e-02 1.083046806850267683e-02
5.080000000000000487e-02 1.076492097602922866e-02
5.093333333333333740e-02 1.069752853936401828e-02
5.106666666666666993e-02 1.063261672930748691e-02
5.120000000000000245e-02 1.059469999720311605e-02
5.133333333333333498e-02 1.053079808437861961e-02
5.146666666666666751e-02 1.047304601676810575e-02
5.160000000000000697e-02 1.043149539745620406e-02
5.173333333333333256e-02 1.038026614642294232e-02
5.186666666666667203e-02 1.033112280403101352e-02
5.199999999999999761e-02 1.026733823996383438e-02
5.213333333333333708e-02 1.022456581149511386e-02
5.226666666666666267e-02 1.016815394291407763e-02
5.240000000000000213e-02 1.012501770103909488e-02
5.253333333333334160e-02 1.007098475354925408e-02
5.266666666666666718e-02 1.001961660390936898e-02
5.280000000000000665e-02 9.975192055132487898e-03
5.293333333333333224e-02 9.927783728157869858e-03
5.306666666666667170e-02 9.873081720431746075e-03
5.320000000000000423e-02 9.832768993251955053e-03
5.333333333333333676e-02 9.775207143390526182e-03
5.346666666666666928e-02 9.726373246733125214e-03
5.360000000000000181e-02 9.686806539653425308e-03
5.373333333333333434e-02 9.639464639835041218e-03
5.386666666666667380e-02 9.590150977000173882e-03
5.399999999999999939e-02 9.535100447924743650e-03
5.413333333333333885e-02 9.488839025016354220e-03
5.426666666666666444e-02 9.448234829848169147e-03
5.440000000000000391e-02 9.407531244575637747e-03
5.453333333333332950e-02 9.359811103189921017e-03
5.466666666666666896e-02 9.315356026924195842e-03
5.480000000000000843e-02 9.283686802646773026e-03
5.493333333333333401e-02 9.234990072906002628e-03
5.506666666666667348e-02 9.180514418258643727e-03
5.519999999999999907e-02 9.134310147859692891e-03
5.533333333333333853e-02 9.100292124375764305e-03
5.546666666666667106e-02 9.049538126811956101e-03
5.560000000000000359e-02 9.001680677398369787e-03
5.573333333333333611e-02 8.959654837608117470e-03
5.586666666666666864e-02 8.909034300142821758e-03
5.600000000000000117e-02 8.865076554647017062e-03
5.613333333333334063e-02 8.830830030729477573e-03
5.626666666666666622e-02 8.789117498378740123e-03
5.640000000000000568e-02 8.741314132623910146e-03
5.653333333333333127e-02 8.701173959467733976e-03
5.666666666666667074e-02 8.657842512763535420e-03
5.679999999999999633e-02 8.618340089059196157e-03
5.693333333333333579e-02 8.581991099913552010e-03
5.706666666666667526e-02 8.540937028312311011e-03
5.720000000000000084e-02 8.497648184210074285e-03
5.733333333333334031e-02 8.471119355820523264e-03
5.746666666666666590e-02 8.435563118831711921e-03
5.760000000000000536e-02 8.389624177274330671e-03
5.773333333333333789e-02 8.345446037315464374e-03
5.786666666666667042e-02 8.302145476175795333e-03
5.800000000000000294e-02 8.262155329801214310e-03
5.813333333333333547e-02 8.221970247870901208e-03
5.826666666666666800e-02 8.186085433846738979e-03
5.840000000000000052e-02 8.151952871168297726e-03
5.853333333333333305e-02 8.120579782102498381e-03
5.866666666666667251e-02 8.076210121743384804e-03
5.879999999999999810e-02 8.042499239324008356e-03
5.893333333333333757e-02 8.012781042397779802e-03
5.906666666666666315e-02 7.974452723293126710e-03
5.920000000000000262e-02 7.939969107590632430e-03
5.933333333333334209e-02 7.898965836421738274e-03
5.946666666666666767e-02 7.869477505801312014e-03
5.960000000000000714e-02 7.836534642644136725e-03
5.973333333333333273e-02 7.802298473182623338e-03
5.986666666666667219e-02 7.766053745713760031e-03
6.000000000000000472e-02 7.732890195682662858e-03
6.013333333333333725e-02 7.700338437847583858e-03
6.026666666666666977e-02 7.679313652810581745e-03
6.040000000000000230e-02 7.650496513573244381e-03
6.053333333333333482e-02 7.616865588751480301e-03
6.066666666666666735e-02 7.589520499132195418e-03
6.079999999999999988e-02 7.550431201453442279e-03
6.093333333333333934e-02 7.515023120396033436e-03
6.106666666666666493e-02 7.483924599174887095e-03
6.120000000000000440e-02 7.453100455139044338e-03
6.133333333333332998e-02 7.413117529022726117e-03
6.146666666666666945e-02 7.378991948898089986e-03
6.160000000000000892e-02 7.357954066827382053e-03
6.173333333333333450e-02 7.321149505250889623e-03
6.186666666666667397e-02 7.294593679376826754e-03
6.199999999999999956e-02 7.268275941654778714e-03
6.213333333333333902e-02 7.235387579885925111e-03
6.226666666666667155e-02 7.211744835759268182e-03
6.240000000000000407e-02 7.187298365774690001e-03
6.253333333333334354e-02 7.158631409076386849e-03
6.266666666666666219e-02 7.127529606655445132e-03
6.280000000000000859e-02 7.097662469337268944e-03
6.293333333333332724e-02 7.070241804149723051e-03
6.306666666666667365e-02 7.039141410510329350e-03
6.320000000000000617e-02 7.017633744368202177e-03
6.333333333333333870e-02 6.987532517133782269e-03
6.346666666666667123e-02 6.959122083465611036e-03
6.360000000000000375e-02 6.924042297388612044e-03
6.373333333333333628e-02 6.894524534174576065e-03
6.386666666666666881e-02 6.872068791383245667e-03
6.400000000000000133e-02 6.842930746728789586e-03
6.413333333333333386e-02 6.818354568579479934e-03
6.426666666666666639e-02 6.782949351696536400e-03
6.439999999999999891e-02 6.756445177067181909e-03
6.453333333333334532e-02 6.730745842263385556e-03
6.466666666666666397e-02 6.707727742405292758e-03
6.480000000000001037e-02 6.689253062508388262e-03
6.493333333333332902e-02 6.667985306035955663e-03
6.506666666666667542e-02 6.641916787003661338e-03
6.519999999999999407e-02 6.616136998289462272e-03
6.533333333333334048e-02 6.591971306446770158e-03
6.546666666666667300e-02 6.575186131213332091e-03
6.560000000000000553e-02 6.559833808531615948e-03
6.573333333333333806e-02 6.534897558088059721e-03
6.586666666666667058e-02 6.514266540420384985e-03
6.600000000000000311e-02 6.487542792905851008e-03
6.613333333333333564e-02 6.466330290606010778e-03
6.626666666666666816e-02 6.441115053978665149e-03
6.640000000000000069e-02 6.425264264741668667e-03
6.653333333333333321e-02 6.411566424928392439e-03
6.666666666666666574e-02 6.374250458600874865e-03
6.680000000000001215e-02 6.359761446750724322e-03
6.693333333333333079e-02 6.334484442206805496e-03
6.706666666666667720e-02 6.312822463412083931e-03
6.719999999999999585e-02 6.294031010668878386e-03
6.733333333333334225e-02 6.273575066990577133e-03
6.746666666666666090e-02 6.254097193612483813e-03
6.760000000000000731e-02 6.230353337457012093e-03
6.773333333333333983e-02 6.206446705774903809e-03
6.786666666666667236e-02 6.181113931629858560e-03
6.800000000000000488e-02 6.158845577816523392e-03
6.813333333333333741e-02 6.135010982443870817e-03
6.826666666666666994e-02 6.113913222179153013e-03
6.840000000000000246e-02 6.087593774609801299e-03
6.853333333333333499e-02 6.069716784134031318e-03
6.866666666666666752e-02 6.049637895276771191e-03
6.880000000000000004e-02 6.027384498079518815e-03
6.893333333333333257e-02 6.013696051382223795e-03
6.906666666666667898e-02 5.994464937937344674e-03
6.919999999999999762e-02 5.976342095784221639e-03
6.933333333333334403e-02 5.955760489064363707e-03
6.946666666666666268e-02 5.937549328904665087e-03
6.960000000000000908e-02 5.919546244039713273e-03
6.973333333333332773e-02 5.896359935033544837e-03
6.986666666666667413e-02 5.872750867586657396e-03
7.000000000000000666e-02 5.852870501296223750e-03
7.013333333333333919e-02 5.830727338180311838e-03
7.026666666666667171e-02 5.806466975684833852e-03
7.040000000000000424e-02 5.786631028235301663e-03
7.053333333333333677e-02 5.763884484783210471e-03
7.066666666666666929e-02 5.745223591209206414e-03
7.080000000000000182e-02 5.727788417036299741e-03
7.093333333333333435e-02 5.709386203766543891e-03
7.106666666666666687e-02 5.689142524886867808e-03
7.119999999999999940e-02 5.670130244808132755e-03
7.133333333333334580e-02 5.649043791267882239e-03
7.146666666666666445e-02 5.626854152762627778e-03
7.160000000000001086e-02 5.609246671769839432e-03
7.173333333333332951e-02 5.589840721829026672e-03
7.186666666666667591e-02 5.576180560276730418e-03
7.199999999999999456e-02 5.562104192122428216e-03
7.213333333333334096e-02 5.540860652602383474e-03
7.226666666666667349e-02 5.522274832164259135e-03
7.240000000000000602e-02 5.496977586030661611e-03
7.253333333333333854e-02 5.476988401855447698e-03
7.266666666666667107e-02 5.455697419677245016e-03
7.280000000000000360e-02 5.432019089592646406e-03
7.293333333333333612e-02 5.411400781805204147e-03
7.306666666666666865e-02 5.392358170258021964e-03
7.320000000000000118e-02 5.380304038046797299e-03
7.333333333333333370e-02 5.365306080672834106e-03
7.346666666666666623e-02 5.350069415310304208e-03
7.360000000000001263e-02 5.340401912255880908e-03
7.373333333333333128e-02 5.324119027020663905e-03
7.386666666666667769e-02 5.304494656394141174e-03
7.399999999999999634e-02 5.289740813659918328e-03
7.413333333333334274e-02 5.271522565065975621e-03
7.426666666666666139e-02 5.259141385426309087e-03
7.440000000000000779e-02 5.243494864324832645e-03
7.453333333333334032e-02 5.225641809680359705e-03
7.466666666666667285e-02 5.207730973461023420e-03
7.480000000000000537e-02 5.190010857367052463e-03
7.493333333333333790e-02 5.172931089148061733e-03
7.506666666666667043e-02 5.159145874589664109e-03
7.520000000000000295e-02 5.147928320646207034e-03
7.533333333333333548e-02 5.131624661214230498e-03
7.546666666666666801e-02 5.118650479083434145e-03
7.560000000000000053e-02 5.101251070157057470e-03
7.573333333333333306e-02 5.085656945696025860e-03
7.586666666666667946e-02 5.068111123026984577e-03
7.599999999999999811e-02 5.051353373107540269e-03
7.613333333333334452e-02 5.038263983213863047e-03
7.626666666666666317e-02 5.025712040812181647e-03
7.640000000000000957e-02 5.011299417610639954e-03
7.653333333333332822e-02 4.994257514836515643e-03
7.666666666666667462e-02 4.982275510468964393e-03
7.680000000000000715e-02 4.964999810048538118e-03
7.693333333333333968e-02 4.949679266620040513e-03
7.706666666666667220e-02 4.937001607577038917e-03
7.720000000000000473e-02 4.920688493691471703e-03
7.733333333333333726e-02 4.911206358347377371e-03
7.746666666666666978e-02 4.897199459876464683e-03
7.760000000000000231e-02 4.883896407066825110e-03
7.773333333333333484e-02 4.873303499308939517e-03
7.786666666666666736e-02 4.858567500597514230e-03
7.799999999999999989e-02 4.846492196804496298e-03
7.813333333333334629e-02 4.834917442468288779e-03
7.826666666666666494e-02 4.823031664274808096e-03
7.840000000000001135e-02 4.809417837694671301e-03
7.853333333333333000e-02 4.796600780479888006e-03
7.866666666666667640e-02 4.785459284027517371e-03
7.879999999999999505e-02 4.773221273404370558e-03
7.893333333333334145e-02 4.759946531931118219e-03
7.906666666666667398e-02 4.747526540817926209e-03
7.920000000000000651e-02 4.733038478880751201e-03
7.933333333333333903e-02 4.722427148666701741e-03
7.946666666666667156e-02 4.707102383137551534e-03
7.960000000000000409e-02 4.694933669337320037e-03
7.973333333333333661e-02 4.683370236973540685e-03
7.986666666666666914e-02 4.670670368459422725e-03
8.000000000000000167e-02 4.660239514174966541e-03
8.013333333333333419e-02 4.644245365915569516e-03
8.026666666666666672e-02 4.629093095281495290e-03
8.039999999999999925e-02 4.613482225500730415e-03
8.053333333333333177e-02 4.601419755945970573e-03
8.066666666666667818e-02 4.587971642490337558e-03
8.079999999999999682e-02 4.573130415149753020e-03
8.093333333333334323e-02 4.561441556977619688e-03
8.106666666666666188e-02 4.549344549853748775e-03
8.120000000000000828e-02 4.535759067056792729e-03
8.133333333333334081e-02 4.526254915609321389e-03
8.146666666666667334e-02 4.514189848191037420e-03
8.160000000000000586e-02 4.503662441068385230e-03
8.173333333333333839e-02 4.489637414604313002e-03
8.186666666666667092e-02 4.476282169542135370e-03
8.200000000000000344e-02 4.463482973523858269e-03
8.213333333333333597e-02 4.450491212389513090e-03
8.226666666666666849e-02 4.440181056956316909e-03
8.240000000000000102e-02 4.427336771961097941e-03
8.253333333333333355e-02 4.416081415483711324e-03
8.266666666666666607e-02 4.402944938657131838e-03
8.279999999999999860e-02 4.391002640784237056e-03
8.293333333333334501e-02 4.376940495878871122e-03
8.306666666666666365e-02 4.368132558970900213e-03
8.320000000000001006e-02 4.359563194101328219e-03
8.333333333333332871e-02 4.345909691985875949e-03
8.346666666666667511e-02 4.329821501179226782e-03
8.360000000000000764e-02 4.320568701440943848e-03
8.373333333333334016e-02 4.305579261221104993e-03
8.386666666666665881e-02 4.298756696005675768e-03
8.400000000000000522e-02 4.284586381198174539e-03
8.413333333333333774e-02 4.273684732636527650e-03
8.426666666666667027e-02 4.264480066903340687e-03
8.440000000000001668e-02 4.254391252545841606e-03
8.453333333333333532e-02 4.242025916771670693e-03
8.466666666666666785e-02 4.231530358806855595e-03
8.480000000000000038e-02 4.220516027068586633e-03
8.493333333333334678e-02 4.212210168764090462e-03
8.506666666666667931e-02 4.203348228575333120e-03
8.519999999999999796e-02 4.192908896642707529e-03
8.533333333333333048e-02 4.179449415225377530e-03
8.546666666666667689e-02 4.169780443931724381e-03
8.560000000000000941e-02 4.159994380238440752e-03
8.573333333333334194e-02 4.151890173225773230e-03
8.586666666666666059e-02 4.141000735618846802e-03
8.600000000000000699e-02 4.130732462510314576e-03
8.613333333333333952e-02 4.118156170327513799e-03
8.626666666666667205e-02 4.107621428233947103e-03
8.639999999999999070e-02 4.095570504831133260e-03
8.653333333333333710e-02 4.086667008890878909e-03
8.666666666666666963e-02 4.078156312731557112e-03
8.680000000000000215e-02 4.066068310888504116e-03
8.693333333333334856e-02 4.054578089423485632e-03
8.706666666666666721e-02 4.045196505535895298e-03
8.719999999999999973e-02 4.035732909595552732e-03
8.733333333333333226e-02 4.027526526505820735e-03
8.746666666666667866e-02 4.016128594939764006e-03
8.760000000000001119e-02 4.005335448377942038e-03
8.773333333333332984e-02 3.994856674159150134e-03
8.786666666666666237e-02 3.983982078316379918e-03
8.800000000000000877e-02 3.976564115090553547e-03
8.813333333333334130e-02 3.967332536142794720e-03
8.826666666666667382e-02 3.956772640210140871e-03
8.839999999999999247e-02 3.948412514729408504e-03
8.853333333333333888e-02 3.941897338431228984e-03
8.866666666666667140e-02 3.933898635852203264e-03
8.880000000000000393e-02 3.927267676112948525e-03
8.893333333333335033e-02 3.916156401062994945e-03
8.906666666666666898e-02 3.905820556458056234e-03
8.920000000000000151e-02 3.898648020679009937e-03
8.933333333333333404e-02 3.885416101891119283e-03
8.946666666666668044e-02 3.875465453260427268e-03
8.960000000000001297e-02 3.863453605397191779e-03
8.973333333333333162e-02 3.853958517578731820e-03
8.986666666666666414e-02 3.845924785584454823e-03
9.000000000000001055e-02 3.834697777944657236e-03
9.013333333333334307e-02 3.826292716623015504e-03
9.026666666666667560e-02 3.820125450813761925e-03
9.039999999999999425e-02 3.810696240895564916e-03
9.053333333333334065e-02 3.803511696768180350e-03
9.066666666666667318e-02 3.795730285090513894e-03
9.080000000000000571e-02 3.789672819597472795e-03
9.093333333333332436e-02 3.780271169884893891e-03
9.106666666666667076e-02 3.772041005809723645e-03
9.120000000000000329e-02 3.762860205982467010e-03
9.133333333333333581e-02 3.754812306193679953e-03
9.146666666666668222e-02 3.748579474830517066e-03
9.160000000000000087e-02 3.740141926601976783e-03
9.173333333333333339e-02 3.730898790967583385e-03
9.186666666666666592e-02 3.719733858037326760e-03
9.200000000000001232e-02 3.712946377609745510e-03
9.213333333333334485e-02 3.700839480758724969e-03
9.226666666666666350e-02 3.691575891137585923e-03
9.239999999999999603e-02 3.686598379796263147e-03
9.253333333333334243e-02 3.680777658978291299e-03
9.266666666666667496e-02 3.673393683696731232e-03
9.280000000000000748e-02 3.665441757079575865e-03
9.293333333333332613e-02 3.656617161917522386e-03
9.306666666666667254e-02 3.647851337619396547e-03
9.320000000000000506e-02 3.639491813331082078e-03
9.333333333333333759e-02 3.630125586498790177e-03
9.346666666666668399e-02 3.624498472323100639e-03
9.360000000000000264e-02 3.617900663412827560e-03
9.373333333333333517e-02 3.610761266861212907e-03
9.386666666666666770e-02 3.603730868999894914e-03
9.400000000000001410e-02 3.595580712018674619e-03
9.413333333333334663e-02 3.587869690089857694e-03
9.426666666666666528e-02 3.580219827896344732e-03
9.439999999999999780e-02 3.573041728137857191e-03
9.453333333333334421e-02 3.568028282650086494e-03
9.466666666666667673e-02 3.562262213579072464e-03
9.479999999999999538e-02 3.554138529805124340e-03
9.493333333333332791e-02 3.546896097659621178e-03
9.506666666666667431e-02 3.542281629418071037e-03
9.520000000000000684e-02 3.537616672828985606e-03
9.533333333333333937e-02 3.530507644861460240e-03
9.546666666666665801e-02 3.520021970678911729e-03
9.560000000000000442e-02 3.513552590400886248e-03
9.573333333333333695e-02 3.505523874026610174e-03
9.586666666666666947e-02 3.497870523632673392e-03
9.600000000000001588e-02 3.492196597652035429e-03
9.613333333333333452e-02 3.484027651389041882e-03
9.626666666666666705e-02 3.474978822802099118e-03
9.639999999999999958e-02 3.470859249478534369e-03
9.653333333333334598e-02 3.461527099205656110e-03
9.666666666666667851e-02 3.454798348917568259e-03
9.679999999999999716e-02 3.447102867516655799e-03
9.693333333333332968e-02 3.439873018640088580e-03
9.706666666666667609e-02 3.433514420348937873e-03
9.720000000000000862e-02 3.426080072885348115e-03
9.733333333333334114e-02 3.420135165812055421e-03
9.746666666666665979e-02 3.415100790711043423e-03
9.760000000000000620e-02 3.407618880844396833e-03
9.773333333333333872e-02 3.399330761388838582e-03
9.786666666666667125e-02 3.391713188203943942e-03
9.800000000000001765e-02 3.385909061463702931e-03
9.813333333333333630e-02 3.377649249790020628e-03
9.826666666666666883e-02 3.370951076269185047e-03
9.840000000000000135e-02 3.361548529021245440e-03
9.853333333333334776e-02 3.355282555476676171e-03
9.866666666666668029e-02 3.350570719342809475e-03
9.879999999999999893e-02 3.341903460184579479e-03
9.893333333333333146e-02 3.336672200524869875e-03
9.906666666666667787e-02 3.329789976325910408e-03
9.920000000000001039e-02 3.322208813595033030e-03
9.933333333333332904e-02 3.313711333412891914e-03
9.946666666666666157e-02 3.307695253095383012e-03
9.960000000000000797e-02 3.299603533949328239e-03
9.973333333333334050e-02 3.293012754355967124e-03
9.986666666666667302e-02 3.287321478093056196e-03
9.999999999999999167e-02 3.280690760540304514e-03
1.001333333333333381e-01 3.274793916908420519e-03
1.002666666666666706e-01 3.266762979083093557e-03
1.004000000000000031e-01 3.261543568672794612e-03
1.005333333333333495e-01 3.255660049555579756e-03
1.006666666666666682e-01 3.250421777744326272e-03
1.008000000000000007e-01 3.245502460247255173e-03
1.009333333333333332e-01 3.241298537219576646e-03
1.010666666666666796e-01 3.236209345662116859e-03
1.012000000000000122e-01 3.227670644018475459e-03
1.013333333333333308e-01 3.222564533634085515e-03
1.014666666666666633e-01 3.215707411912858797e-03
1.016000000000000097e-01 3.208666040724321260e-03
1.017333333333333423e-01 3.203364828051127444e-03
1.018666666666666748e-01 3.196786373114532398e-03
1.019999999999999934e-01 3.191511659332440815e-03
1.021333333333333399e-01 3.187718224307753336e-03
1.022666666666666724e-01 3.184863136005809496e-03
1.024000000000000049e-01 3.179759331171707563e-03
1.025333333333333513e-01 3.175305027422012372e-03
1.026666666666666700e-01 3.169506417030949590e-03
1.028000000000000025e-01 3.163603110128861400e-03
1.029333333333333350e-01 3.158268428411560667e-03
1.030666666666666814e-01 3.151440686275211716e-03
1.032000000000000139e-01 3.147009537692364682e-03
1.033333333333333326e-01 3.142580438270906832e-03
1.034666666666666651e-01 3.135497701551168397e-03
1.036000000000000115e-01 3.129421343935657584e-03
1.037333333333333441e-01 3.125831185609329477e-03
1.038666666666666627e-01 3.119118085241906566e-03
1.039999999999999952e-01 3.111730317032684445e-03
1.041333333333333416e-01 3.105847166019519000e-03
1.042666666666666742e-01 3.099208151159724926e-03
1.044000000000000067e-01 3.095578363097977771e-03
1.045333333333333253e-01 3.090604177602422186e-03
1.046666666666666717e-01 3.085409721980424992e-03
1.048000000000000043e-01 3.082029403234605447e-03
1.049333333333333368e-01 3.079616318200407727e-03
1.050666666666666832e-01 3.075847084965407149e-03
1.052000000000000018e-01 3.068137454890865288e-03
1.053333333333333344e-01 3.065134764694027458e-03
1.054666666666666669e-01 3.061170395118196184e-03
1.056000000000000133e-01 3.055852754506098185e-03
1.057333333333333458e-01 3.052246548115013225e-03
1.058666666666666645e-01 3.046903199149641767e-03
1.059999999999999970e-01 3.042112519353679014e-03
1.061333333333333434e-01 3.036536571680469292e-03
1.062666666666666759e-01 3.032512695685047558e-03
1.064000000000000085e-01 3.029628849515842576e-03
1.065333333333333271e-01 3.025181377858168850e-03
1.066666666666666735e-01 3.020578461279735654e-03
1.068000000000000060e-01 3.012843368698267087e-03
1.069333333333333386e-01 3.008563482721479231e-03
1.070666666666666850e-01 3.005006526015506930e-03
1.072000000000000036e-01 2.999341029501847132e-03
1.073333333333333361e-01 2.994074410554404056e-03
1.074666666666666687e-01 2.990081923700088108e-03
1.076000000000000151e-01 2.987462078960166287e-03
1.077333333333333476e-01 2.982357044810636255e-03
1.078666666666666663e-01 2.979673376320728442e-03
1.079999999999999988e-01 2.974925389817257692e-03
1.081333333333333452e-01 2.970130307154053573e-03
1.082666666666666777e-01 2.965643064701662442e-03
1.083999999999999964e-01 2.960911474341977687e-03
1.085333333333333289e-01 2.955597172567848378e-03
1.086666666666666753e-01 2.951622039923709837e-03
1.088000000000000078e-01 2.948470398505853227e-03
1.089333333333333403e-01 2.945443053639650293e-03
1.090666666666666590e-01 2.941313258029938649e-03
1.092000000000000054e-01 2.935798396106914510e-03
1.093333333333333379e-01 2.931304641943245984e-03
1.094666666666666704e-01 2.927554094843063705e-03
1.096000000000000169e-01 2.922547449007214821e-03
1.097333333333333355e-01 2.917824001341268094e-03
1.098666666666666680e-01 2.913594020137259301e-03
1.100000000000000006e-01 2.909720738627169598e-03
1.101333333333333470e-01 2.908097248665050035e-03
1.102666666666666795e-01 2.903937895154959804e-03
1.103999999999999981e-01 2.898957541657223597e-03
1.105333333333333307e-01 2.894950712969295015e-03
1.106666666666666771e-01 2.889256630358467449e-03
1.108000000000000096e-01 2.885541161670433698e-03
1.109333333333333421e-01 2.879950219865896801e-03
1.110666666666666608e-01 2.875271660024613513e-03
1.112000000000000072e-01 2.869240158914538111e-03
1.113333333333333397e-01 2.863329366597537878e-03
1.114666666666666722e-01 2.857142964072672403e-03
1.116000000000000186e-01 2.851796616312218032e-03
1.117333333333333373e-01 2.845612480268119512e-03
1.118666666666666698e-01 2.839590149526045101e-03
1.120000000000000023e-01 2.835704087941472770e-03
1.121333333333333487e-01 2.830306179585016877e-03
1.122666666666666813e-01 2.825111842608464281e-03
1.123999999999999999e-01 2.821067843203768112e-03
1.125333333333333324e-01 2.815970821626579378e-03
1.126666666666666788e-01 2.811111320997628903e-03
1.128000000000000114e-01 2.807614579550738506e-03
1.129333333333333300e-01 2.802973153495433214e-03
1.130666666666666625e-01 2.799055879119103848e-03
1.132000000000000089e-01 2.793881011639335558e-03
1.133333333333333415e-01 2.790718416186951413e-03
1.134666666666666740e-01 2.786259789319378653e-03
1.135999999999999927e-01 2.783182995112985867e-03
1.137333333333333391e-01 2.779107381963342310e-03
1.138666666666666716e-01 2.775991388381174232e-03
1.140000000000000041e-01 2.774012422231052384e-03
1.141333333333333505e-01 2.771981808268884732e-03
1.142666666666666692e-01 2.769581453728255614e-03
1.144000000000000017e-01 2.765057189708752198e-03
1.145333333333333342e-01 2.760829933019950163e-03
1.146666666666666806e-01 2.755940970605331910e-03
1.148000000000000131e-01 2.752032958541214460e-03
1.149333333333333318e-01 2.751471811336701073e-03
1.150666666666666643e-01 2.748859540515467652e-03
1.152000000000000107e-01 2.745319385708557946e-03
1.153333333333333433e-01 2.741828113665014006e-03
1.154666666666666758e-01 2.739140057826188867e-03
1.155999999999999944e-01 2.735543278965207707e-03
1.157333333333333408e-01 2.730690762165759785e-03
1.158666666666666734e-01 2.727334087420756926e-03
1.160000000000000059e-01 2.723346378273352499e-03
1.161333333333333523e-01 2.719917853179593462e-03
1.162666666666666709e-01 2.716969638650993269e-03
1.164000000000000035e-01 2.713417798774605139e-03
1.165333333333333360e-01 2.710622652513875169e-03
1.166666666666666824e-01 2.707471585351354116e-03
1.168000000000000010e-01 2.703897812114210326e-03
1.169333333333333336e-01 2.699681522653726070e-03
1.170666666666666661e-01 2.693495021040672854e-03
1.172000000000000125e-01 2.690534690005767868e-03
1.173333333333333450e-01 2.689100802778396099e-03
1.174666666666666637e-01 2.686508643275993882e-03
1.175999999999999962e-01 2.682921171918152894e-03
1.177333333333333426e-01 2.678915730815096402e-03
1.178666666666666751e-01 2.673115643009089330e-03
1.180000000000000077e-01 2.670062272523403540e-03
1.181333333333333263e-01 2.669140555057582329e-03
1.182666666666666727e-01 2.665386268403074129e-03
1.184000000000000052e-01 2.660887997126875661e-03
1.185333333333333378e-01 2.658529321265088504e-03
1.186666666666666842e-01 2.654347530226524188e-03
1.188000000000000028e-01 2.652089657618933102e-03
1.189333333333333353e-01 2.649969728398278174e-03
1.190666666666666679e-01 2.647531210105713920e-03
1.192000000000000143e-01 2.643994913716361458e-03
1.193333333333333468e-01 2.641349381413287106e-03
1.194666666666666655e-01 2.637241216906854261e-03
1.195999999999999980e-01 2.634233771353938335e-03
1.197333333333333444e-01 2.629839422938931841e-03
1.198666666666666769e-01 2.626295967762031815e-03
1.200000000000000094e-01 2.623429000712578906e-03
1.201333333333333281e-01 2.621496203513126125e-03
1.202666666666666745e-01 2.618361421811221841e-03
1.204000000000000070e-01 2.615691820083162686e-03
1.205333333333333395e-01 2.611895695887139941e-03
1.206666666666666859e-01 2.608158494855992299e-03
1.208000000000000046e-01 2.605647808219704702e-03
1.209333333333333371e-01 2.602684363639439814e-03
1.210666666666666696e-01 2.599899489299641736e-03
1.212000000000000161e-01 2.596889784312973303e-03
1.213333333333333347e-01 2.593605856054615778e-03
1.214666666666666672e-01 2.590142076319499470e-03
1.215999999999999998e-01 2.587433803678289811e-03
1.217333333333333462e-01 2.585577497793794394e-03
1.218666666666666787e-01 2.583959138048475684e-03
1.219999999999999973e-01 2.579054707082451513e-03
1.221333333333333299e-01 2.576544719147822078e-03
1.222666666666666763e-01 2.573894474863789965e-03
1.224000000000000088e-01 2.573764683063706378e-03
1.225333333333333413e-01 2.572353642171820373e-03
1.226666666666666600e-01 2.569868652110811422e-03
1.228000000000000064e-01 2.567367570797483584e-03
1.229333333333333389e-01 2.564054744692054622e-03
1.230666666666666714e-01 2.561571973470696748e-03
1.232000000000000178e-01 2.559586003118455994e-03
1.233333333333333365e-01 2.556812990995968333e-03
1.234666666666666690e-01 2.555241746733285212e-03
1.236000000000000015e-01 2.551454313584150708e-03
1.237333333333333479e-01 2.549921168894069435e-03
1.238666666666666805e-01 2.545387465198985320e-03
1.239999999999999991e-01 2.542362546412978500e-03
1.241333333333333316e-01 2.540575702251922623e-03
1.242666666666666780e-01 2.538118612464776176e-03
1.244000000000000106e-01 2.535486328756363702e-03
1.245333333333333431e-01 2.533535237543530372e-03
1.246666666666666617e-01 2.530779713359613495e-03
1.248000000000000081e-01 2.527349005281412375e-03
1.249333333333333407e-01 2.524730079308488799e-03
1.250666666666666871e-01 2.520679644862943054e-03
1.252000000000000057e-01 2.517706910789827435e-03
1.253333333333333244e-01 2.513551078067231218e-03
1.254666666666666708e-01 2.509758946104878423e-03
1.256000000000000172e-01 2.507477693655486492e-03
1.257333333333333358e-01 2.505374847483743655e-03
1.258666666666666545e-01 2.504763449294891784e-03
1.260000000000000009e-01 2.502784127336728486e-03
1.261333333333333473e-01 2.502198300580706775e-03
1.262666666666666659e-01 2.500185686416810365e-03
1.264000000000000123e-01 2.498604417730242513e-03
1.265333333333333310e-01 2.495245568639623771e-03
1.266666666666666774e-01 2.493129765808909954e-03
1.267999999999999960e-01 2.491670613670148200e-03
1.269333333333333425e-01 2.488684218167075239e-03
1.270666666666666889e-01 2.484921729418545274e-03
1.272000000000000075e-01 2.482974121780800927e-03
1.273333333333333262e-01 2.481371132463380553e-03
1.274666666666666726e-01 2.480097129370529598e-03
1.276000000000000190e-01 2.479276117702619662e-03
1.277333333333333376e-01 2.477482371809882396e-03
1.278666666666666563e-01 2.473572505019130084e-03
1.280000000000000027e-01 2.469691550832045761e-03
1.281333333333333491e-01 2.467407837442679025e-03
1.282666666666666677e-01 2.464656714847955968e-03
1.284000000000000141e-01 2.462858976020716566e-03
1.285333333333333328e-01 2.461143306003354871e-03
1.286666666666666792e-01 2.458060300042673625e-03
1.287999999999999978e-01 2.458138822418645675e-03
1.289333333333333442e-01 2.455407624292975117e-03
1.290666666666666906e-01 2.453773671293358379e-03
1.292000000000000093e-01 2.452500753382014145e-03
1.293333333333333279e-01 2.450353765995395752e-03
1.294666666666666743e-01 2.448813742321300987e-03
1.296000000000000207e-01 2.446739282844261759e-03
1.297333333333333394e-01 2.444784005405597170e-03
1.298666666666666580e-01 2.443021989625748618e-03
1.300000000000000044e-01 2.439992357984198043e-03
1.301333333333333508e-01 2.437551555096530848e-03
1.302666666666666695e-01 2.436743133482466728e-03
1.303999999999999881e-01 2.434560896629430100e-03
1.305333333333333345e-01 2.431570363127913241e-03
1.306666666666666810e-01 2.430085915923204266e-03
1.307999999999999996e-01 2.428157442891208748e-03
1.309333333333333460e-01 2.425963563641682537e-03
1.310666666666666647e-01 2.423975228405225377e-03
1.312000000000000111e-01 2.421354503560979067e-03
1.313333333333333297e-01 2.418654730115614784e-03
1.314666666666666761e-01 2.417766996794227900e-03
1.316000000000000225e-01 2.416687476585764605e-03
1.317333333333333412e-01 2.415984932647228904e-03
1.318666666666666598e-01 2.413579464980977231e-03
1.320000000000000062e-01 2.410081788806030158e-03
1.321333333333333526e-01 2.408036584588515733e-03
1.322666666666666713e-01 2.405967783734514961e-03
1.323999999999999899e-01 2.402869188821452583e-03
1.325333333333333363e-01 2.401669362204560555e-03
1.326666666666666827e-01 2.400571622928175837e-03
1.328000000000000014e-01 2.397560645441912126e-03
1.329333333333333478e-01 2.395506501185168391e-03
1.330666666666666664e-01 2.393104895673092182e-03
1.332000000000000128e-01 2.389844955655899376e-03
1.333333333333333315e-01 2.387644780524449291e-03
1.334666666666666779e-01 2.385691404709016847e-03
1.336000000000000243e-01 2.382228546980557325e-03
1.337333333333333429e-01 2.380240612601695546e-03
1.338666666666666616e-01 2.377199465530636154e-03
1.340000000000000080e-01 2.375245995141488532e-03
1.341333333333333544e-01 2.374216241590064100e-03
1.342666666666666730e-01 2.370889830246157137e-03
1.343999999999999917e-01 2.367431674350127958e-03
1.345333333333333381e-01 2.364415626021676691e-03
1.346666666666666845e-01 2.361103902027019297e-03
1.348000000000000032e-01 2.358556211499030462e-03
1.349333333333333218e-01 2.356311299386890101e-03
1.350666666666666682e-01 2.355117265953991356e-03
1.352000000000000146e-01 2.353718478210483234e-03
1.353333333333333333e-01 2.352087309822063071e-03
1.354666666666666797e-01 2.350868992308588045e-03
1.355999999999999983e-01 2.350175358250805244e-03
1.357333333333333447e-01 2.349699034878117120e-03
1.358666666666666634e-01 2.348702277128201284e-03
1.360000000000000098e-01 2.346094318238371810e-03
1.361333333333333562e-01 2.342081807717712356e-03
1.362666666666666748e-01 2.340184718461420926e-03
1.363999999999999935e-01 2.337576350291688514e-03
1.365333333333333399e-01 2.335266308231687040e-03
1.366666666666666863e-01 2.334523285365570824e-03
1.368000000000000049e-01 2.334149881694080365e-03
1.369333333333333236e-01 2.331896989582840987e-03
1.370666666666666700e-01 2.332524143050227795e-03
1.372000000000000164e-01 2.331289153808657061e-03
1.373333333333333350e-01 2.331974324921812659e-03
1.374666666666666814e-01 2.329443330910314393e-03
1.376000000000000001e-01 2.328630821451538237e-03
1.377333333333333465e-01 2.327104512464608053e-03
1.378666666666666651e-01 2.325342711383801466e-03
1.380000000000000115e-01 2.321571305188212513e-03
1.381333333333333580e-01 2.321275261660703335e-03
1.382666666666666766e-01 2.319391176544349092e-03
1.383999999999999952e-01 2.318432660429919998e-03
1.385333333333333417e-01 2.317542859648608934e-03
1.386666666666666881e-01 2.315671478554118690e-03
1.388000000000000067e-01 2.313809658223375115e-03
1.389333333333333254e-01 2.310971298231249797e-03
1.390666666666666718e-01 2.308782652623524341e-03
1.392000000000000182e-01 2.307599656897182071e-03
1.393333333333333368e-01 2.303802354100231969e-03
1.394666666666666555e-01 2.302080294251886063e-03
1.396000000000000019e-01 2.301215105909554248e-03
1.397333333333333483e-01 2.299606987688323102e-03
1.398666666666666669e-01 2.297217740229385869e-03
1.400000000000000133e-01 2.294966152801889911e-03
1.401333333333333320e-01 2.294117207464350851e-03
1.402666666666666784e-01 2.293410044005478581e-03
1.403999999999999970e-01 2.292073663400304249e-03
1.405333333333333434e-01 2.292653909780974046e-03
1.406666666666666898e-01 2.291206706476475469e-03
1.408000000000000085e-01 2.289796028497439843e-03
1.409333333333333271e-01 2.287402939582570613e-03
1.410666666666666735e-01 2.285639978537137504e-03
1.412000000000000199e-01 2.282747313196275239e-03
1.413333333333333386e-01 2.281360979154688825e-03
1.414666666666666572e-01 2.278786910371342206e-03
1.416000000000000036e-01 2.278556990614487732e-03
1.417333333333333500e-01 2.277645027077734603e-03
1.418666666666666687e-01 2.276268286176752562e-03
1.420000000000000151e-01 2.273159965517202504e-03
1.421333333333333337e-01 2.272021137063955608e-03
1.422666666666666802e-01 2.271610129836341627e-03
1.423999999999999988e-01 2.270545595418952539e-03
1.425333333333333452e-01 2.268063119279337993e-03
1.426666666666666916e-01 2.266260804216032720e-03
1.428000000000000103e-01 2.264853934444694631e-03
1.429333333333333289e-01 2.264201034596829715e-03
1.430666666666666753e-01 2.263687273028843362e-03
1.432000000000000217e-01 2.262218482893329358e-03
1.433333333333333404e-01 2.260998526262540664e-03
1.434666666666666590e-01 2.259521145269203363e-03
1.436000000000000054e-01 2.259424348538950633e-03
1.437333333333333518e-01 2.259096539911375524e-03
1.438666666666666705e-01 2.258267608988330250e-03
1.439999999999999891e-01 2.258405369199750420e-03
1.441333333333333355e-01 2.257790280301483384e-03
1.442666666666666819e-01 2.255533338216336552e-03
1.444000000000000006e-01 2.253782918452102314e-03
1.445333333333333470e-01 2.251678512909215113e-03
1.446666666666666656e-01 2.250364622127426755e-03
1.448000000000000120e-01 2.248971529778777921e-03
1.449333333333333307e-01 2.248451693685067556e-03
1.450666666666666771e-01 2.247787412108903215e-03
1.452000000000000235e-01 2.247695957634262762e-03
1.453333333333333421e-01 2.245810559639203029e-03
1.454666666666666608e-01 2.244731463626244410e-03
1.456000000000000072e-01 2.243525212184926867e-03
1.457333333333333536e-01 2.243092093022304619e-03
1.458666666666666722e-01 2.241242911784234980e-03
1.459999999999999909e-01 2.241449464343963412e-03
1.461333333333333373e-01 2.241010721807828229e-03
1.462666666666666837e-01 2.241317305951028016e-03
1.464000000000000024e-01 2.241318904979559129e-03
1.465333333333333488e-01 2.240201340049630205e-03
1.466666666666666674e-01 2.239448947737293812e-03
1.468000000000000138e-01 2.237181584655073465e-03
1.469333333333333325e-01 2.236807336064541591e-03
1.470666666666666789e-01 2.236564853152252317e-03
1.472000000000000253e-01 2.234010497406766198e-03
1.473333333333333439e-01 2.232992047809510740e-03
1.474666666666666626e-01 2.232575709473145695e-03
1.476000000000000090e-01 2.230449066874821452e-03
1.477333333333333554e-01 2.228616382189439055e-03
1.478666666666666740e-01 2.228610949626133597e-03
1.479999999999999927e-01 2.227973992945049813e-03
1.481333333333333391e-01 2.226402080837655735e-03
1.482666666666666855e-01 2.226082192611151308e-03
1.484000000000000041e-01 2.224590276850312021e-03
1.485333333333333228e-01 2.223320730332055666e-03
1.486666666666666692e-01 2.222327071110513814e-03
1.488000000000000156e-01 2.221781861914607324e-03
1.489333333333333342e-01 2.221830072990051228e-03
1.490666666666666806e-01 2.219328628523546156e-03
1.491999999999999993e-01 2.216598168753710837e-03
1.493333333333333457e-01 2.215068173959365734e-03
1.494666666666666643e-01 2.214799355700236561e-03
1.496000000000000107e-01 2.213594278433822157e-03
1.497333333333333572e-01 2.211352945363927094e-03
1.498666666666666758e-01 2.209254187805096033e-03
1.499999999999999944e-01 2.208076347046016279e-03
1.501333333333333409e-01 2.207846661100004455e-03
1.502666666666666873e-01 2.206825459077365464e-03
1.504000000000000059e-01 2.207295355296445220e-03
1.505333333333333246e-01 2.204723836178053460e-03
1.506666666666666710e-01 2.205079304052180549e-03
1.508000000000000174e-01 2.203870046269431129e-03
1.509333333333333360e-01 2.203787524615669936e-03
1.510666666666666824e-01 2.202161424361871386e-03
1.512000000000000011e-01 2.201283280766104435e-03
1.513333333333333475e-01 2.199433585324081942e-03
1.514666666666666661e-01 2.197939482727098194e-03
1.516000000000000125e-01 2.197002224607333149e-03
1.517333333333333589e-01 2.197207685490638711e-03
1.518666666666666776e-01 2.197040362198693277e-03
1.519999999999999962e-01 2.196574969017752940e-03
1.521333333333333426e-01 2.196015534682514789e-03
1.522666666666666890e-01 2.194933920685741228e-03
1.524000000000000077e-01 2.195285867111050442e-03
1.525333333333333263e-01 2.195009371095422556e-03
1.526666666666666727e-01 2.195009852444796544e-03
1.528000000000000191e-01 2.193936410177626736e-03
1.529333333333333378e-01 2.192767839965541980e-03
1.530666666666666564e-01 2.193373217033530234e-03
1.532000000000000028e-01 2.192382403253577763e-03
1.533333333333333492e-01 2.190362346087489781e-03
1.534666666666666679e-01 2.191016600076364958e-03
1.536000000000000143e-01 2.189577401442317599e-03
1.537333333333333329e-01 2.188810158887724826e-03
1.538666666666666794e-01 2.189511314764461779e-03
1.539999999999999980e-01 2.189119755890046523e-03
1.541333333333333444e-01 2.187599962278082878e-03
1.542666666666666908e-01 2.186808065850808901e-03
1.544000000000000095e-01 2.183900365402836798e-03
1.545333333333333281e-01 2.183689020889299781e-03
1.546666666666666745e-01 2.183532326003538582e-03
1.548000000000000209e-01 2.181788065919051511e-03
1.549333333333333396e-01 2.180449083707562685e-03
1.550666666666666582e-01 2.179144107508974425e-03
1.552000000000000046e-01 2.178703449851560666e-03
1.553333333333333510e-01 2.177446705214601975e-03
1.554666666666666697e-01 2.176694633831320180e-03
1.556000000000000161e-01 2.176421991848189082e-03
1.557333333333333347e-01 2.176157462353503751e-03
1.558666666666666811e-01 2.176003713301476617e-03
1.559999999999999998e-01 2.174190092607026538e-03
1.561333333333333462e-01 2.173165558471132092e-03
1.562666666666666926e-01 2.173113884039877715e-03
1.564000000000000112e-01 2.173275535021994710e-03
1.565333333333333299e-01 2.172153126499453725e-03
1.566666666666666763e-01 2.170635930679647250e-03
1.568000000000000227e-01 2.168814582852055927e-03
1.569333333333333413e-01 2.168834298901876033e-03
1.570666666666666600e-01 2.166617256334367383e-03
1.572000000000000064e-01 2.166068251993480062e-03
1.573333333333333528e-01 2.166394100185987416e-03
1.574666666666666714e-01 2.164258972244174992e-03
1.575999999999999901e-01 2.162645992351126117e-03
1.577333333333333365e-01 2.162286345814978025e-03
1.578666666666666829e-01 2.161503001242601890e-03
1.580000000000000016e-01 2.161557998206100825e-03
1.581333333333333480e-01 2.161396216039879019e-03
1.582666666666666666e-01 2.160614781376241425e-03
1.584000000000000130e-01 2.161356703576098118e-03
1.585333333333333317e-01 2.161281245276967713e-03
1.586666666666666781e-01 2.160574541535237834e-03
1.588000000000000245e-01 2.161178338780329888e-03
1.589333333333333431e-01 2.161841604280304464e-03
1.590666666666666618e-01 2.160876080803731270e-03
1.592000000000000082e-01 2.161240199621523340e-03
1.593333333333333546e-01 2.159934212794593651e-03
1.594666666666666732e-01 2.159522100674609365e-03
1.595999999999999919e-01 2.159686988524533568e-03
1.597333333333333383e-01 2.158404837183685709e-03
1.598666666666666847e-01 2.157937929098055398e-03
1.600000000000000033e-01 2.157731637411051430e-03
1.601333333333333497e-01 2.156826420811927547e-03
1.602666666666666684e-01 2.155935419931673952e-03
1.604000000000000148e-01 2.154787420186015778e-03
1.605333333333333334e-01 2.154723267286229923e-03
1.606666666666666798e-01 2.154371444134353403e-03
1.607999999999999985e-01 2.153127079419257968e-03
1.609333333333333449e-01 2.152934043690534274e-03
1.610666666666666635e-01 2.152783198779991292e-03
1.612000000000000099e-01 2.153013758801951890e-03
1.613333333333333564e-01 2.153796711826369906e-03
1.614666666666666750e-01 2.155011822753634832e-03
1.615999999999999936e-01 2.154945195228942078e-03
1.617333333333333401e-01 2.154692926294408950e-03
1.618666666666666865e-01 2.155330215896455667e-03
1.620000000000000051e-01 2.155282212774393275e-03
1.621333333333333238e-01 2.155893213620696525e-03
1.622666666666666702e-01 2.156304656920630253e-03
1.624000000000000166e-01 2.155588844475210195e-03
1.625333333333333352e-01 2.154381139780691280e-03
1.626666666666666816e-01 2.154906606796925042e-03
1.628000000000000003e-01 2.154883516773420729e-03
1.629333333333333467e-01 2.154499953234044907e-03
1.630666666666666653e-01 2.154377101715367320e-03
1.632000000000000117e-01 2.154884036409723900e-03
1.633333333333333581e-01 2.156138118588082648e-03
1.634666666666666768e-01 2.155360389869070449e-03
1.635999999999999954e-01 2.153638289105753480e-03
1.637333333333333418e-01 2.153441410951265067e-03
1.638666666666666882e-01 2.153461005511086990e-03
1.640000000000000069e-01 2.153443123239323371e-03
1.641333333333333255e-01 2.152422079422424556e-03
1.642666666666666719e-01 2.152514796287747882e-03
1.644000000000000183e-01 2.153643776301708470e-03
1.645333333333333370e-01 2.153589004277528009e-03
1.646666666666666834e-01 2.153126113343040247e-03
1.648000000000000020e-01 2.152582649955237307e-03
1.649333333333333484e-01 2.152160711597909688e-03
1.650666666666666671e-01 2.151672914424228051e-03
1.652000000000000135e-01 2.151620990263869958e-03
1.653333333333333321e-01 2.151853844422312468e-03
1.654666666666666786e-01 2.151751501168179363e-03
1.655999999999999972e-01 2.150548910985145782e-03
1.657333333333333436e-01 2.149846443545657629e-03
1.658666666666666900e-01 2.149634501629651539e-03
1.660000000000000087e-01 2.149570576367193075e-03
1.661333333333333273e-01 2.150136952035618283e-03
1.662666666666666737e-01 2.150663332507188590e-03
1.664000000000000201e-01 2.151396429694474744e-03
1.665333333333333388e-01 2.151439221925422265e-03
