0.000000000000000000e+00 9.018757217790874603e-04
1.333333333333333397e-04 1.646297943098111232e-03
2.666666666666666794e-04 3.988003679177905270e-03
4.000000000000000192e-04 8.526399362550774602e-03
5.333333333333333589e-04 1.314589958698668751e-02
6.666666666666666444e-04 2.684216721736695788e-02
8.000000000000000383e-04 2.548392473936381478e-02
9.333333333333333239e-04 3.768065888297060517e-02
1.066666666666666718e-03 6.930157825361740742e-02
1.200000000000000112e-03 7.695191371936541125e-02
1.333333333333333289e-03 1.000052964855061982e-01
1.466666666666666683e-03 1.419141783821974978e-01
1.600000000000000077e-03 1.876682957030116894e-01
1.733333333333333471e-03 2.801598133505749377e-01
1.866666666666666648e-03 3.650165419238027842e-01
2.000000000000000042e-03 4.100408354438777603e-01
2.133333333333333436e-03 5.421158820458062966e-01
2.266666666666666829e-03 7.423942013211065616e-01
2.400000000000000223e-03 7.668997364429051000e-01
2.533333333333333184e-03 4.112697909568502341e-01
2.666666666666666578e-03 5.832006056684655437e-01
2.800000000000000405e-03 4.483843427000552273e-01
2.933333333333333365e-03 3.654613634268352174e-01
3.066666666666666759e-03 4.178834316022851936e-01
3.200000000000000153e-03 3.614181104767145714e-01
3.333333333333333547e-03 5.263129034731744982e-01
3.466666666666666941e-03 9.999999999999997780e-01
3.600000000000000335e-03 6.999111567043726501e-01
3.733333333333333295e-03 5.812993983548183641e-01
3.866666666666667123e-03 2.634369161450596519e-01
4.000000000000000083e-03 1.015636503544673080e-01
4.133333333333333477e-03 5.489612568904981421e-02
4.266666666666666871e-03 6.867565644243349421e-02
4.400000000000000265e-03 1.267943511669463175e-01
4.533333333333333659e-03 2.045927167408096436e-01
4.666666666666667053e-03 3.011891558398201441e-01
4.800000000000000447e-03 3.443449037261199774e-01
4.933333333333333841e-03 3.906088225790886326e-01
5.066666666666666367e-03 4.167598371864416618e-01
5.200000000000000629e-03 3.816579107305005936e-01
5.333333333333333155e-03 3.961338252471517385e-01
5.466666666666667417e-03 3.556977858468961529e-01
5.600000000000000810e-03 3.309597517572433478e-01
5.733333333333333337e-03 3.343559586651665971e-01
5.866666666666666731e-03 3.017239587325916683e-01
6.000000000000000992e-03 2.975345759842256688e-01
6.133333333333333519e-03 2.766552993805296290e-01
6.266666666666666913e-03 2.726424619508548419e-01
6.400000000000000307e-03 2.652213397472849010e-01
6.533333333333332833e-03 2.477249723619379951e-01
6.666666666666667095e-03 2.378288075505036736e-01
6.800000000000000488e-03 2.430002496324805417e-01
6.933333333333333882e-03 2.698771114662338877e-01
7.066666666666666409e-03 2.841789548806778476e-01
7.200000000000000670e-03 3.024685114568747557e-01
7.333333333333334064e-03 3.301319335896129026e-01
7.466666666666666591e-03 3.450979803852972649e-01
7.599999999999999985e-03 3.499703115471146653e-01
7.733333333333334246e-03 3.637160435030354910e-01
7.866666666666665905e-03 3.577248785560195876e-01
8.000000000000000167e-03 3.687631724735972449e-01
8.133333333333334428e-03 3.811179101504708622e-01
8.266666666666666954e-03 3.816568506990822285e-01
8.399999999999999481e-03 4.291166257592253230e-01
8.533333333333333742e-03 4.624747720263161499e-01
8.666666666666668004e-03 4.220760551133453387e-01
8.800000000000000530e-03 4.365519057932676361e-01
8.933333333333333057e-03 5.256122798441758004e-01
9.066666666666667318e-03 4.962537030302670571e-01
9.200000000000001579e-03 5.953517490612044716e-01
9.333333333333334106e-03 5.740984530080893711e-01
9.466666666666666632e-03 5.825057416337751093e-01
9.600000000000000894e-03 5.258010360965347241e-01
9.733333333333333420e-03 5.004361214577923711e-01
9.866666666666667682e-03 4.888744800421344627e-01
1.000000000000000021e-02 4.982178303846830358e-01
1.013333333333333273e-02 5.414811307037138421e-01
1.026666666666666700e-02 4.888014119251462009e-01
1.040000000000000126e-02 5.672659471713523693e-01
1.053333333333333378e-02 5.600989666041561454e-01
1.066666666666666631e-02 5.574225965878613076e-01
1.079999999999999884e-02 5.615693529112465443e-01
1.093333333333333483e-02 5.511510397710303044e-01
1.106666666666666736e-02 5.223816152673853574e-01
1.120000000000000162e-02 5.042797993148416813e-01
1.133333333333333415e-02 4.860163403423167217e-01
1.146666666666666667e-02 4.294369740052798590e-01
1.160000000000000094e-02 4.035058463794414241e-01
1.173333333333333346e-02 3.565373447545783225e-01
1.186666666666666599e-02 3.423084939171097685e-01
1.200000000000000198e-02 3.105666931494966421e-01
1.213333333333333451e-02 2.794621565306485977e-01
1.226666666666666704e-02 2.730828422023380275e-01
1.240000000000000130e-02 2.540380501601320340e-01
1.253333333333333383e-02 2.618280021735332475e-01
1.266666666666666635e-02 2.520884657217737912e-01
1.280000000000000061e-02 2.609865997525468440e-01
1.293333333333333314e-02 2.629776575116791193e-01
1.306666666666666567e-02 2.605513189779964933e-01
1.320000000000000166e-02 2.535633828577016913e-01
1.333333333333333419e-02 2.672130183923345226e-01
1.346666666666666845e-02 2.927303340039255075e-01
1.360000000000000098e-02 3.212807225230060459e-01
1.373333333333333350e-02 3.331409695036633978e-01
1.386666666666666776e-02 3.332795743811304834e-01
1.400000000000000029e-02 3.537585800410725789e-01
1.413333333333333282e-02 3.734838974198338435e-01
1.426666666666666881e-02 3.551990062033555384e-01
1.440000000000000134e-02 3.412307283281164061e-01
1.453333333333333387e-02 3.612130726444198192e-01
1.466666666666666813e-02 3.527664469292571825e-01
1.480000000000000066e-02 3.668267429937292490e-01
1.493333333333333318e-02 3.472040119086213239e-01
1.506666666666666744e-02 3.379868564056234814e-01
1.519999999999999997e-02 3.263228775547895033e-01
1.533333333333333250e-02 3.129680894295911453e-01
1.546666666666666849e-02 2.970702237007994406e-01
1.560000000000000102e-02 3.062765019514033238e-01
1.573333333333333181e-02 2.859547367286231490e-01
1.586666666666666781e-02 2.767051469680305575e-01
1.600000000000000033e-02 2.542816527454633269e-01
1.613333333333333633e-02 2.417693124051623343e-01
1.626666666666666886e-02 2.354865606159762537e-01
1.640000000000000138e-02 2.225374890783391457e-01
1.653333333333333391e-02 2.128716781029285909e-01
1.666666666666666644e-02 2.084436512174040190e-01
1.679999999999999896e-02 1.961844872456593447e-01
1.693333333333333496e-02 1.882294616659299646e-01
1.706666666666666748e-02 1.799267760369451796e-01
1.720000000000000001e-02 1.716346336492817481e-01
1.733333333333333601e-02 1.632398172256007973e-01
1.746666666666666853e-02 1.565184305433792999e-01
1.760000000000000106e-02 1.513201527886972597e-01
1.773333333333333359e-02 1.469608926714912056e-01
1.786666666666666611e-02 1.390962820836139369e-01
1.799999999999999864e-02 1.345079213915683636e-01
1.813333333333333464e-02 1.306548479502718241e-01
1.826666666666666716e-02 1.250708056619292963e-01
1.840000000000000316e-02 1.232287638212155034e-01
1.853333333333333569e-02 1.185785437451101487e-01
1.866666666666666821e-02 1.152396672746314049e-01
1.880000000000000074e-02 1.119161363530224579e-01
1.893333333333333326e-02 1.089341222095816242e-01
1.906666666666666579e-02 1.052949011037487559e-01
1.920000000000000179e-02 1.027605283801075187e-01
1.933333333333333431e-02 1.006093854384013109e-01
1.946666666666666684e-02 9.741418299442523854e-02
1.960000000000000284e-02 9.457749483775336474e-02
1.973333333333333536e-02 9.176871400238439946e-02
1.986666666666666789e-02 8.915368745168604503e-02
2.000000000000000042e-02 8.690801903227557412e-02
2.013333333333333294e-02 8.504917421556319745e-02
2.026666666666666547e-02 8.302888147086813497e-02
2.040000000000000147e-02 8.126322227503916806e-02
2.053333333333333399e-02 7.891705398850687447e-02
2.066666666666666652e-02 7.724374931725146165e-02
2.080000000000000251e-02 7.601810977928470658e-02
2.093333333333333504e-02 7.328944518234581373e-02
2.106666666666666757e-02 7.215236336032321285e-02
2.120000000000000009e-02 7.016599214864814582e-02
2.133333333333333262e-02 6.906872584122072944e-02
2.146666666666666515e-02 6.701231620241442088e-02
2.159999999999999767e-02 6.516630882237992028e-02
2.173333333333333714e-02 6.409005348092636223e-02
2.186666666666666967e-02 6.305822827077231518e-02
2.200000000000000219e-02 6.199699709575024614e-02
2.213333333333333472e-02 6.101027933858627766e-02
2.226666666666666725e-02 6.021725595064194442e-02
2.240000000000000324e-02 5.881645200197790219e-02
2.253333333333333577e-02 5.802251924185060361e-02
2.266666666666666829e-02 5.655366285089143130e-02
2.280000000000000082e-02 5.558877592881961149e-02
2.293333333333333335e-02 5.444793093703543391e-02
2.306666666666666587e-02 5.357113633678696474e-02
2.320000000000000187e-02 5.277924770863343107e-02
2.333333333333333440e-02 5.183710815502080155e-02
2.346666666666666692e-02 5.078005762891166924e-02
2.359999999999999945e-02 5.027672132457506465e-02
2.373333333333333198e-02 4.922753279600975557e-02
2.386666666666666450e-02 4.850968728324243917e-02
2.400000000000000397e-02 4.766194830626233753e-02
2.413333333333333650e-02 4.709620941085955470e-02
2.426666666666666902e-02 4.604157088108762341e-02
2.440000000000000155e-02 4.536787697171267009e-02
2.453333333333333408e-02 4.462320576228591407e-02
2.466666666666667007e-02 4.358562922130215789e-02
2.480000000000000260e-02 4.290111921263112943e-02
2.493333333333333512e-02 4.219603578937668881e-02
2.506666666666666765e-02 4.186651622089878483e-02
2.520000000000000018e-02 4.108947024470788884e-02
2.533333333333333270e-02 4.066745763577303552e-02
2.546666666666666870e-02 4.028952411231762759e-02
2.560000000000000123e-02 3.981206823835115038e-02
2.573333333333333375e-02 3.936594822520191050e-02
2.586666666666666628e-02 3.872750693770677516e-02
2.599999999999999881e-02 3.815413340374291390e-02
2.613333333333333133e-02 3.750783589141232915e-02
2.626666666666667080e-02 3.700056866456936933e-02
2.640000000000000333e-02 3.658697846756803901e-02
2.653333333333333585e-02 3.620703878721062696e-02
2.666666666666666838e-02 3.567048507385903178e-02
2.680000000000000090e-02 3.505991955940775118e-02
2.693333333333333690e-02 3.465789173384117156e-02
2.706666666666666943e-02 3.429416115711120955e-02
2.720000000000000195e-02 3.388090391566637299e-02
2.733333333333333448e-02 3.340612305409364213e-02
2.746666666666666701e-02 3.305733147459026522e-02
2.759999999999999953e-02 3.281263697872324747e-02
2.773333333333333553e-02 3.222733264562154670e-02
2.786666666666666806e-02 3.193613366676614773e-02
2.800000000000000058e-02 3.153006095058637215e-02
2.813333333333333311e-02 3.109709655376148921e-02
2.826666666666666564e-02 3.068375230140310203e-02
2.839999999999999816e-02 3.047667875137557297e-02
2.853333333333333763e-02 3.009289808504551217e-02
2.866666666666667015e-02 2.957053606504077281e-02
2.880000000000000268e-02 2.927946140391931434e-02
2.893333333333333521e-02 2.896060157184087921e-02
2.906666666666666773e-02 2.868268960558542288e-02
2.920000000000000026e-02 2.844005777916981323e-02
2.933333333333333626e-02 2.801393788094792489e-02
2.946666666666666878e-02 2.769251940529264197e-02
2.960000000000000131e-02 2.740082845466287539e-02
2.973333333333333384e-02 2.715123552418139546e-02
2.986666666666666636e-02 2.695407391488037485e-02
3.000000000000000236e-02 2.659382469098582960e-02
3.013333333333333489e-02 2.625962971679748209e-02
3.026666666666666741e-02 2.595294665139213919e-02
3.039999999999999994e-02 2.572713685359945268e-02
3.053333333333333247e-02 2.552163600175855196e-02
3.066666666666666499e-02 2.531852735864196027e-02
3.080000000000000446e-02 2.502154320946892163e-02
3.093333333333333698e-02 2.472811597516537743e-02
3.106666666666666951e-02 2.456197783686744213e-02
3.120000000000000204e-02 2.427088065560824293e-02
3.133333333333333109e-02 2.399924670972062093e-02
3.146666666666666362e-02 2.389403463141911640e-02
3.160000000000000309e-02 2.362158531251812646e-02
3.173333333333333561e-02 2.332471195415235579e-02
3.186666666666666814e-02 2.318632019596211444e-02
3.200000000000000067e-02 2.289115688295643991e-02
3.213333333333333319e-02 2.268948004690758344e-02
3.226666666666667266e-02 2.251642709307308601e-02
3.240000000000000518e-02 2.231063881283226052e-02
3.253333333333333771e-02 2.213289641816673994e-02
3.266666666666667024e-02 2.192179436840467274e-02
3.280000000000000276e-02 2.173160493508456692e-02
3.293333333333333529e-02 2.153387723630252604e-02
3.306666666666666782e-02 2.137007750824464897e-02
3.320000000000000034e-02 2.118772240447536204e-02
3.333333333333333287e-02 2.091968327851104203e-02
3.346666666666666540e-02 2.072841364324925703e-02
3.359999999999999792e-02 2.061576431798386663e-02
3.373333333333333045e-02 2.036079945697408591e-02
3.386666666666666992e-02 2.024625613175751529e-02
3.400000000000000244e-02 2.001564050558155353e-02
3.413333333333333497e-02 1.983041019058584542e-02
3.426666666666666750e-02 1.972256707529052369e-02
3.440000000000000002e-02 1.951211379722106107e-02
3.453333333333333949e-02 1.937616374864716343e-02
3.466666666666667201e-02 1.920302654418771723e-02
3.480000000000000454e-02 1.904268494789555788e-02
3.493333333333333707e-02 1.886590864474561521e-02
3.506666666666666959e-02 1.867240216427737062e-02
3.520000000000000212e-02 1.851019498871639066e-02
3.533333333333333465e-02 1.839692607406758634e-02
3.546666666666666717e-02 1.821781147469197018e-02
3.559999999999999970e-02 1.807691166549727294e-02
3.573333333333333223e-02 1.794624458780810783e-02
3.586666666666666475e-02 1.778125756933220461e-02
3.599999999999999728e-02 1.762874557105079815e-02
3.613333333333333675e-02 1.747510002653242939e-02
3.626666666666666927e-02 1.730086410664258278e-02
3.640000000000000180e-02 1.715481353956476926e-02
3.653333333333333433e-02 1.704261474863235162e-02
3.666666666666666685e-02 1.690879025201247679e-02
3.680000000000000632e-02 1.674704967061294708e-02
3.693333333333333884e-02 1.662236159646408168e-02
3.706666666666667137e-02 1.645258968183806528e-02
3.720000000000000390e-02 1.634025464515989623e-02
3.733333333333333642e-02 1.620185524934429633e-02
3.746666666666666895e-02 1.608941662640177989e-02
3.760000000000000148e-02 1.593344075004412413e-02
3.773333333333333400e-02 1.583637195153613300e-02
3.786666666666666653e-02 1.569277136586644250e-02
3.799999999999999906e-02 1.559251768601034420e-02
3.813333333333333158e-02 1.546326942003670504e-02
3.826666666666666411e-02 1.538510596836718987e-02
3.840000000000000357e-02 1.524374187624948432e-02
3.853333333333333610e-02 1.513838609563837416e-02
3.866666666666666863e-02 1.504145937134564355e-02
3.880000000000000115e-02 1.493563019665089878e-02
3.893333333333333368e-02 1.481264749248900441e-02
3.906666666666667315e-02 1.474660685728266911e-02
3.920000000000000567e-02 1.465683075462076608e-02
3.933333333333333820e-02 1.454622826284846480e-02
3.946666666666667073e-02 1.442725990011983414e-02
3.960000000000000325e-02 1.435662286168368044e-02
3.973333333333333578e-02 1.424769685301313128e-02
3.986666666666666831e-02 1.413475680489560161e-02
4.000000000000000083e-02 1.404892189986582315e-02
4.013333333333333336e-02 1.394538551348444531e-02
4.026666666666666589e-02 1.386913719436662189e-02
4.039999999999999841e-02 1.376963881496454274e-02
4.053333333333333094e-02 1.368946009435344224e-02
4.066666666666667040e-02 1.359165910977504048e-02
4.080000000000000293e-02 1.351384114419574081e-02
4.093333333333333546e-02 1.339920044332995261e-02
4.106666666666666798e-02 1.331490062963183209e-02
4.120000000000000051e-02 1.319757937130281236e-02
4.133333333333333304e-02 1.310526466652997719e-02
4.146666666666667250e-02 1.300597918887437011e-02
4.160000000000000503e-02 1.292737691338616095e-02
4.173333333333333756e-02 1.281983410925220668e-02
4.186666666666667008e-02 1.275513427290926073e-02
4.200000000000000261e-02 1.266931062874540430e-02
4.213333333333333514e-02 1.257914302736731077e-02
4.226666666666666766e-02 1.250396364692672214e-02
4.240000000000000019e-02 1.242086092511273006e-02
4.253333333333333965e-02 1.232693630851796306e-02
4.266666666666666524e-02 1.225116739653653655e-02
4.280000000000000471e-02 1.217349006208260156e-02
4.293333333333333030e-02 1.211041993514670560e-02
4.306666666666666976e-02 1.202912649669372024e-02
4.319999999999999535e-02 1.193513182826369361e-02
4.333333333333333481e-02 1.185183473178693693e-02
4.346666666666667428e-02 1.176028767474439178e-02
4.359999999999999987e-02 1.167464719117868553e-02
4.373333333333333933e-02 1.160084182129510200e-02
4.386666666666666492e-02 1.151002869469361541e-02
4.400000000000000439e-02 1.143733266160214604e-02
4.413333333333333691e-02 1.135716610888214996e-02
4.426666666666666944e-02 1.128255377454004567e-02
4.440000000000000197e-02 1.120689697064042312e-02
4.453333333333333449e-02 1.114733920337641904e-02
4.466666666666666702e-02 1.109239146289969259e-02
4.480000000000000648e-02 1.102495761155955663e-02
4.493333333333333207e-02 1.092899373215103394e-02
4.506666666666667154e-02 1.086625512962723257e-02
4.519999999999999712e-02 1.079298130867104889e-02
4.533333333333333659e-02 1.071576433474200930e-02
4.546666666666666218e-02 1.065682512060416899e-02
4.560000000000000164e-02 1.059400520339390771e-02
4.573333333333334111e-02 1.052069580571031102e-02
4.586666666666666670e-02 1.046734247068590619e-02
4.600000000000000616e-02 1.041210892343075005e-02
4.613333333333333175e-02 1.035974551600820845e-02
4.626666666666667121e-02 1.029671731053006384e-02
4.640000000000000374e-02 1.024305811684983296e-02
4.653333333333333627e-02 1.017246718243141126e-02
4.666666666666666879e-02 1.010171183743330259e-02
4.680000000000000132e-02 1.004042533054025702e-02
4.693333333333333385e-02 9.989184274269322442e-03
4.706666666666667331e-02 9.920043672123346479e-03
4.719999999999999890e-02 9.861664198997317776e-03
4.733333333333333837e-02 9.820972102510249283e-03
4.746666666666666395e-02 9.756426824989969035e-03
4.760000000000000342e-02 9.702204021560150229e-03
4.773333333333332901e-02 9.644930646315802436e-03
4.786666666666666847e-02 9.574606892451084650e-03
4.800000000000000794e-02 9.523849443060269926e-03
4.813333333333333353e-02 9.461381117673592703e-03
4.826666666666667299e-02 9.405962137739384485e-03
4.839999999999999858e-02 9.346997964517454738e-03
4.853333333333333804e-02 9.282351716359972527e-03
4.866666666666667057e-02 9.216737613709077501e-03
4.880000000000000310e-02 9.159427003016935159e-03
4.893333333333333562e-02 9.095365103289407629e-03
4.906666666666666815e-02 9.045617562775038964e-03
4.920000000000000068e-02 8.996860526948336281e-03
4.933333333333334014e-02 8.940971312397677853e-03
4.946666666666666573e-02 8.902284285602576203e-03
4.960000000000000520e-02 8.848888571107486889e-03
4.973333333333333078e-02 8.810532833157407040e-03
4.986666666666667025e-02 8.770939085101472910e-03
4.999999999999999584e-02 8.721067833658124185e-03
5.013333333333333530e-02 8.679725243994513076e-03
5.026666666666667477e-02 8.630932527035013735e-03
5.040000000000000036e-02 8.581937318699375469e-03
5.053333333333333982e-02 8.536481831465988351e-03
5.066666666666666541e-02 8.491022720717692970e-03
5.080000000000000487e-02 8.436003988549906074e-03
5.093333333333333740e-02 8.386694960061081075e-03
5.106666666666666993e-02 8.343037159107079270e-03
5.120000000000000245e-02 8.296387808885353349e-03
5.133333333333333498e-02 8.251454417037147951e-03
5.146666666666666751e-02 8.211593816025718889e-03
5.160000000000000697e-02 8.177513241020570658e-03
5.173333333333333256e-02 8.139256335308852827e-03
5.186666666666667203e-02 8.107771703186918144e-03
5.199999999999999761e-02 8.067463271055182183e-03
5.213333333333333708e-02 8.035297971020614882e-03
5.226666666666666267e-02 7.989538328900579536e-03
5.240000000000000213e-02 7.940573001568010728e-03
5.253333333333334160e-02 7.898963186123066776e-03
5.266666666666666718e-02 7.852132337221992900e-03
5.280000000000000665e-02 7.808069810947945028e-03
5.293333333333333224e-02 7.761786875682226070e-03
5.306666666666667170e-02 7.712675238780174018e-03
5.320000000000000423e-02 7.673225324704434878e-03
5.333333333333333676e-02 7.634634537559998636e-03
5.346666666666666928e-02 7.603710236103529592e-03
5.360000000000000181e-02 7.578635971137307088e-03
5.373333333333333434e-02 7.540316085387159181e-03
5.386666666666667380e-02 7.508575338307547746e-03
5.399999999999999939e-02 7.470879453432399848e-03
5.413333333333333885e-02 7.432554055988392812e-03
5.426666666666666444e-02 7.398167998507324331e-03
5.440000000000000391e-02 7.364795675232927233e-03
5.453333333333332950e-02 7.327974059099196143e-03
5.466666666666666896e-02 7.297320398644404314e-03
5.480000000000000843e-02 7.257247166298769550e-03
5.493333333333333401e-02 7.221152007091551951e-03
5.506666666666667348e-02 7.184467351259785084e-03
5.519999999999999907e-02 7.149180862052773554e-03
5.533333333333333853e-02 7.110360225345028692e-03
5.546666666666667106e-02 7.083234206664838772e-03
5.560000000000000359e-02 7.046897240805862980e-03
5.573333333333333611e-02 7.011471501520823157e-03
5.586666666666666864e-02 6.979717255420077315e-03
5.600000000000000117e-02 6.947321646125598563e-03
5.613333333333334063e-02 6.916591307602703437e-03
5.626666666666666622e-02 6.878339925642861646e-03
5.640000000000000568e-02 6.844837851576455502e-03
5.653333333333333127e-02 6.808927760518724594e-03
5.666666666666667074e-02 6.779621132174891256e-03
5.679999999999999633e-02 6.749236324621290389e-03
5.693333333333333579e-02 6.727629900701961527e-03
5.706666666666667526e-02 6.697358022244905180e-03
5.720000000000000084e-02 6.675990960267696658e-03
5.733333333333334031e-02 6.646760724114676895e-03
5.746666666666666590e-02 6.618220618434270119e-03
5.760000000000000536e-02 6.590366515263984537e-03
5.773333333333333789e-02 6.555930552338008407e-03
5.786666666666667042e-02 6.532750231798816615e-03
5.800000000000000294e-02 6.502446052645285100e-03
5.813333333333333547e-02 6.474296077245135679e-03
5.826666666666666800e-02 6.440694961662734967e-03
5.840000000000000052e-02 6.408468451510250692e-03
5.853333333333333305e-02 6.383619711518267147e-03
5.866666666666667251e-02 6.352534373277041180e-03
5.879999999999999810e-02 6.328015530064609595e-03
5.893333333333333757e-02 6.309221785673548195e-03
5.906666666666666315e-02 6.282534361359263901e-03
5.920000000000000262e-02 6.257156706572472235e-03
5.933333333333334209e-02 6.233716039742388457e-03
5.946666666666666767e-02 6.214061782580298197e-03
5.960000000000000714e-02 6.186264070969665387e-03
5.973333333333333273e-02 6.163616422554754441e-03
5.986666666666667219e-02 6.136880826322237137e-03
6.000000000000000472e-02 6.107415416400310652e-03
6.013333333333333725e-02 6.085668702152242406e-03
6.026666666666666977e-02 6.063590199490290385e-03
6.040000000000000230e-02 6.041430428949639241e-03
6.053333333333333482e-02 6.019507235724047382e-03
6.066666666666666735e-02 5.993269788017112354e-03
6.079999999999999988e-02 5.972484243180725683e-03
6.093333333333333934e-02 5.951027720213179252e-03
6.106666666666666493e-02 5.920140405669719122e-03
6.120000000000000440e-02 5.894949487144895625e-03
6.133333333333332998e-02 5.867451446709724856e-03
6.146666666666666945e-02 5.844710417120441842e-03
6.160000000000000892e-02 5.825509119411104685e-03
6.173333333333333450e-02 5.801260844919316727e-03
6.186666666666667397e-02 5.778088284551601700e-03
6.199999999999999956e-02 5.754948222610706092e-03
6.213333333333333902e-02 5.730794768159633984e-03
6.226666666666667155e-02 5.709577995984425544e-03
6.240000000000000407e-02 5.688779032384203536e-03
6.253333333333334354e-02 5.665967733489650146e-03
6.266666666666666219e-02 5.643684677978909499e-03
6.280000000000000859e-02 5.622380592311381972e-03
6.293333333333332724e-02 5.601117497916311555e-03
6.306666666666667365e-02 5.573413567811880999e-03
6.320000000000000617e-02 5.545806255791103923e-03
6.333333333333333870e-02 5.521934804591776928e-03
6.346666666666667123e-02 5.503066621335326973e-03
6.360000000000000375e-02 5.486484772090184127e-03
6.373333333333333628e-02 5.462175419418150921e-03
6.386666666666666881e-02 5.443833496119747199e-03
6.400000000000000133e-02 5.416028745098474921e-03
6.413333333333333386e-02 5.395111243746903915e-03
6.426666666666666639e-02 5.374728141240062672e-03
6.439999999999999891e-02 5.351905135093666839e-03
6.453333333333334532e-02 5.331842722832932230e-03
6.466666666666666397e-02 5.310824002196743235e-03
6.480000000000001037e-02 5.287403823937771724e-03
6.493333333333332902e-02 5.269813685269873760e-03
6.506666666666667542e-02 5.248193043909714361e-03
6.519999999999999407e-02 5.229589690493782576e-03
6.533333333333334048e-02 5.210039579968565003e-03
6.546666666666667300e-02 5.193715531173113097e-03
6.560000000000000553e-02 5.176310383222690499e-03
6.573333333333333806e-02 5.150079461993116621e-03
6.586666666666667058e-02 5.126368322528280196e-03
6.600000000000000311e-02 5.109395240669297074e-03
6.613333333333333564e-02 5.092271020649067302e-03
6.626666666666666816e-02 5.079566203450233859e-03
6.640000000000000069e-02 5.060896902027586797e-03
6.653333333333333321e-02 5.039678890514527262e-03
6.666666666666666574e-02 5.020910685395125160e-03
6.680000000000001215e-02 5.005307895396541272e-03
6.693333333333333079e-02 4.987631627465785242e-03
6.706666666666667720e-02 4.968230677880903882e-03
6.719999999999999585e-02 4.950666094800074309e-03
6.733333333333334225e-02 4.935287364734809203e-03
6.746666666666666090e-02 4.920030328878004407e-03
6.760000000000000731e-02 4.903441424964524210e-03
6.773333333333333983e-02 4.889562972023251027e-03
6.786666666666667236e-02 4.871014989631468686e-03
6.800000000000000488e-02 4.855125032942721533e-03
6.813333333333333741e-02 4.836041523872239116e-03
6.826666666666666994e-02 4.817837974973037361e-03
6.840000000000000246e-02 4.801873708174695006e-03
6.853333333333333499e-02 4.785740239624970173e-03
6.866666666666666752e-02 4.766986623676338838e-03
6.880000000000000004e-02 4.747920477901171853e-03
6.893333333333333257e-02 4.733455417875060203e-03
6.906666666666667898e-02 4.721735003568957971e-03
6.919999999999999762e-02 4.705570526934710340e-03
6.933333333333334403e-02 4.691338951808167630e-03
6.946666666666666268e-02 4.673724418726926157e-03
6.960000000000000908e-02 4.659948190816523735e-03
6.973333333333332773e-02 4.642219086082317869e-03
6.986666666666667413e-02 4.622130102634343200e-03
7.000000000000000666e-02 4.605800948382418776e-03
7.013333333333333919e-02 4.588739675551053131e-03
7.026666666666667171e-02 4.572270368642012556e-03
7.040000000000000424e-02 4.558282979487362184e-03
7.053333333333333677e-02 4.545662654832199542e-03
7.066666666666666929e-02 4.526604642161799474e-03
7.080000000000000182e-02 4.505254252923689140e-03
7.093333333333333435e-02 4.491362076076942100e-03
7.106666666666666687e-02 4.480884876149667656e-03
7.119999999999999940e-02 4.470867010956305204e-03
7.133333333333334580e-02 4.456983635583042225e-03
7.146666666666666445e-02 4.442284611697122111e-03
7.160000000000001086e-02 4.424479873508033526e-03
7.173333333333332951e-02 4.407843320630201039e-03
7.186666666666667591e-02 4.394638276687068412e-03
7.199999999999999456e-02 4.382329612991872451e-03
7.213333333333334096e-02 4.365912825643870551e-03
7.226666666666667349e-02 4.345840445952552783e-03
7.240000000000000602e-02 4.331168322436885175e-03
7.253333333333333854e-02 4.315828814610903758e-03
7.266666666666667107e-02 4.306335273550601986e-03
7.280000000000000360e-02 4.293072164612769803e-03
7.293333333333333612e-02 4.280879462287021618e-03
7.306666666666666865e-02 4.269535197336284983e-03
7.320000000000000118e-02 4.254800502947316161e-03
7.333333333333333370e-02 4.243574558238346998e-03
7.346666666666666623e-02 4.225648207889359624e-03
7.360000000000001263e-02 4.208481195468519002e-03
7.373333333333333128e-02 4.195598902043847639e-03
7.386666666666667769e-02 4.180151695463185310e-03
7.399999999999999634e-02 4.164883721877680328e-03
7.413333333333334274e-02 4.151558064804174684e-03
7.426666666666666139e-02 4.138672392791116830e-03
7.440000000000000779e-02 4.121850431466261844e-03
7.453333333333334032e-02 4.109779566887558633e-03
7.466666666666667285e-02 4.100445965980472132e-03
7.480000000000000537e-02 4.090710210242698257e-03
7.493333333333333790e-02 4.079954866928788525e-03
7.506666666666667043e-02 4.062620810811396616e-03
7.520000000000000295e-02 4.049206808647068216e-03
7.533333333333333548e-02 4.035767161678987906e-03
7.546666666666666801e-02 4.021086952185926565e-03
7.560000000000000053e-02 4.008309339882594989e-03
7.573333333333333306e-02 3.996146164150018998e-03
7.586666666666667946e-02 3.984662732171754575e-03
7.599999999999999811e-02 3.970585613835580889e-03
7.613333333333334452e-02 3.956410437526420090e-03
7.626666666666666317e-02 3.942521354279261356e-03
7.640000000000000957e-02 3.933509536877085287e-03
7.653333333333332822e-02 3.920001084754888218e-03
7.666666666666667462e-02 3.907922302922160751e-03
7.680000000000000715e-02 3.899800369761757379e-03
7.693333333333333968e-02 3.884889238577390359e-03
7.706666666666667220e-02 3.877182914276498978e-03
7.720000000000000473e-02 3.865913628850710555e-03
7.733333333333333726e-02 3.857546988997046043e-03
7.746666666666666978e-02 3.848205124296108504e-03
7.760000000000000231e-02 3.835398076462135514e-03
7.773333333333333484e-02 3.823564614088360240e-03
7.786666666666666736e-02 3.811468477314730423e-03
7.799999999999999989e-02 3.798852025345811519e-03
7.813333333333334629e-02 3.786159097703688768e-03
7.826666666666666494e-02 3.778144950442556896e-03
7.840000000000001135e-02 3.768043632844394510e-03
7.853333333333333000e-02 3.760029454227817487e-03
7.866666666666667640e-02 3.749711506089618753e-03
7.879999999999999505e-02 3.734835453861153239e-03
7.893333333333334145e-02 3.719740956382041729e-03
7.906666666666667398e-02 3.709600432702461932e-03
7.920000000000000651e-02 3.699811645530895563e-03
7.933333333333333903e-02 3.689699737600268033e-03
7.946666666666667156e-02 3.681692278188573603e-03
7.960000000000000409e-02 3.669051031351532911e-03
7.973333333333333661e-02 3.662591578285356864e-03
7.986666666666666914e-02 3.652247387041337740e-03
8.000000000000000167e-02 3.641091812249108630e-03
8.013333333333333419e-02 3.630643967781570398e-03
8.026666666666666672e-02 3.618851320396205412e-03
8.039999999999999925e-02 3.607285872886799305e-03
8.053333333333333177e-02 3.597007218226695117e-03
8.066666666666667818e-02 3.589544897482349357e-03
8.079999999999999682e-02 3.577278901847076760e-03
8.093333333333334323e-02 3.563190794812240263e-03
8.106666666666666188e-02 3.551931781220925115e-03
8.120000000000000828e-02 3.543620621719637074e-03
8.133333333333334081e-02 3.532889177718246797e-03
8.146666666666667334e-02 3.526379951374936789e-03
8.160000000000000586e-02 3.517107298522574067e-03
8.173333333333333839e-02 3.510696753483507140e-03
8.186666666666667092e-02 3.500430911765112316e-03
8.200000000000000344e-02 3.489947878978722894e-03
8.213333333333333597e-02 3.479355569798604948e-03
8.226666666666666849e-02 3.472373309397659789e-03
8.240000000000000102e-02 3.468129857462892273e-03
8.253333333333333355e-02 3.456827539689049083e-03
8.266666666666666607e-02 3.446841261731753859e-03
8.279999999999999860e-02 3.439354708915187773e-03
8.293333333333334501e-02 3.431618577654788147e-03
8.306666666666666365e-02 3.423819227310061653e-03
8.320000000000001006e-02 3.417161158539403117e-03
8.333333333333332871e-02 3.410141049343690372e-03
8.346666666666667511e-02 3.402782278857026908e-03
8.360000000000000764e-02 3.394419018747625496e-03
8.373333333333334016e-02 3.386859958475692788e-03
8.386666666666665881e-02 3.377651518885686766e-03
8.400000000000000522e-02 3.366590538211397792e-03
8.413333333333333774e-02 3.355842949782025970e-03
8.426666666666667027e-02 3.346096305301254990e-03
8.440000000000001668e-02 3.335865244766962265e-03
8.453333333333333532e-02 3.326179071905221215e-03
8.466666666666666785e-02 3.314508881453529822e-03
8.480000000000000038e-02 3.304812875878546195e-03
8.493333333333334678e-02 3.294961633116942450e-03
8.506666666666667931e-02 3.287282636043398383e-03
8.519999999999999796e-02 3.279058422827317923e-03
8.533333333333333048e-02 3.273814581972084997e-03
8.546666666666667689e-02 3.269632242001662813e-03
8.560000000000000941e-02 3.263582608263386822e-03
8.573333333333334194e-02 3.256990191617826179e-03
8.586666666666666059e-02 3.250584353498346853e-03
8.600000000000000699e-02 3.242006004932111544e-03
8.613333333333333952e-02 3.235407459193303213e-03
8.626666666666667205e-02 3.228400493360374882e-03
8.639999999999999070e-02 3.221251300305081645e-03
8.653333333333333710e-02 3.215877895538349438e-03
8.666666666666666963e-02 3.208130406556271297e-03
8.680000000000000215e-02 3.199534688808642474e-03
8.693333333333334856e-02 3.195327177570780105e-03
8.706666666666666721e-02 3.188135862207777758e-03
8.719999999999999973e-02 3.180758569332987982e-03
8.733333333333333226e-02 3.170999228499265382e-03
8.746666666666667866e-02 3.160474113784872072e-03
8.760000000000001119e-02 3.153257551500791237e-03
8.773333333333332984e-02 3.143717593000547837e-03
8.786666666666666237e-02 3.138495547498708089e-03
8.800000000000000877e-02 3.128767794128830149e-03
8.813333333333334130e-02 3.120745635949015960e-03
8.826666666666667382e-02 3.114574087423624925e-03
8.839999999999999247e-02 3.108631499159272230e-03
8.853333333333333888e-02 3.102304546909192585e-03
8.866666666666667140e-02 3.093155099393406476e-03
8.880000000000000393e-02 3.086847191956208509e-03
8.893333333333335033e-02 3.079423431131789093e-03
8.906666666666666898e-02 3.074184046834499591e-03
8.920000000000000151e-02 3.069711667675812349e-03
8.933333333333333404e-02 3.065729808309110727e-03
8.946666666666668044e-02 3.057274799310821106e-03
8.960000000000001297e-02 3.047107170115734287e-03
8.973333333333333162e-02 3.040635786737021749e-03
8.986666666666666414e-02 3.032385494497237717e-03
9.000000000000001055e-02 3.025270818165550542e-03
9.013333333333334307e-02 3.016419780991432334e-03
9.026666666666667560e-02 3.006275057345317390e-03
9.039999999999999425e-02 2.999525224113569564e-03
9.053333333333334065e-02 2.994268386424745951e-03
9.066666666666667318e-02 2.985856826339971549e-03
9.080000000000000571e-02 2.978830810690678236e-03
9.093333333333332436e-02 2.973582973193068021e-03
9.106666666666667076e-02 2.966508191014002004e-03
9.120000000000000329e-02 2.958660579538264709e-03
9.133333333333333581e-02 2.953657571636251079e-03
9.146666666666668222e-02 2.945295382481590354e-03
9.160000000000000087e-02 2.940043408288103670e-03
9.173333333333333339e-02 2.934007597191567226e-03
9.186666666666666592e-02 2.929097403534679060e-03
9.200000000000001232e-02 2.921793026623125365e-03
9.213333333333334485e-02 2.914853786998627527e-03
9.226666666666666350e-02 2.908944340099977374e-03
9.239999999999999603e-02 2.902528215735120879e-03
9.253333333333334243e-02 2.897259111987883929e-03
9.266666666666667496e-02 2.891168097009755213e-03
9.280000000000000748e-02 2.887087069696148145e-03
9.293333333333332613e-02 2.880189788497715484e-03
9.306666666666667254e-02 2.875008949443457092e-03
9.320000000000000506e-02 2.867574207652393015e-03
9.333333333333333759e-02 2.859468929830872013e-03
9.346666666666668399e-02 2.854832709328649059e-03
9.360000000000000264e-02 2.851469072459145594e-03
9.373333333333333517e-02 2.847488869688282343e-03
9.386666666666666770e-02 2.840805429300888741e-03
9.400000000000001410e-02 2.833427729046349673e-03
9.413333333333334663e-02 2.828270339819572137e-03
9.426666666666666528e-02 2.820989507593809308e-03
9.439999999999999780e-02 2.814029351487044774e-03
9.453333333333334421e-02 2.805286314839964580e-03
9.466666666666667673e-02 2.799865237430062496e-03
9.479999999999999538e-02 2.794176962141860752e-03
9.493333333333332791e-02 2.788927289863173467e-03
9.506666666666667431e-02 2.782672516419264913e-03
9.520000000000000684e-02 2.775102020141596501e-03
9.533333333333333937e-02 2.770005777423845215e-03
9.546666666666665801e-02 2.763173032329293167e-03
9.560000000000000442e-02 2.755784807093739335e-03
9.573333333333333695e-02 2.750737825834955602e-03
9.586666666666666947e-02 2.744476745508379455e-03
9.600000000000001588e-02 2.740118944090576703e-03
9.613333333333333452e-02 2.735298127931106837e-03
9.626666666666666705e-02 2.730495708296551069e-03
9.639999999999999958e-02 2.726058152611552689e-03
9.653333333333334598e-02 2.720678702138104848e-03
9.666666666666667851e-02 2.715193820071517498e-03
9.679999999999999716e-02 2.707866386995920298e-03
9.693333333333332968e-02 2.703235434313850088e-03
9.706666666666667609e-02 2.697008609546119613e-03
9.720000000000000862e-02 2.691754370295979838e-03
9.733333333333334114e-02 2.686968998225300678e-03
9.746666666666665979e-02 2.681973184166462718e-03
9.760000000000000620e-02 2.675819906265073257e-03
9.773333333333333872e-02 2.670453562136104308e-03
9.786666666666667125e-02 2.666093017988138778e-03
9.800000000000001765e-02 2.659990360103667035e-03
9.813333333333333630e-02 2.653519419760613438e-03
9.826666666666666883e-02 2.648138147360898191e-03
9.840000000000000135e-02 2.643090495236727778e-03
9.853333333333334776e-02 2.637613898567288308e-03
9.866666666666668029e-02 2.633800686839870512e-03
9.879999999999999893e-02 2.628900723746619046e-03
9.893333333333333146e-02 2.623868991026041299e-03
9.906666666666667787e-02 2.620408521750603077e-03
9.920000000000001039e-02 2.615125630623929207e-03
9.933333333333332904e-02 2.611418602428811162e-03
9.946666666666666157e-02 2.607166256240501211e-03
9.960000000000000797e-02 2.602481517628277719e-03
9.973333333333334050e-02 2.601711533697851578e-03
9.986666666666667302e-02 2.594366953720446661e-03
9.999999999999999167e-02 2.589299959839113773e-03
1.001333333333333381e-01 2.584601352482690777e-03
1.002666666666666706e-01 2.580416890118283641e-03
1.004000000000000031e-01 2.575430512329489677e-03
1.005333333333333495e-01 2.571073566003566607e-03
1.006666666666666682e-01 2.568056929279279813e-03
1.008000000000000007e-01 2.563448789405706890e-03
1.009333333333333332e-01 2.559469355706700620e-03
1.010666666666666796e-01 2.552659996278990387e-03
1.012000000000000122e-01 2.548042082777481412e-03
1.013333333333333308e-01 2.541443642258605674e-03
1.014666666666666633e-01 2.536802949139704225e-03
1.016000000000000097e-01 2.533121480731913202e-03
1.017333333333333423e-01 2.529105046352331937e-03
1.018666666666666748e-01 2.524630298123668043e-03
1.019999999999999934e-01 2.522348825380630807e-03
1.021333333333333399e-01 2.520145773993477493e-03
1.022666666666666724e-01 2.516696010817529722e-03
1.024000000000000049e-01 2.512266556665740391e-03
1.025333333333333513e-01 2.506801894219653094e-03
1.026666666666666700e-01 2.501898636952046891e-03
1.028000000000000025e-01 2.496563532722958882e-03
1.029333333333333350e-01 2.489885180057046805e-03
1.030666666666666814e-01 2.486769402219760321e-03
1.032000000000000139e-01 2.482796824656771477e-03
1.033333333333333326e-01 2.480642793922247305e-03
1.034666666666666651e-01 2.476491185954455328e-03
1.036000000000000115e-01 2.473478582511740107e-03
1.037333333333333441e-01 2.469849544977834651e-03
1.038666666666666627e-01 2.463187569357343752e-03
1.039999999999999952e-01 2.458503999982034147e-03
1.041333333333333416e-01 2.452426470502042880e-03
1.042666666666666742e-01 2.447500704652203797e-03
1.044000000000000067e-01 2.441985298436291120e-03
1.045333333333333253e-01 2.436496004973369607e-03
1.046666666666666717e-01 2.431846315949316717e-03
1.048000000000000043e-01 2.429812469409789628e-03
1.049333333333333368e-01 2.424901248621549703e-03
1.050666666666666832e-01 2.421916444283164164e-03
1.052000000000000018e-01 2.419390278731318837e-03
1.053333333333333344e-01 2.415640609468623287e-03
1.054666666666666669e-01 2.413228855092005350e-03
1.056000000000000133e-01 2.408246137380356394e-03
1.057333333333333458e-01 2.404084648860645244e-03
1.058666666666666645e-01 2.401053613315572155e-03
1.059999999999999970e-01 2.398544525457347622e-03
1.061333333333333434e-01 2.393621855609146323e-03
1.062666666666666759e-01 2.388778056002860591e-03
1.064000000000000085e-01 2.384976389313021514e-03
1.065333333333333271e-01 2.381676083480130466e-03
1.066666666666666735e-01 2.378050568102974428e-03
1.068000000000000060e-01 2.375255351998111376e-03
1.069333333333333386e-01 2.371815241288529729e-03
1.070666666666666850e-01 2.367502911705139396e-03
1.072000000000000036e-01 2.360807209442986315e-03
1.073333333333333361e-01 2.356089180645192394e-03
1.074666666666666687e-01 2.352161354061881125e-03
1.076000000000000151e-01 2.349661149901800892e-03
1.077333333333333476e-01 2.346342927059096983e-03
1.078666666666666663e-01 2.342542627460773852e-03
1.079999999999999988e-01 2.337335812124086143e-03
1.081333333333333452e-01 2.333847272697871667e-03
1.082666666666666777e-01 2.328797871542688785e-03
1.083999999999999964e-01 2.326335284560198009e-03
1.085333333333333289e-01 2.323911322221896419e-03
1.086666666666666753e-01 2.321717730536955633e-03
1.088000000000000078e-01 2.317268456019243566e-03
1.089333333333333403e-01 2.314704715849613854e-03
1.090666666666666590e-01 2.311635776388750851e-03
1.092000000000000054e-01 2.308965110786302937e-03
1.093333333333333379e-01 2.306158108535719467e-03
1.094666666666666704e-01 2.302377678924017249e-03
1.096000000000000169e-01 2.298211479852951735e-03
1.097333333333333355e-01 2.295707899419852961e-03
1.098666666666666680e-01 2.291678359049249651e-03
1.100000000000000006e-01 2.288398747005347851e-03
1.101333333333333470e-01 2.285209743677068996e-03
1.102666666666666795e-01 2.280334615907773314e-03
1.103999999999999981e-01 2.278086916580341487e-03
1.105333333333333307e-01 2.277159427975904669e-03
1.106666666666666771e-01 2.273232666429548729e-03
1.108000000000000096e-01 2.268779091883143303e-03
1.109333333333333421e-01 2.267281721905499686e-03
1.110666666666666608e-01 2.265228246452874374e-03
1.112000000000000072e-01 2.262676869919488798e-03
1.113333333333333397e-01 2.257879925028755379e-03
1.114666666666666722e-01 2.253515199768846636e-03
1.116000000000000186e-01 2.248517135200227106e-03
1.117333333333333373e-01 2.244728652242487538e-03
1.118666666666666698e-01 2.241906043578557103e-03
1.120000000000000023e-01 2.239015019950146151e-03
1.121333333333333487e-01 2.235765477644018756e-03
1.122666666666666813e-01 2.231611545006573823e-03
1.123999999999999999e-01 2.228105288643171186e-03
1.125333333333333324e-01 2.224641744942967847e-03
1.126666666666666788e-01 2.220696682240025626e-03
1.128000000000000114e-01 2.217802006037585850e-03
1.129333333333333300e-01 2.214723633281643310e-03
1.130666666666666625e-01 2.211703311698037799e-03
1.132000000000000089e-01 2.208894073499676272e-03
1.133333333333333415e-01 2.204324595957099335e-03
1.134666666666666740e-01 2.201769630963857673e-03
1.135999999999999927e-01 2.199227264945920451e-03
1.137333333333333391e-01 2.194927785059775163e-03
1.138666666666666716e-01 2.193365173651142582e-03
1.140000000000000041e-01 2.191228708645740972e-03
1.141333333333333505e-01 2.188446735424096328e-03
1.142666666666666692e-01 2.185731357959836037e-03
1.144000000000000017e-01 2.181958010385277608e-03
1.145333333333333342e-01 2.180162716199669261e-03
1.146666666666666806e-01 2.176615575048571061e-03
1.148000000000000131e-01 2.175193012200597915e-03
1.149333333333333318e-01 2.171771194033784991e-03
1.150666666666666643e-01 2.169231375164718499e-03
1.152000000000000107e-01 2.167047982260841311e-03
1.153333333333333433e-01 2.163308481785943243e-03
1.154666666666666758e-01 2.160048870267826035e-03
1.155999999999999944e-01 2.156926862466246406e-03
1.157333333333333408e-01 2.155479620203197468e-03
1.158666666666666734e-01 2.153167918203548019e-03
1.160000000000000059e-01 2.151765800214481845e-03
1.161333333333333523e-01 2.148888919083873084e-03
1.162666666666666709e-01 2.145854070679272755e-03
1.164000000000000035e-01 2.143156595283007143e-03
1.165333333333333360e-01 2.139305344987092045e-03
1.166666666666666824e-01 2.136529195255941482e-03
1.168000000000000010e-01 2.132520376738344676e-03
1.169333333333333336e-01 2.131261236799042794e-03
1.170666666666666661e-01 2.127900547345362454e-03
1.172000000000000125e-01 2.125457281783532573e-03
1.173333333333333450e-01 2.122219960761313664e-03
1.174666666666666637e-01 2.119182927420158735e-03
1.175999999999999962e-01 2.117908639503964484e-03
1.177333333333333426e-01 2.114252814003058159e-03
1.178666666666666751e-01 2.112342980671685477e-03
1.180000000000000077e-01 2.109766004954452111e-03
1.181333333333333263e-01 2.106801517206738535e-03
1.182666666666666727e-01 2.104036550523749084e-03
1.184000000000000052e-01 2.101861575541373248e-03
1.185333333333333378e-01 2.101109308235614426e-03
1.186666666666666842e-01 2.098100506534629657e-03
1.188000000000000028e-01 2.095693890106088263e-03
1.189333333333333353e-01 2.092988139613824461e-03
1.190666666666666679e-01 2.089892880344911864e-03
1.192000000000000143e-01 2.088232614319433193e-03
1.193333333333333468e-01 2.084433644494836958e-03
1.194666666666666655e-01 2.082074087108415263e-03
1.195999999999999980e-01 2.080030569053242535e-03
1.197333333333333444e-01 2.078604861058827927e-03
1.198666666666666769e-01 2.076304118294509775e-03
1.200000000000000094e-01 2.072716132195755699e-03
1.201333333333333281e-01 2.069948296741896954e-03
1.202666666666666745e-01 2.067205467192376710e-03
1.204000000000000070e-01 2.064147695364281897e-03
1.205333333333333395e-01 2.061488651002328643e-03
1.206666666666666859e-01 2.059458544455879375e-03
1.208000000000000046e-01 2.056634291658864487e-03
1.209333333333333371e-01 2.054646153812204976e-03
1.210666666666666696e-01 2.051271887632062814e-03
1.212000000000000161e-01 2.047290632745259187e-03
1.213333333333333347e-01 2.045137624857381806e-03
1.214666666666666672e-01 2.043374604621598593e-03
1.215999999999999998e-01 2.041401205216735511e-03
1.217333333333333462e-01 2.039429986001056998e-03
1.218666666666666787e-01 2.038820869134701924e-03
1.219999999999999973e-01 2.036490874133828864e-03
1.221333333333333299e-01 2.033924358972915517e-03
1.222666666666666763e-01 2.031482012126174450e-03
1.224000000000000088e-01 2.027438093639389542e-03
1.225333333333333413e-01 2.024933779110934650e-03
1.226666666666666600e-01 2.021401799677643909e-03
1.228000000000000064e-01 2.018385151667428760e-03
1.229333333333333389e-01 2.016480419090676407e-03
1.230666666666666714e-01 2.014887257290495261e-03
1.232000000000000178e-01 2.013547634210378738e-03
1.233333333333333365e-01 2.010614743603758407e-03
1.234666666666666690e-01 2.008138806916776042e-03
1.236000000000000015e-01 2.005972320973836015e-03
1.237333333333333479e-01 2.003729990237410399e-03
1.238666666666666805e-01 2.000827802378777730e-03
1.239999999999999991e-01 1.997265059566915007e-03
1.241333333333333316e-01 1.994068286002282937e-03
1.242666666666666780e-01 1.991382317634272925e-03
1.244000000000000106e-01 1.988848276055350979e-03
1.245333333333333431e-01 1.985638199152324479e-03
1.246666666666666617e-01 1.984371476978004801e-03
1.248000000000000081e-01 1.983105332116602212e-03
1.249333333333333407e-01 1.980993508303795225e-03
1.250666666666666871e-01 1.979002581067302886e-03
1.252000000000000057e-01 1.976348901567167443e-03
1.253333333333333244e-01 1.973864866806139973e-03
1.254666666666666708e-01 1.971551983115197096e-03
1.256000000000000172e-01 1.969596467729684084e-03
1.257333333333333358e-01 1.969061714959613463e-03
1.258666666666666545e-01 1.966305154157898909e-03
1.260000000000000009e-01 1.965424570098119657e-03
1.261333333333333473e-01 1.962880451345435165e-03
1.262666666666666659e-01 1.960969734711394061e-03
1.264000000000000123e-01 1.958952446688197197e-03
1.265333333333333310e-01 1.957435922398057665e-03
1.266666666666666774e-01 1.953811777262279455e-03
1.267999999999999960e-01 1.950306017504142841e-03
1.269333333333333425e-01 1.947422556520440927e-03
1.270666666666666889e-01 1.944902057216250923e-03
1.272000000000000075e-01 1.942322706912535685e-03
1.273333333333333262e-01 1.939728419655833676e-03
1.274666666666666726e-01 1.938040513492734042e-03
1.276000000000000190e-01 1.935220599117605219e-03
1.277333333333333376e-01 1.933383725953492088e-03
1.278666666666666563e-01 1.930990884193829098e-03
1.280000000000000027e-01 1.929208592684156925e-03
1.281333333333333491e-01 1.926953132823312591e-03
1.282666666666666677e-01 1.925483090964055701e-03
1.284000000000000141e-01 1.924640983333257517e-03
1.285333333333333328e-01 1.924392105403356645e-03
1.286666666666666792e-01 1.924687501926064309e-03
1.287999999999999978e-01 1.923512091500013347e-03
1.289333333333333442e-01 1.921042898037988349e-03
1.290666666666666906e-01 1.919812277645640761e-03
1.292000000000000093e-01 1.917283219178700241e-03
1.293333333333333279e-01 1.915518059680906219e-03
1.294666666666666743e-01 1.913000745890841917e-03
1.296000000000000207e-01 1.911240870426740047e-03
1.297333333333333394e-01 1.910767314573530917e-03
1.298666666666666580e-01 1.908538744469937942e-03
1.300000000000000044e-01 1.907785936019256627e-03
1.301333333333333508e-01 1.906725009616742038e-03
1.302666666666666695e-01 1.903592973359580394e-03
1.303999999999999881e-01 1.902658811693876172e-03
1.305333333333333345e-01 1.900752287844513543e-03
1.306666666666666810e-01 1.899748653879390885e-03
1.307999999999999996e-01 1.897815696612060316e-03
1.309333333333333460e-01 1.895753094676189653e-03
1.310666666666666647e-01 1.894660746943443996e-03
1.312000000000000111e-01 1.892332034904972400e-03
1.313333333333333297e-01 1.889399108534805865e-03
1.314666666666666761e-01 1.888578542197473249e-03
1.316000000000000225e-01 1.887667708925518323e-03
1.317333333333333412e-01 1.887682927089551948e-03
1.318666666666666598e-01 1.885455457095880100e-03
1.320000000000000062e-01 1.881294658161802120e-03
1.321333333333333526e-01 1.879210694895982201e-03
1.322666666666666713e-01 1.876911951473376420e-03
1.323999999999999899e-01 1.875931539461632869e-03
1.325333333333333363e-01 1.872700350356105384e-03
1.326666666666666827e-01 1.870707775179193720e-03
1.328000000000000014e-01 1.870982457728274104e-03
1.329333333333333478e-01 1.868293499281262421e-03
1.330666666666666664e-01 1.867427940208214081e-03
1.332000000000000128e-01 1.864827120964149178e-03
1.333333333333333315e-01 1.864425986246326427e-03
1.334666666666666779e-01 1.862337544263054480e-03
1.336000000000000243e-01 1.859937877983196004e-03
1.337333333333333429e-01 1.857867247447673705e-03
1.338666666666666616e-01 1.855283285577824948e-03
1.340000000000000080e-01 1.854105589070175874e-03
1.341333333333333544e-01 1.852950914075022397e-03
1.342666666666666730e-01 1.852949405517264085e-03
1.343999999999999917e-01 1.851666457556312576e-03
1.345333333333333381e-01 1.850368532882918152e-03
1.346666666666666845e-01 1.846862177987093926e-03
1.348000000000000032e-01 1.846279087575977652e-03
1.349333333333333218e-01 1.844131944078861033e-03
1.350666666666666682e-01 1.841746700394450561e-03
1.352000000000000146e-01 1.839782749691622026e-03
1.353333333333333333e-01 1.837678973526162603e-03
1.354666666666666797e-01 1.837520636372806486e-03
1.355999999999999983e-01 1.835330505175379427e-03
1.357333333333333447e-01 1.835056569643208962e-03
1.358666666666666634e-01 1.833466922520048158e-03
1.360000000000000098e-01 1.831369332055336144e-03
1.361333333333333562e-01 1.830331987245885882e-03
1.362666666666666748e-01 1.827730436353345667e-03
1.363999999999999935e-01 1.826506257265213349e-03
1.365333333333333399e-01 1.824908195633622885e-03
1.366666666666666863e-01 1.823061553584386183e-03
1.368000000000000049e-01 1.821241719532630228e-03
1.369333333333333236e-01 1.819855268511590346e-03
1.370666666666666700e-01 1.817889319745633449e-03
1.372000000000000164e-01 1.817218831207038530e-03
1.373333333333333350e-01 1.816749750420580158e-03
1.374666666666666814e-01 1.816275947620027810e-03
1.376000000000000001e-01 1.815104783179186760e-03
1.377333333333333465e-01 1.812988803689480387e-03
1.378666666666666651e-01 1.811120185512934922e-03
1.380000000000000115e-01 1.808464465350705748e-03
1.381333333333333580e-01 1.806984216057982897e-03
1.382666666666666766e-01 1.805835221572279613e-03
1.383999999999999952e-01 1.805300279021275619e-03
1.385333333333333417e-01 1.803958448965904638e-03
1.386666666666666881e-01 1.803240062738822175e-03
1.388000000000000067e-01 1.800398827213834253e-03
1.389333333333333254e-01 1.800078112156156202e-03
1.390666666666666718e-01 1.799120661882257092e-03
1.392000000000000182e-01 1.797865126625004589e-03
1.393333333333333368e-01 1.797237369696770950e-03
1.394666666666666555e-01 1.795473853651351117e-03
1.396000000000000019e-01 1.794584424207360755e-03
1.397333333333333483e-01 1.792568887175411720e-03
1.398666666666666669e-01 1.792442831430434260e-03
1.400000000000000133e-01 1.791271380365639255e-03
1.401333333333333320e-01 1.790605687104419603e-03
1.402666666666666784e-01 1.789814460244496842e-03
1.403999999999999970e-01 1.789207450256962480e-03
1.405333333333333434e-01 1.788799961479544407e-03
1.406666666666666898e-01 1.787315320424297813e-03
1.408000000000000085e-01 1.786401764924710773e-03
1.409333333333333271e-01 1.785357811536512039e-03
1.410666666666666735e-01 1.783272729247029542e-03
1.412000000000000199e-01 1.781715862532779046e-03
1.413333333333333386e-01 1.780912376792978275e-03
1.414666666666666572e-01 1.781396155868285704e-03
1.416000000000000036e-01 1.779878116293596210e-03
1.417333333333333500e-01 1.778879552610906824e-03
1.418666666666666687e-01 1.778128576918817537e-03
1.420000000000000151e-01 1.775195178234303213e-03
1.421333333333333337e-01 1.773874730139901601e-03
1.422666666666666802e-01 1.772073721947026994e-03
1.423999999999999988e-01 1.771796665482129650e-03
1.425333333333333452e-01 1.770946656742601946e-03
1.426666666666666916e-01 1.771544979067056708e-03
1.428000000000000103e-01 1.771123034271818554e-03
1.429333333333333289e-01 1.771087535774334585e-03
1.430666666666666753e-01 1.769818995757471529e-03
1.432000000000000217e-01 1.768477342406284602e-03
1.433333333333333404e-01 1.767563721243169345e-03
1.434666666666666590e-01 1.765793370066216263e-03
1.436000000000000054e-01 1.764319578675573692e-03
1.437333333333333518e-01 1.763419607897532453e-03
1.438666666666666705e-01 1.763174641031764727e-03
1.439999999999999891e-01 1.762228248884454944e-03
1.441333333333333355e-01 1.762484673838763359e-03
1.442666666666666819e-01 1.762256029656174890e-03
1.444000000000000006e-01 1.760551506582611536e-03
1.445333333333333470e-01 1.759509553741149535e-03
1.446666666666666656e-01 1.758490269287679968e-03
1.448000000000000120e-01 1.757839343912666981e-03
1.449333333333333307e-01 1.757382443555153802e-03
1.450666666666666771e-01 1.756606627012051620e-03
1.452000000000000235e-01 1.756111356174201331e-03
1.453333333333333421e-01 1.754968357638733495e-03
1.454666666666666608e-01 1.754078885137151135e-03
1.456000000000000072e-01 1.752734869906624748e-03
1.457333333333333536e-01 1.751835953283890392e-03
1.458666666666666722e-01 1.751117644350739600e-03
1.459999999999999909e-01 1.749561066375217343e-03
1.461333333333333373e-01 1.749543345963816294e-03
1.462666666666666837e-01 1.748978795013258775e-03
1.464000000000000024e-01 1.747716775960325578e-03
1.465333333333333488e-01 1.746784772906178219e-03
1.466666666666666674e-01 1.746843776752204534e-03
1.468000000000000138e-01 1.745888840988873503e-03
1.469333333333333325e-01 1.744478869257822667e-03
1.470666666666666789e-01 1.743198976773547085e-03
1.472000000000000253e-01 1.743314733483728547e-03
1.473333333333333439e-01 1.742416889062075799e-03
1.474666666666666626e-01 1.740603550906363785e-03
1.476000000000000090e-01 1.740446850671786361e-03
1.477333333333333554e-01 1.740086698529960067e-03
1.478666666666666740e-01 1.739737598671986431e-03
1.479999999999999927e-01 1.739479646164902773e-03
1.481333333333333391e-01 1.738226296074525190e-03
1.482666666666666855e-01 1.738300814789999925e-03
1.484000000000000041e-01 1.738021970699361570e-03
1.485333333333333228e-01 1.737888589892725528e-03
1.486666666666666692e-01 1.736438803480055797e-03
1.488000000000000156e-01 1.734827799972158378e-03
1.489333333333333342e-01 1.734375637316175767e-03
1.490666666666666806e-01 1.732505775564230311e-03
1.491999999999999993e-01 1.731620131499516909e-03
1.493333333333333457e-01 1.729800553066768902e-03
1.494666666666666643e-01 1.729134402426777458e-03
1.496000000000000107e-01 1.728618716948622340e-03
1.497333333333333572e-01 1.727940309755403910e-03
1.498666666666666758e-01 1.727075158064050138e-03
1.499999999999999944e-01 1.726721753320287515e-03
1.501333333333333409e-01 1.725581610952330079e-03
1.502666666666666873e-01 1.724551709313671766e-03
1.504000000000000059e-01 1.723752857854707462e-03
1.505333333333333246e-01 1.722915594592990722e-03
1.506666666666666710e-01 1.722607805383742901e-03
1.508000000000000174e-01 1.722084298046465140e-03
1.509333333333333360e-01 1.721954434907255324e-03
1.510666666666666824e-01 1.722393153346070448e-03
1.512000000000000011e-01 1.721503989313371771e-03
1.513333333333333475e-01 1.720488592545882205e-03
1.514666666666666661e-01 1.719123406960404530e-03
1.516000000000000125e-01 1.718451306779279894e-03
1.517333333333333589e-01 1.716051951186597490e-03
1.518666666666666776e-01 1.715337184844355472e-03
1.519999999999999962e-01 1.714325441264500901e-03
1.521333333333333426e-01 1.713782478675026115e-03
1.522666666666666890e-01 1.713633787360134336e-03
1.524000000000000077e-01 1.711926562856737029e-03
1.525333333333333263e-01 1.710797207740582344e-03
1.526666666666666727e-01 1.709929600211872180e-03
1.528000000000000191e-01 1.709036457609011813e-03
1.529333333333333378e-01 1.707725205793447819e-03
1.530666666666666564e-01 1.706325068996509316e-03
1.532000000000000028e-01 1.705215583873164820e-03
1.533333333333333492e-01 1.705294301917149478e-03
1.534666666666666679e-01 1.704654945419225003e-03
1.536000000000000143e-01 1.703674855897349813e-03
1.537333333333333329e-01 1.703793194612627116e-03
1.538666666666666794e-01 1.702808928916211629e-03
1.539999999999999980e-01 1.701547595509229687e-03
1.541333333333333444e-01 1.700878196841628786e-03
1.542666666666666908e-01 1.700172075192443646e-03
1.544000000000000095e-01 1.700271918815939726e-03
1.545333333333333281e-01 1.698869201857575346e-03
1.546666666666666745e-01 1.697877188489546000e-03
1.548000000000000209e-01 1.697711679122860997e-03
1.549333333333333396e-01 1.696851731337534891e-03
1.550666666666666582e-01 1.696079902912387728e-03
1.552000000000000046e-01 1.694909438308222051e-03
1.553333333333333510e-01 1.695778960317132888e-03
1.554666666666666697e-01 1.695698058980318066e-03
1.556000000000000161e-01 1.695504514682595609e-03
1.557333333333333347e-01 1.695155007779623356e-03
1.558666666666666811e-01 1.695668886019224353e-03
1.559999999999999998e-01 1.696230921116598754e-03
1.561333333333333462e-01 1.694500751502120992e-03
1.562666666666666926e-01 1.693598800647173061e-03
1.564000000000000112e-01 1.694542497109169854e-03
1.565333333333333299e-01 1.694906423185661573e-03
1.566666666666666763e-01 1.695209463307093684e-03
1.568000000000000227e-01 1.695455475214428581e-03
1.569333333333333413e-01 1.696466153467618160e-03
1.570666666666666600e-01 1.696633144022324357e-03
1.572000000000000064e-01 1.696440895323104298e-03
1.573333333333333528e-01 1.696129287996417942e-03
1.574666666666666714e-01 1.695125212606163161e-03
1.575999999999999901e-01 1.694797575508793239e-03
1.577333333333333365e-01 1.693990680293904361e-03
1.578666666666666829e-01 1.694388940604813236e-03
1.580000000000000016e-01 1.694089611459527510e-03
1.581333333333333480e-01 1.695152680722401958e-03
1.582666666666666666e-01 1.694184197721335886e-03
1.584000000000000130e-01 1.693039555436948737e-03
1.585333333333333317e-01 1.693255206979133332e-03
1.586666666666666781e-01 1.692055959378253090e-03
1.588000000000000245e-01 1.690847714927970437e-03
1.589333333333333431e-01 1.690168965040914507e-03
1.590666666666666618e-01 1.690933475725236263e-03
1.592000000000000082e-01 1.690721784820199561e-03
1.593333333333333546e-01 1.690019464862231461e-03
1.594666666666666732e-01 1.689749791795499547e-03
1.595999999999999919e-01 1.689471516318155229e-03
1.597333333333333383e-01 1.690351645115071699e-03
1.598666666666666847e-01 1.689536062918776905e-03
1.600000000000000033e-01 1.688202131335687309e-03
1.601333333333333497e-01 1.687405671167656069e-03
1.602666666666666684e-01 1.687164778528795579e-03
1.604000000000000148e-01 1.687183709186920646e-03
1.605333333333333334e-01 1.686745570399943769e-03
1.606666666666666798e-01 1.686870102104168039e-03
1.607999999999999985e-01 1.686952549805479599e-03
1.609333333333333449e-01 1.687066226050247617e-03
1.610666666666666635e-01 1.687017813078874268e-03
1.612000000000000099e-01 1.685363879138391478e-03
1.613333333333333564e-01 1.685133813917263131e-03
1.614666666666666750e-01 1.684237096791915949e-03
1.615999999999999936e-01 1.684029780395661802e-03
1.617333333333333401e-01 1.683264993769212608e-03
1.618666666666666865e-01 1.682924249814505158e-03
1.620000000000000051e-01 1.681400107527600968e-03
1.621333333333333238e-01 1.682103498600698820e-03
1.622666666666666702e-01 1.681723899852471601e-03
1.624000000000000166e-01 1.682825859082148290e-03
1.625333333333333352e-01 1.682353501129436922e-03
1.626666666666666816e-01 1.682631643842955700e-03
1.628000000000000003e-01 1.681997526160645831e-03
1.629333333333333467e-01 1.682269151332850023e-03
1.630666666666666653e-01 1.681404355696803450e-03
1.632000000000000117e-01 1.679924849982237112e-03
1.633333333333333581e-01 1.679412853721826224e-03
1.634666666666666768e-01 1.680101088778500427e-03
1.635999999999999954e-01 1.680460498877954945e-03
1.637333333333333418e-01 1.679644644242134352e-03
1.638666666666666882e-01 1.680606856729549353e-03
1.640000000000000069e-01 1.680762189106781591e-03
1.641333333333333255e-01 1.681426520906681476e-03
1.642666666666666719e-01 1.681118540021088936e-03
1.644000000000000183e-01 1.681369898339148995e-03
1.645333333333333370e-01 1.681548735291767301e-03
1.646666666666666834e-01 1.681636933268904240e-03
1.648000000000000020e-01 1.681162717374805543e-03
1.649333333333333484e-01 1.680797840043289637e-03
1.650666666666666671e-01 1.680108975992567616e-03
1.652000000000000135e-01 1.679232596755522071e-03
1.653333333333333321e-01 1.679125394649256696e-03
1.654666666666666786e-01 1.678567057292727803e-03
1.655999999999999972e-01 1.677704199818584986e-03
1.657333333333333436e-01 1.676954537938161712e-03
1.658666666666666900e-01 1.676519997146223677e-03
1.660000000000000087e-01 1.675292673163809518e-03
1.661333333333333273e-01 1.674759509591535259e-03
1.662666666666666737e-01 1.674339427341033169e-03
1.664000000000000201e-01 1.675317620122679504e-03
1.665333333333333388e-01 1.674956182025458522e-03
