0.000000000000000000e+00 1.558305098330336558e-03
1.111111111111111029e-04 2.187325057556436993e-03
2.222222222222222058e-04 4.385714648868633062e-03
3.333333333333333222e-04 7.998062283978500664e-03
4.444444444444444115e-04 1.388790425508110507e-02
5.555555555555555551e-04 1.995975791852811626e-02
6.666666666666666444e-04 3.103295400421253111e-02
7.777777777777777337e-04 3.655120746804304405e-02
8.888888888888888231e-04 6.189337733853018247e-02
1.000000000000000021e-03 7.013828135681463016e-02
1.111111111111111110e-03 1.199658774747974083e-01
1.222222222222222199e-03 1.230737508665463581e-01
1.333333333333333289e-03 1.170550870382832259e-01
1.444444444444444378e-03 2.096951423704913331e-01
1.555555555555555467e-03 2.210859820494334993e-01
1.666666666666666774e-03 3.026278919123322475e-01
1.777777777777777646e-03 4.053181471226701138e-01
1.888888888888888735e-03 4.387151350900772573e-01
2.000000000000000042e-03 6.347146560042302710e-01
2.111111111111110914e-03 7.790866695851902390e-01
2.222222222222222220e-03 8.181690387937559095e-01
2.333333333333333526e-03 9.342469631967733612e-01
2.444444444444444399e-03 6.820606665504649335e-01
2.555555555555555271e-03 6.349584641603372992e-01
2.666666666666666578e-03 4.879850765681170155e-01
2.777777777777777884e-03 5.727233160891790353e-01
2.888888888888888756e-03 5.728055603564439213e-01
2.999999999999999629e-03 5.811016665901375111e-01
3.111111111111110935e-03 6.308303921394677882e-01
3.222222222222222241e-03 7.360343658416337309e-01
3.333333333333333547e-03 7.586734319999740572e-01
3.444444444444444420e-03 1.000000000000000000e+00
3.555555555555555292e-03 7.420270128752132210e-01
3.666666666666666598e-03 5.225629516133966090e-01
3.777777777777777471e-03 3.211674965792418179e-01
3.888888888888888343e-03 1.757408640941881539e-01
4.000000000000000083e-03 1.246517728859074386e-01
4.111111111111111389e-03 1.304461388406953082e-01
4.222222222222221828e-03 1.514262701723218529e-01
4.333333333333333134e-03 1.806095788742728969e-01
4.444444444444444441e-03 2.542562511696468963e-01
4.555555555555554879e-03 3.044608212608905240e-01
4.666666666666667053e-03 3.800960836122566078e-01
4.777777777777777492e-03 4.063494419736531915e-01
4.888888888888888798e-03 4.043959435106427858e-01
5.000000000000000104e-03 3.981097434226889553e-01
5.111111111111110543e-03 4.138544169159949493e-01
5.222222222222221849e-03 3.866411273842796925e-01
5.333333333333333155e-03 3.734270239913960454e-01
5.444444444444443594e-03 3.592215973914050231e-01
5.555555555555555768e-03 3.064917770686405585e-01
5.666666666666666206e-03 3.516789629913449344e-01
5.777777777777777513e-03 3.558184742704760817e-01
5.888888888888888819e-03 3.219301393546056822e-01
5.999999999999999258e-03 3.298226188310569018e-01
6.111111111111111431e-03 3.239978316829625893e-01
6.222222222222221870e-03 3.100678510239062158e-01
6.333333333333333176e-03 3.111758527762079618e-01
6.444444444444444482e-03 3.150193313940374829e-01
6.555555555555554921e-03 3.323478076596635411e-01
6.666666666666667095e-03 3.080104678149457875e-01
6.777777777777777533e-03 3.465848576556417315e-01
6.888888888888888840e-03 3.409703040547374386e-01
6.999999999999999278e-03 3.652682159752878577e-01
7.111111111111110585e-03 3.413714549640908813e-01
7.222222222222222758e-03 3.896762950667508885e-01
7.333333333333333197e-03 3.656467244083099755e-01
7.444444444444444503e-03 4.371999544681006711e-01
7.555555555555554942e-03 4.276144630951735914e-01
7.666666666666666248e-03 4.591272470944594009e-01
7.777777777777776687e-03 4.781110040602850608e-01
7.888888888888887993e-03 4.586035597995714030e-01
8.000000000000000167e-03 4.714406155696964085e-01
8.111111111111110605e-03 5.107386340482041875e-01
8.222222222222222779e-03 5.178331726392770840e-01
8.333333333333333218e-03 4.790709077004382532e-01
8.444444444444443656e-03 5.890960232645094941e-01
8.555555555555555830e-03 6.429062788558400632e-01
8.666666666666666269e-03 6.775157789195410674e-01
8.777777777777778442e-03 6.506612537233346094e-01
8.888888888888888881e-03 6.762361442612208062e-01
8.999999999999999320e-03 6.382991741977923628e-01
9.111111111111109759e-03 6.591974289730893055e-01
9.222222222222221932e-03 6.607349150633048396e-01
9.333333333333334106e-03 6.668501218954986376e-01
9.444444444444444545e-03 6.618060401401932857e-01
9.555555555555554983e-03 6.298424860900015965e-01
9.666666666666665422e-03 6.145410357108217481e-01
9.777777777777777596e-03 6.549502101372606244e-01
9.888888888888888035e-03 6.865212214728879658e-01
1.000000000000000021e-02 5.993296005817335681e-01
1.011111111111111065e-02 5.832705335292145410e-01
1.022222222222222109e-02 5.624676536597823517e-01
1.033333333333333326e-02 5.746074716812024086e-01
1.044444444444444370e-02 5.968508978195020687e-01
1.055555555555555414e-02 5.832792608765710041e-01
1.066666666666666631e-02 5.970817939465176138e-01
1.077777777777777675e-02 5.761120883513800583e-01
1.088888888888888719e-02 5.780932564903324966e-01
1.100000000000000110e-02 5.776508210173437741e-01
1.111111111111111154e-02 5.545236884433252245e-01
1.122222222222222197e-02 5.309051480900516262e-01
1.133333333333333241e-02 4.968778877742857647e-01
1.144444444444444459e-02 4.814863163955058756e-01
1.155555555555555503e-02 4.232995889183461258e-01
1.166666666666666546e-02 4.368193249287939395e-01
1.177777777777777764e-02 4.118454317501757389e-01
1.188888888888888808e-02 3.724786127691491200e-01
1.199999999999999852e-02 3.431964653387513109e-01
1.211111111111111242e-02 3.740653567796095036e-01
1.222222222222222286e-02 3.582379129945733043e-01
1.233333333333333330e-02 3.421895335571554786e-01
1.244444444444444374e-02 3.385262550919432289e-01
1.255555555555555591e-02 3.519536653982966445e-01
1.266666666666666635e-02 3.401647369663833298e-01
1.277777777777777679e-02 3.162400141456769287e-01
1.288888888888888896e-02 3.417311623002897147e-01
1.299999999999999940e-02 3.395050477070031270e-01
1.311111111111110984e-02 3.532034670886845529e-01
1.322222222222222028e-02 3.651455904243091632e-01
1.333333333333333419e-02 3.423755310018431475e-01
1.344444444444444463e-02 3.896704551577407916e-01
1.355555555555555507e-02 4.013863994755217379e-01
1.366666666666666724e-02 4.053595291525452504e-01
1.377777777777777768e-02 4.355027933462375378e-01
1.388888888888888812e-02 4.653822762366143229e-01
1.399999999999999856e-02 4.198929425515623981e-01
1.411111111111111073e-02 4.338287127222452133e-01
1.422222222222222117e-02 4.210083912746441226e-01
1.433333333333333161e-02 4.264683238431705159e-01
1.444444444444444552e-02 4.031969099760608355e-01
1.455555555555555595e-02 4.424498311513964111e-01
1.466666666666666639e-02 4.107268619783814301e-01
1.477777777777777683e-02 4.169190688784694121e-01
1.488888888888888901e-02 3.991822294277924121e-01
1.499999999999999944e-02 3.690699079173344610e-01
1.511111111111110988e-02 3.724272380872662436e-01
1.522222222222222206e-02 3.458068568919439589e-01
1.533333333333333250e-02 3.374461788411902141e-01
1.544444444444444293e-02 3.199846133730426256e-01
1.555555555555555337e-02 3.148291580421714309e-01
1.566666666666666555e-02 3.039110021207109269e-01
1.577777777777777599e-02 2.930998554958442193e-01
1.588888888888888642e-02 2.926910744008133225e-01
1.600000000000000033e-02 2.751020380096305673e-01
1.611111111111111077e-02 2.677298355050957701e-01
1.622222222222222121e-02 2.608010195718572510e-01
1.633333333333333165e-02 2.467186690061906884e-01
1.644444444444444556e-02 2.446790699931934432e-01
1.655555555555555600e-02 2.333864485043000425e-01
1.666666666666666644e-02 2.193727504662811856e-01
1.677777777777777687e-02 2.174576054891302623e-01
1.688888888888888731e-02 2.105017541617550392e-01
1.699999999999999775e-02 2.023057513859858325e-01
1.711111111111111166e-02 1.954465643496632876e-01
1.722222222222222210e-02 1.886514058642620728e-01
1.733333333333333254e-02 1.867877561232810790e-01
1.744444444444444298e-02 1.791443568233344608e-01
1.755555555555555688e-02 1.740210742668337751e-01
1.766666666666666732e-02 1.716290984967307198e-01
1.777777777777777776e-02 1.672417055739249536e-01
1.788888888888888820e-02 1.578640493147337731e-01
1.799999999999999864e-02 1.575944881906584383e-01
1.811111111111110908e-02 1.517865397673740235e-01
1.822222222222221952e-02 1.496467421987295321e-01
1.833333333333333343e-02 1.456151859368219337e-01
1.844444444444444386e-02 1.444092979758199446e-01
1.855555555555555430e-02 1.391230523981067668e-01
1.866666666666666821e-02 1.379370542993308968e-01
1.877777777777777865e-02 1.334031848759025807e-01
1.888888888888888909e-02 1.309631757813976560e-01
1.899999999999999953e-02 1.285418082206158941e-01
1.911111111111110997e-02 1.253328425567015736e-01
1.922222222222222041e-02 1.234654762971812425e-01
1.933333333333333084e-02 1.203530856970569801e-01
1.944444444444444475e-02 1.170548376051067097e-01
1.955555555555555519e-02 1.139531888935354509e-01
1.966666666666666563e-02 1.138141612750926401e-01
1.977777777777777607e-02 1.103806244136179698e-01
1.988888888888888998e-02 1.089596076028131466e-01
2.000000000000000042e-02 1.067131025099035679e-01
2.011111111111111086e-02 1.045656672434599754e-01
2.022222222222222129e-02 1.026334660468721516e-01
2.033333333333333173e-02 1.012939432418500652e-01
2.044444444444444217e-02 9.879952358919226463e-02
2.055555555555555261e-02 9.637529576892786554e-02
2.066666666666666652e-02 9.490524329121415026e-02
2.077777777777777696e-02 9.279703720535925626e-02
2.088888888888888740e-02 9.177783900199219802e-02
2.100000000000000130e-02 8.926856627667652255e-02
2.111111111111110827e-02 8.763407740816449298e-02
2.122222222222222218e-02 8.683588127548796942e-02
2.133333333333333262e-02 8.566238314384055919e-02
2.144444444444444306e-02 8.396057601849232777e-02
2.155555555555555350e-02 8.313111818532156749e-02
2.166666666666666741e-02 8.085554331301134101e-02
2.177777777777777438e-02 7.963943709814599869e-02
2.188888888888888828e-02 7.786084531795162134e-02
2.200000000000000219e-02 7.651450155426769983e-02
2.211111111111110916e-02 7.510875574592505710e-02
2.222222222222222307e-02 7.440661663250087987e-02
2.233333333333333351e-02 7.370852422331046483e-02
2.244444444444444395e-02 7.257957123571431857e-02
2.255555555555555439e-02 7.124941039861593106e-02
2.266666666666666483e-02 6.977119304026617452e-02
2.277777777777777526e-02 6.899281454625615095e-02
2.288888888888888917e-02 6.818099907088998046e-02
2.299999999999999614e-02 6.670298884490617752e-02
2.311111111111111005e-02 6.622462524454705846e-02
2.322222222222222396e-02 6.551236793617165599e-02
2.333333333333333093e-02 6.457552211700007261e-02
2.344444444444444484e-02 6.328229786503816734e-02
2.355555555555555527e-02 6.226688814483659351e-02
2.366666666666666571e-02 6.132114081994555210e-02
2.377777777777777615e-02 6.059944357315714264e-02
2.388888888888889006e-02 5.957975062203869215e-02
2.399999999999999703e-02 5.918805773985046786e-02
2.411111111111111094e-02 5.779531546262135083e-02
2.422222222222222485e-02 5.649996058097592894e-02
2.433333333333333182e-02 5.617879833622183017e-02
2.444444444444444572e-02 5.585986180166406523e-02
2.455555555555555269e-02 5.522814813018946806e-02
2.466666666666666660e-02 5.446285402845062878e-02
2.477777777777777704e-02 5.389699094320272305e-02
2.488888888888888748e-02 5.325226717923414038e-02
2.499999999999999792e-02 5.288162662937495595e-02
2.511111111111111183e-02 5.196019967743401718e-02
2.522222222222221880e-02 5.090849798442826507e-02
2.533333333333333270e-02 5.041062094130387833e-02
2.544444444444444661e-02 4.968493429186807836e-02
2.555555555555555358e-02 4.920933060290372946e-02
2.566666666666666749e-02 4.860697807785538394e-02
2.577777777777777793e-02 4.804980442127708418e-02
2.588888888888888837e-02 4.754683004520194461e-02
2.599999999999999881e-02 4.686156831262180272e-02
2.611111111111110925e-02 4.601905229832019967e-02
2.622222222222221968e-02 4.555140828296165567e-02
2.633333333333333359e-02 4.479467758070890260e-02
2.644444444444444056e-02 4.436193083410558402e-02
2.655555555555555447e-02 4.406449434159850909e-02
2.666666666666666838e-02 4.409763018398658863e-02
2.677777777777777535e-02 4.364680169974861218e-02
2.688888888888888926e-02 4.337857080957280287e-02
2.699999999999999969e-02 4.275493971600102805e-02
2.711111111111111013e-02 4.247205679344621260e-02
2.722222222222222057e-02 4.218937031563330803e-02
2.733333333333333448e-02 4.177865499323089177e-02
2.744444444444444145e-02 4.138241999605529742e-02
2.755555555555555536e-02 4.067475923847924113e-02
2.766666666666666233e-02 4.006011667526116621e-02
2.777777777777777624e-02 3.946013679944587738e-02
2.788888888888889014e-02 3.894726979474951584e-02
2.799999999999999711e-02 3.842996831487858339e-02
2.811111111111111102e-02 3.843341485861757889e-02
2.822222222222222146e-02 3.791420443217466407e-02
2.833333333333333190e-02 3.760607080983322664e-02
2.844444444444444234e-02 3.737902203109705335e-02
2.855555555555555625e-02 3.680367026625141341e-02
2.866666666666666322e-02 3.656959558846589048e-02
2.877777777777777712e-02 3.617904331559391312e-02
2.888888888888889103e-02 3.586269261487209925e-02
2.899999999999999800e-02 3.522520204106618230e-02
2.911111111111111191e-02 3.505753084334244096e-02
2.922222222222222235e-02 3.474568817346077032e-02
2.933333333333333279e-02 3.447674964455722801e-02
2.944444444444444323e-02 3.420454616966072531e-02
2.955555555555555367e-02 3.385172175400393696e-02
2.966666666666666410e-02 3.359385192758471833e-02
2.977777777777777801e-02 3.339844717788288675e-02
2.988888888888888498e-02 3.292170872640846901e-02
2.999999999999999889e-02 3.262732728885023303e-02
3.011111111111111280e-02 3.231309791056168751e-02
3.022222222222221977e-02 3.192083174036989407e-02
3.033333333333333368e-02 3.167083588489298662e-02
3.044444444444444411e-02 3.150905351876929356e-02
3.055555555555555455e-02 3.112553429954295972e-02
3.066666666666666499e-02 3.078518802034952220e-02
3.077777777777777890e-02 3.059618362357467009e-02
3.088888888888888587e-02 3.018303314729070541e-02
3.099999999999999978e-02 2.986912701203904563e-02
3.111111111111110675e-02 2.974044254672818591e-02
3.122222222222222066e-02 2.940560652192354685e-02
3.133333333333333109e-02 2.917250301466234319e-02
3.144444444444444153e-02 2.898943387272277100e-02
3.155555555555555197e-02 2.864865934225742372e-02
3.166666666666666935e-02 2.842086301286143868e-02
3.177777777777777285e-02 2.821417497140549929e-02
3.188888888888889023e-02 2.780976805855515585e-02
3.200000000000000067e-02 2.768778759836451955e-02
3.211111111111111110e-02 2.737509126514009808e-02
3.222222222222222154e-02 2.719590905937983166e-02
3.233333333333333198e-02 2.697911489779029198e-02
3.244444444444444242e-02 2.674800274092296523e-02
3.255555555555555286e-02 2.655517014870518652e-02
3.266666666666666330e-02 2.634780564783823983e-02
3.277777777777777374e-02 2.623876028802643243e-02
3.288888888888889112e-02 2.607174299356398300e-02
3.299999999999999462e-02 2.574640840304948108e-02
3.311111111111111199e-02 2.562148367310843056e-02
3.322222222222222243e-02 2.534924038282498557e-02
3.333333333333333287e-02 2.513520119119945148e-02
3.344444444444444331e-02 2.512233313445581470e-02
3.355555555555555375e-02 2.480344915170294012e-02
3.366666666666666419e-02 2.459544665636410193e-02
3.377777777777777463e-02 2.443662842653264097e-02
3.388888888888889200e-02 2.422534193063204458e-02
3.399999999999999550e-02 2.400129348157051604e-02
3.411111111111111288e-02 2.388636913831592573e-02
3.422222222222222332e-02 2.380647706613225542e-02
3.433333333333333376e-02 2.356467055914710645e-02
3.444444444444444420e-02 2.326629705574005322e-02
3.455555555555555464e-02 2.305016587567884634e-02
3.466666666666666508e-02 2.295263182747086031e-02
3.477777777777777551e-02 2.280463443163710524e-02
3.488888888888888595e-02 2.267556686101813643e-02
3.499999999999999639e-02 2.253315202020668082e-02
3.511111111111111377e-02 2.231069563203871495e-02
3.522222222222221727e-02 2.214097878217984039e-02
3.533333333333333465e-02 2.205327961750619056e-02
3.544444444444444509e-02 2.183242550118938072e-02
3.555555555555555552e-02 2.176738787992986771e-02
3.566666666666666596e-02 2.159360315974844999e-02
3.577777777777777640e-02 2.146780780001907377e-02
3.588888888888888684e-02 2.136490151242152052e-02
3.599999999999999728e-02 2.115822752162306586e-02
3.611111111111110772e-02 2.107007104877421655e-02
3.622222222222221816e-02 2.077998902277691101e-02
3.633333333333333554e-02 2.070248837273822376e-02
3.644444444444443904e-02 2.056840929078811858e-02
3.655555555555555641e-02 2.043054444102921502e-02
3.666666666666666685e-02 2.022246094518136833e-02
3.677777777777777729e-02 2.014552726140988667e-02
3.688888888888888773e-02 2.004771204535838597e-02
3.699999999999999817e-02 1.980290579665537620e-02
3.711111111111110861e-02 1.968645711730966294e-02
3.722222222222221905e-02 1.961684044235532942e-02
3.733333333333333642e-02 1.955938463395866592e-02
3.744444444444443992e-02 1.938763079966282152e-02
3.755555555555555730e-02 1.922345400742391311e-02
3.766666666666666080e-02 1.908702313522822602e-02
3.777777777777777818e-02 1.898543835439307076e-02
3.788888888888888862e-02 1.891915075306851990e-02
3.799999999999999906e-02 1.878500810949584876e-02
3.811111111111110950e-02 1.870554014397795423e-02
3.822222222222221993e-02 1.855064141663725560e-02
3.833333333333333037e-02 1.843969091152487458e-02
3.844444444444444081e-02 1.834849042767074459e-02
3.855555555555555819e-02 1.826998445768414359e-02
3.866666666666666169e-02 1.816503539376806281e-02
3.877777777777777907e-02 1.802079184225861136e-02
3.888888888888888951e-02 1.786556828779232997e-02
3.899999999999999994e-02 1.773191119893788303e-02
3.911111111111111038e-02 1.763394464317638577e-02
3.922222222222222082e-02 1.756001928280138957e-02
3.933333333333333126e-02 1.746646057363027485e-02
3.944444444444444170e-02 1.736332807451709814e-02
3.955555555555555214e-02 1.724949640565811085e-02
3.966666666666666258e-02 1.717914449798755086e-02
3.977777777777777996e-02 1.700554009710422351e-02
3.988888888888888345e-02 1.687358195298727104e-02
4.000000000000000083e-02 1.674423730615114819e-02
4.011111111111111127e-02 1.661328703851474436e-02
4.022222222222222171e-02 1.652609550755369111e-02
4.033333333333333215e-02 1.646596543725163328e-02
4.044444444444444259e-02 1.639088889092939552e-02
4.055555555555555303e-02 1.629917861163574649e-02
4.066666666666666347e-02 1.615290276957184745e-02
4.077777777777778084e-02 1.606734924169231360e-02
4.088888888888888434e-02 1.595956944937792013e-02
4.100000000000000172e-02 1.586679691299835646e-02
4.111111111111110522e-02 1.573443449216043594e-02
4.122222222222222260e-02 1.563059926805372354e-02
4.133333333333333304e-02 1.556944585494270637e-02
4.144444444444444348e-02 1.547896908685107188e-02
4.155555555555555391e-02 1.540455043412130784e-02
4.166666666666666435e-02 1.531267103947659726e-02
4.177777777777777479e-02 1.519608567409103626e-02
4.188888888888888523e-02 1.508074545845014894e-02
4.200000000000000261e-02 1.501862254089461265e-02
4.211111111111110611e-02 1.489540160541476602e-02
4.222222222222221655e-02 1.483441249595921115e-02
4.233333333333333393e-02 1.470908907033126843e-02
4.244444444444444436e-02 1.463451984654921649e-02
4.255555555555554786e-02 1.454990739039259406e-02
4.266666666666666524e-02 1.447941232490673920e-02
4.277777777777777568e-02 1.440983491118385043e-02
4.288888888888888612e-02 1.427851865784133222e-02
4.300000000000000350e-02 1.421171077883836599e-02
4.311111111111110700e-02 1.413645295469836798e-02
4.322222222222221744e-02 1.404357579136891743e-02
4.333333333333333481e-02 1.397250703720086425e-02
4.344444444444444525e-02 1.390615649798065956e-02
4.355555555555554875e-02 1.384716632117361824e-02
4.366666666666666613e-02 1.378642248613669817e-02
4.377777777777777657e-02 1.368311810873302538e-02
4.388888888888888701e-02 1.365223326382391036e-02
4.400000000000000439e-02 1.358414025183658433e-02
4.411111111111110789e-02 1.350372587440958234e-02
4.422222222222221832e-02 1.339180763369257968e-02
4.433333333333333570e-02 1.330835864737316826e-02
4.444444444444444614e-02 1.321508413954104906e-02
4.455555555555554964e-02 1.311336825163362217e-02
4.466666666666666702e-02 1.303668679774196842e-02
4.477777777777777746e-02 1.296920543949800150e-02
4.488888888888888790e-02 1.290877684123069823e-02
4.500000000000000527e-02 1.287903557986657885e-02
4.511111111111110877e-02 1.280880021028365894e-02
4.522222222222221921e-02 1.276927782824630216e-02
4.533333333333332965e-02 1.273046078624033746e-02
4.544444444444444703e-02 1.266372829071714216e-02
4.555555555555555053e-02 1.259867907294791659e-02
4.566666666666666097e-02 1.255130352419248085e-02
4.577777777777777835e-02 1.247098099224689532e-02
4.588888888888888878e-02 1.238485704797809284e-02
4.599999999999999228e-02 1.236802095582255345e-02
4.611111111111110966e-02 1.229866254622618074e-02
4.622222222222222010e-02 1.226246165665755873e-02
4.633333333333333054e-02 1.220955736320027303e-02
4.644444444444444792e-02 1.212051049465337656e-02
4.655555555555555142e-02 1.206145573951250896e-02
4.666666666666666186e-02 1.201374307658506675e-02
4.677777777777777923e-02 1.194639154492052775e-02
4.688888888888888967e-02 1.190779237175173047e-02
4.699999999999999317e-02 1.185742964269307503e-02
4.711111111111111055e-02 1.179467529664486938e-02
4.722222222222222099e-02 1.175372356520438567e-02
4.733333333333333143e-02 1.170902884873651142e-02
4.744444444444444881e-02 1.165646348337754865e-02
4.755555555555555231e-02 1.158335266227306613e-02
4.766666666666666274e-02 1.157256927655146012e-02
4.777777777777778012e-02 1.151484908369040938e-02
4.788888888888889056e-02 1.145764849083840721e-02
4.799999999999999406e-02 1.137794108985221327e-02
4.811111111111111144e-02 1.131489152033444620e-02
4.822222222222222188e-02 1.127356686973850566e-02
4.833333333333333232e-02 1.122347114253653862e-02
4.844444444444444969e-02 1.117697664340446158e-02
4.855555555555555319e-02 1.111692058044255055e-02
4.866666666666666363e-02 1.104316189283369339e-02
4.877777777777777407e-02 1.101041609149964323e-02
4.888888888888889145e-02 1.098374449909940952e-02
4.899999999999999495e-02 1.093531401903651522e-02
4.911111111111110539e-02 1.083391719671458406e-02
4.922222222222222276e-02 1.074961779708008026e-02
4.933333333333333320e-02 1.069921645291613613e-02
4.944444444444443670e-02 1.065279540138330643e-02
4.955555555555555408e-02 1.057871702571802630e-02
4.966666666666666452e-02 1.053525573694118721e-02
4.977777777777777496e-02 1.048674851434761544e-02
4.988888888888889234e-02 1.042760024547936815e-02
4.999999999999999584e-02 1.038453320625968429e-02
5.011111111111110628e-02 1.029739787443390703e-02
5.022222222222222365e-02 1.026023861520135652e-02
5.033333333333333409e-02 1.020284213929160966e-02
5.044444444444443759e-02 1.017467870079592947e-02
5.055555555555555497e-02 1.013278634480278481e-02
5.066666666666666541e-02 1.008900650564739133e-02
5.077777777777777585e-02 1.007252356250401201e-02
5.088888888888889322e-02 1.002679060608993415e-02
5.099999999999999672e-02 9.970101915610707355e-03
5.111111111111110716e-02 9.898637329753984596e-03
5.122222222222222454e-02 9.868748650676845841e-03
5.133333333333333498e-02 9.847726065910384144e-03
5.144444444444443848e-02 9.772033470277901104e-03
5.155555555555555586e-02 9.737018058307031140e-03
5.166666666666666630e-02 9.733226046805276005e-03
5.177777777777777674e-02 9.711398222922202825e-03
5.188888888888888024e-02 9.648778435419523569e-03
5.199999999999999761e-02 9.591374211162519495e-03
5.211111111111110805e-02 9.543986647303546664e-03
5.222222222222221849e-02 9.488265051151001037e-03
5.233333333333333587e-02 9.449670036500401951e-03
5.244444444444443937e-02 9.418364015480745408e-03
5.255555555555554981e-02 9.354349340297716739e-03
5.266666666666666718e-02 9.315388443216630898e-03
5.277777777777777762e-02 9.289159386589732406e-03
5.288888888888888112e-02 9.240348367311706015e-03
5.299999999999999850e-02 9.213919337476646557e-03
5.311111111111110894e-02 9.168939199458952041e-03
5.322222222222221938e-02 9.102343294232784557e-03
5.333333333333333676e-02 9.077389619049240632e-03
5.344444444444444026e-02 9.064508885169962268e-03
5.355555555555555070e-02 9.037966917909255257e-03
5.366666666666666807e-02 8.981485256782157159e-03
5.377777777777777851e-02 8.946376495877475174e-03
5.388888888888888201e-02 8.903380347296397171e-03
5.399999999999999939e-02 8.876177508798929056e-03
5.411111111111110983e-02 8.818053912263432506e-03
5.422222222222222027e-02 8.782370517519297662e-03
5.433333333333333764e-02 8.742859511470317882e-03
5.444444444444444114e-02 8.699848165774789338e-03
5.455555555555555158e-02 8.648290579523541452e-03
5.466666666666666896e-02 8.622092306655865235e-03
5.477777777777777940e-02 8.598169418065215383e-03
5.488888888888888290e-02 8.553817390707886201e-03
5.500000000000000028e-02 8.533675140107069290e-03
5.511111111111111072e-02 8.491115483240599046e-03
5.522222222222222116e-02 8.479461843271618102e-03
5.533333333333332466e-02 8.442288704277222527e-03
5.544444444444444203e-02 8.408379117243097722e-03
5.555555555555555247e-02 8.367674665940377787e-03
5.566666666666666291e-02 8.334663229815197222e-03
5.577777777777778029e-02 8.301918360545590056e-03
5.588888888888888379e-02 8.282576362977845524e-03
5.599999999999999423e-02 8.250217280313202131e-03
5.611111111111111160e-02 8.217347224162216413e-03
5.622222222222222204e-02 8.161387076275403510e-03
5.633333333333332554e-02 8.140404012895900016e-03
5.644444444444444292e-02 8.110186286716001766e-03
5.655555555555555336e-02 8.067089774929451715e-03
5.666666666666666380e-02 8.049904488279451681e-03
5.677777777777778118e-02 8.027081681942535574e-03
5.688888888888888468e-02 8.008797698340871032e-03
5.699999999999999512e-02 7.966702140892472153e-03
5.711111111111111249e-02 7.949628906199053546e-03
5.722222222222222293e-02 7.909212952725818910e-03
5.733333333333332643e-02 7.875481877262427780e-03
5.744444444444444381e-02 7.840594629428286610e-03
5.755555555555555425e-02 7.811797299736623207e-03
5.766666666666666469e-02 7.783963800590048762e-03
5.777777777777778206e-02 7.731145744785997663e-03
5.788888888888888556e-02 7.718792489362963707e-03
5.799999999999999600e-02 7.716499068498703165e-03
5.811111111111111338e-02 7.702757308786997888e-03
5.822222222222222382e-02 7.666175414374080087e-03
5.833333333333332732e-02 7.643495264329736201e-03
5.844444444444444470e-02 7.594399154234987570e-03
5.855555555555555514e-02 7.555108669158283954e-03
5.866666666666666557e-02 7.539796763117223577e-03
5.877777777777776907e-02 7.507149728313112363e-03
5.888888888888888645e-02 7.482344070699070010e-03
5.899999999999999689e-02 7.461073991016013533e-03
5.911111111111110733e-02 7.441883232736186925e-03
5.922222222222222471e-02 7.425801315195373377e-03
5.933333333333332821e-02 7.403851479185066982e-03
5.944444444444443865e-02 7.369037600819514089e-03
5.955555555555555602e-02 7.328990338179887376e-03
5.966666666666666646e-02 7.298533417955917549e-03
5.977777777777776996e-02 7.302184361080878497e-03
5.988888888888888734e-02 7.264573965233895279e-03
5.999999999999999778e-02 7.227172541207572271e-03
6.011111111111110822e-02 7.216806964775223342e-03
6.022222222222222560e-02 7.189992777166446733e-03
6.033333333333332910e-02 7.180565794979615855e-03
6.044444444444443953e-02 7.170161859224660587e-03
6.055555555555555691e-02 7.139579684869563903e-03
6.066666666666666735e-02 7.097620210480801856e-03
6.077777777777777085e-02 7.059585326677628690e-03
6.088888888888888823e-02 7.047878963289073984e-03
6.099999999999999867e-02 7.021345410970788667e-03
6.111111111111110911e-02 7.017503574682842568e-03
6.122222222222222648e-02 6.985621160224826480e-03
6.133333333333332998e-02 6.964572843108579950e-03
6.144444444444444042e-02 6.932658829071637260e-03
6.155555555555555780e-02 6.925414793131437659e-03
6.166666666666666824e-02 6.904094886688484298e-03
6.177777777777777174e-02 6.886455601477016290e-03
6.188888888888888912e-02 6.865659235492139328e-03
6.199999999999999956e-02 6.856395944008011022e-03
6.211111111111110999e-02 6.845209585459734181e-03
6.222222222222221349e-02 6.828894903255343200e-03
6.233333333333333087e-02 6.815164704916915929e-03
6.244444444444444131e-02 6.783999614853055381e-03
6.255555555555554481e-02 6.759484064854121704e-03
6.266666666666666219e-02 6.735597783742768019e-03
6.277777777777777957e-02 6.706603978184291596e-03
6.288888888888888307e-02 6.667941637112215561e-03
6.300000000000000044e-02 6.645091461984697565e-03
6.311111111111110394e-02 6.628892908304649320e-03
6.322222222222222132e-02 6.610103682588916799e-03
6.333333333333333870e-02 6.592734057699342967e-03
6.344444444444444220e-02 6.560686962166094663e-03
6.355555555555554570e-02 6.547834687191047762e-03
6.366666666666666308e-02 6.531178549086369585e-03
6.377777777777778045e-02 6.509109994194252000e-03
6.388888888888888395e-02 6.488120055393240340e-03
6.400000000000000133e-02 6.458660168959587389e-03
6.411111111111110483e-02 6.446724935595542043e-03
6.422222222222222221e-02 6.425351909366446013e-03
6.433333333333333959e-02 6.390630534285403688e-03
6.444444444444444309e-02 6.375483526584565380e-03
6.455555555555554659e-02 6.349093154482229190e-03
6.466666666666666397e-02 6.331261223227436889e-03
6.477777777777778134e-02 6.323250181553803986e-03
6.488888888888888484e-02 6.288699640261668361e-03
6.500000000000000222e-02 6.269365110545024357e-03
6.511111111111110572e-02 6.256924604661433416e-03
6.522222222222222310e-02 6.234701644886896099e-03
6.533333333333332660e-02 6.219315771789654321e-03
6.544444444444444398e-02 6.207375685765270310e-03
6.555555555555554748e-02 6.180020108762914952e-03
6.566666666666666485e-02 6.139672444337601967e-03
6.577777777777778223e-02 6.123434104324761151e-03
6.588888888888888573e-02 6.103419766352713612e-03
6.599999999999998923e-02 6.076949903815158024e-03
6.611111111111110661e-02 6.057113754575714666e-03
6.622222222222222399e-02 6.034685480657695639e-03
6.633333333333332749e-02 6.015711859921358054e-03
6.644444444444444486e-02 6.004361850102722317e-03
6.655555555555554836e-02 5.994390601490031008e-03
6.666666666666666574e-02 5.982358422484243890e-03
6.677777777777778312e-02 5.963763954537167587e-03
6.688888888888888662e-02 5.951567063419086444e-03
6.699999999999999012e-02 5.949898846915070531e-03
6.711111111111110750e-02 5.932341010829557566e-03
6.722222222222222487e-02 5.912551056132307400e-03
6.733333333333332837e-02 5.889068631886605447e-03
6.744444444444444575e-02 5.870513046416449623e-03
6.755555555555554925e-02 5.847022075612141878e-03
6.766666666666666663e-02 5.826523170607822259e-03
6.777777777777778401e-02 5.805806624700400945e-03
6.788888888888888751e-02 5.802775912342223071e-03
6.799999999999999101e-02 5.784135217547821048e-03
6.811111111111110838e-02 5.759184516146906990e-03
6.822222222222222576e-02 5.739345897263692896e-03
6.833333333333332926e-02 5.724179915840340444e-03
6.844444444444444664e-02 5.711133609640876158e-03
6.855555555555555014e-02 5.700185120748445938e-03
6.866666666666666752e-02 5.686919301829649297e-03
6.877777777777777102e-02 5.673930038190056792e-03
6.888888888888888840e-02 5.653671887621281034e-03
6.899999999999999190e-02 5.642544782256010173e-03
6.911111111111110927e-02 5.618718782972311095e-03
6.922222222222222665e-02 5.593284794423438074e-03
6.933333333333333015e-02 5.583433793595298476e-03
6.944444444444443365e-02 5.578666526377278924e-03
6.955555555555555103e-02 5.578895379364874965e-03
6.966666666666666841e-02 5.570688158058714409e-03
6.977777777777777191e-02 5.550446302687349689e-03
6.988888888888888928e-02 5.516864461018012623e-03
6.999999999999999278e-02 5.514559158708515554e-03
7.011111111111111016e-02 5.505604648613134436e-03
7.022222222222222754e-02 5.497190435172640867e-03
7.033333333333333104e-02 5.470443860922198295e-03
7.044444444444443454e-02 5.452877334185863949e-03
7.055555555555555192e-02 5.445948892085735078e-03
7.066666666666666929e-02 5.432726373555636645e-03
7.077777777777777279e-02 5.417565150110023424e-03
7.088888888888889017e-02 5.393190557449485840e-03
7.099999999999999367e-02 5.377550065648576891e-03
7.111111111111111105e-02 5.373642093579712210e-03
7.122222222222222843e-02 5.359185586708605994e-03
7.133333333333333193e-02 5.352663449768652569e-03
7.144444444444443543e-02 5.355556342303777369e-03
7.155555555555555280e-02 5.345008143844671468e-03
7.166666666666667018e-02 5.324210644875859537e-03
7.177777777777777368e-02 5.308658788716933731e-03
7.188888888888889106e-02 5.282939483605643763e-03
7.199999999999999456e-02 5.273544483666591821e-03
7.211111111111111194e-02 5.247052695706395584e-03
7.222222222222221544e-02 5.237528373658153873e-03
7.233333333333333282e-02 5.228870793389958811e-03
7.244444444444443632e-02 5.226949216755530023e-03
7.255555555555555369e-02 5.194265785414449617e-03
7.266666666666667107e-02 5.183630342928929879e-03
7.277777777777777457e-02 5.171164763195099795e-03
7.288888888888887807e-02 5.162862486993333513e-03
7.299999999999999545e-02 5.148632725849441524e-03
7.311111111111111283e-02 5.136198990366184700e-03
7.322222222222221633e-02 5.121821655748350945e-03
7.333333333333333370e-02 5.100479528762866602e-03
7.344444444444443720e-02 5.072074879115464653e-03
7.355555555555555458e-02 5.060707755818912891e-03
7.366666666666667196e-02 5.063243322459320787e-03
7.377777777777777546e-02 5.040976578536629157e-03
7.388888888888887896e-02 5.014722972437857772e-03
7.399999999999999634e-02 5.002210764201727930e-03
7.411111111111111371e-02 4.982154289887918280e-03
7.422222222222221721e-02 4.986552262715157786e-03
7.433333333333333459e-02 4.981493111411265662e-03
7.444444444444443809e-02 4.978347446977639951e-03
7.455555555555555547e-02 4.960475839386120286e-03
7.466666666666667285e-02 4.949669275708532684e-03
7.477777777777777635e-02 4.927966357267206908e-03
7.488888888888887985e-02 4.915974506943853253e-03
7.499999999999999722e-02 4.894879160926229357e-03
7.511111111111111460e-02 4.880265766713309979e-03
7.522222222222221810e-02 4.866121154064448860e-03
7.533333333333332160e-02 4.854653598054019942e-03
7.544444444444443898e-02 4.830850868812435438e-03
7.555555555555555636e-02 4.824913890792431256e-03
7.566666666666665986e-02 4.810005426829985428e-03
7.577777777777777724e-02 4.800569182011563130e-03
7.588888888888888073e-02 4.786021040100330720e-03
7.599999999999999811e-02 4.770028562548074037e-03
7.611111111111111549e-02 4.767930315516619860e-03
7.622222222222221899e-02 4.752127495335543503e-03
7.633333333333332249e-02 4.735261024407832683e-03
7.644444444444443987e-02 4.728594422010371986e-03
7.655555555555555725e-02 4.712607173721898579e-03
7.666666666666666075e-02 4.703593150637320162e-03
7.677777777777777812e-02 4.697112442338119941e-03
7.688888888888888162e-02 4.675556627912344498e-03
7.699999999999999900e-02 4.675544525048012240e-03
7.711111111111111638e-02 4.665706673100180994e-03
7.722222222222221988e-02 4.656961548187711630e-03
7.733333333333332338e-02 4.648768507543010395e-03
7.744444444444444076e-02 4.627794377965805533e-03
7.755555555555555813e-02 4.612377930345515874e-03
7.766666666666666163e-02 4.607068028577320819e-03
7.777777777777777901e-02 4.597714790126772311e-03
7.788888888888888251e-02 4.589304162993681699e-03
7.799999999999999989e-02 4.576030089786639957e-03
7.811111111111111727e-02 4.567022472364929732e-03
7.822222222222222077e-02 4.564805843661732393e-03
7.833333333333332427e-02 4.557965809337945380e-03
7.844444444444444164e-02 4.523933855663495734e-03
7.855555555555555902e-02 4.521689006923469353e-03
7.866666666666666252e-02 4.511521334353777411e-03
7.877777777777776602e-02 4.511018411355245325e-03
7.888888888888888340e-02 4.508751062192741486e-03
7.900000000000000078e-02 4.514657198791244795e-03
7.911111111111110428e-02 4.508564308350451570e-03
7.922222222222222165e-02 4.498748371311620670e-03
7.933333333333332515e-02 4.490745997756654187e-03
7.944444444444444253e-02 4.478767513261602308e-03
7.955555555555555991e-02 4.466763651826611246e-03
7.966666666666666341e-02 4.452546430691271644e-03
7.977777777777776691e-02 4.443503204037709160e-03
7.988888888888888429e-02 4.428338426911223799e-03
8.000000000000000167e-02 4.411827118776861720e-03
8.011111111111110517e-02 4.400659212726270100e-03
8.022222222222222254e-02 4.397192131157526968e-03
8.033333333333332604e-02 4.377356456140538317e-03
8.044444444444444342e-02 4.382056036839296863e-03
8.055555555555556080e-02 4.373157499291259291e-03
8.066666666666666430e-02 4.353776025726951125e-03
8.077777777777776780e-02 4.358938969356145401e-03
8.088888888888888518e-02 4.345012212165530463e-03
8.100000000000000255e-02 4.341071072262748035e-03
8.111111111111110605e-02 4.331972105766416364e-03
8.122222222222222343e-02 4.320075248402542936e-03
8.133333333333332693e-02 4.310249162277190321e-03
8.144444444444444431e-02 4.292385518168516899e-03
8.155555555555556169e-02 4.283724293436579761e-03
8.166666666666666519e-02 4.261894501409538467e-03
8.177777777777776869e-02 4.252022919097130267e-03
8.188888888888888606e-02 4.234271939889077546e-03
8.200000000000000344e-02 4.229565256886651942e-03
8.211111111111110694e-02 4.220394379545517986e-03
8.222222222222221044e-02 4.212513461314312466e-03
8.233333333333332782e-02 4.213711647398328715e-03
8.244444444444444520e-02 4.196862345581318758e-03
8.255555555555554870e-02 4.194482311036982006e-03
8.266666666666666607e-02 4.192551110561417750e-03
8.277777777777776957e-02 4.185591970097183798e-03
8.288888888888888695e-02 4.174815351298103577e-03
8.300000000000000433e-02 4.174218785179244044e-03
8.311111111111110783e-02 4.172923953290748680e-03
8.322222222222221133e-02 4.161507800446146918e-03
8.333333333333332871e-02 4.159727205604722700e-03
8.344444444444444609e-02 4.152297907561271033e-03
8.355555555555554959e-02 4.136520605055765340e-03
8.366666666666666696e-02 4.135884405487623774e-03
8.377777777777777046e-02 4.123809191558492140e-03
8.388888888888888784e-02 4.104317834947888294e-03
8.400000000000000522e-02 4.087120222685403613e-03
8.411111111111109484e-02 4.075693656790798855e-03
8.422222222222221222e-02 4.058980135560654942e-03
8.433333333333332960e-02 4.051158909226000929e-03
8.444444444444443310e-02 4.040816518356813228e-03
8.455555555555555047e-02 4.022149384043650217e-03
8.466666666666666785e-02 4.012722595810670582e-03
8.477777777777777135e-02 4.007413495591100744e-03
8.488888888888888873e-02 3.994238458060970880e-03
8.500000000000000611e-02 3.990070376477023242e-03
8.511111111111109573e-02 3.976831498118065140e-03
8.522222222222221311e-02 3.980435825811557207e-03
8.533333333333333048e-02 3.975332617967327307e-03
8.544444444444443398e-02 3.957583718662335132e-03
8.555555555555555136e-02 3.957548188991404960e-03
8.566666666666666874e-02 3.948316583087229867e-03
8.577777777777777224e-02 3.945884267463127364e-03
8.588888888888888962e-02 3.943282593284072254e-03
8.600000000000000699e-02 3.940440959011221912e-03
8.611111111111109662e-02 3.943126864182583922e-03
8.622222222222221399e-02 3.935927799288671362e-03
8.633333333333333137e-02 3.929790904434484616e-03
8.644444444444443487e-02 3.910705045848292608e-03
8.655555555555555225e-02 3.908135396151559554e-03
8.666666666666666963e-02 3.882451913525244904e-03
8.677777777777777313e-02 3.871304841064346532e-03
8.688888888888889050e-02 3.861095428485486827e-03
8.700000000000000788e-02 3.854768129529344885e-03
8.711111111111109750e-02 3.858556365495455914e-03
8.722222222222221488e-02 3.844548795249346125e-03
8.733333333333333226e-02 3.851381571417362721e-03
8.744444444444443576e-02 3.839010455184402662e-03
8.755555555555555314e-02 3.825227012550179266e-03
8.766666666666667052e-02 3.814047174286083926e-03
8.777777777777777402e-02 3.800030492321830253e-03
8.788888888888889139e-02 3.790141669874255801e-03
8.800000000000000877e-02 3.779630185654239780e-03
8.811111111111109839e-02 3.772196580210791534e-03
8.822222222222221577e-02 3.765616081154715168e-03
8.833333333333333315e-02 3.753761254158142005e-03
8.844444444444443665e-02 3.750041017509555836e-03
8.855555555555555403e-02 3.748741094854126168e-03
8.866666666666667140e-02 3.737964435407481207e-03
8.877777777777777490e-02 3.736454381707610996e-03
8.888888888888889228e-02 3.737156632721056696e-03
8.900000000000000966e-02 3.724892642335595350e-03
8.911111111111109928e-02 3.727013734429373594e-03
8.922222222222221666e-02 3.708635588685113733e-03
8.933333333333333404e-02 3.710195410756697652e-03
8.944444444444443754e-02 3.704571611682405501e-03
8.955555555555555491e-02 3.690710874077212343e-03
8.966666666666667229e-02 3.690242094727835646e-03
8.977777777777777579e-02 3.680031185455935171e-03
8.988888888888889317e-02 3.684085307048170447e-03
9.000000000000001055e-02 3.672387084869823456e-03
9.011111111111110017e-02 3.674139236306943508e-03
9.022222222222221755e-02 3.681574629415124578e-03
9.033333333333333492e-02 3.668626529868186572e-03
9.044444444444443842e-02 3.661423036621412955e-03
9.055555555555555580e-02 3.644830616740056973e-03
9.066666666666665930e-02 3.632517590130904250e-03
9.077777777777777668e-02 3.631242830448438551e-03
9.088888888888889406e-02 3.634043765327952917e-03
9.099999999999998368e-02 3.611649924972852414e-03
9.111111111111110106e-02 3.583878524468083523e-03
9.122222222222221844e-02 3.581485708603140278e-03
9.133333333333332194e-02 3.564918091746601889e-03
9.144444444444443931e-02 3.567778728571463758e-03
9.155555555555555669e-02 3.564157767591586302e-03
9.166666666666666019e-02 3.562015823842560117e-03
9.177777777777777757e-02 3.557507788886011754e-03
9.188888888888889495e-02 3.542231145820364316e-03
9.199999999999998457e-02 3.543075418573504980e-03
9.211111111111110195e-02 3.532733203214830087e-03
9.222222222222221932e-02 3.522264465641534222e-03
9.233333333333332282e-02 3.509704623787263372e-03
9.244444444444444020e-02 3.515549397669115710e-03
9.255555555555555758e-02 3.519314665988347319e-03
9.266666666666666108e-02 3.501011588605436580e-03
9.277777777777777846e-02 3.492575397835560001e-03
9.288888888888889583e-02 3.484533086849290941e-03
9.299999999999998546e-02 3.472233709361428021e-03
9.311111111111110283e-02 3.464299330649198670e-03
9.322222222222222021e-02 3.464059850884732266e-03
9.333333333333332371e-02 3.456819199795188504e-03
9.344444444444444109e-02 3.460439394462624073e-03
9.355555555555555847e-02 3.443560371818435873e-03
9.366666666666666197e-02 3.449151964740839425e-03
9.377777777777777934e-02 3.438320610558404967e-03
9.388888888888889672e-02 3.426051844830122362e-03
9.399999999999998634e-02 3.420307162501929482e-03
9.411111111111110372e-02 3.414084269341706446e-03
9.422222222222222110e-02 3.424913781380839722e-03
9.433333333333332460e-02 3.422962072064837484e-03
9.444444444444444198e-02 3.411271869793920924e-03
9.455555555555555935e-02 3.401893780060636328e-03
9.466666666666666285e-02 3.412263911687140293e-03
9.477777777777778023e-02 3.410010365167636791e-03
9.488888888888889761e-02 3.405188501550524601e-03
9.499999999999998723e-02 3.405082253419548181e-03
9.511111111111110461e-02 3.399451280874821613e-03
9.522222222222222199e-02 3.404980282730401750e-03
9.533333333333332549e-02 3.392546343825143893e-03
9.544444444444444287e-02 3.397450156617038558e-03
9.555555555555556024e-02 3.391099565524447867e-03
9.566666666666666374e-02 3.384333046539722382e-03
9.577777777777778112e-02 3.403044373092011746e-03
9.588888888888889850e-02 3.397878708761561169e-03
9.599999999999998812e-02 3.384067352023153834e-03
9.611111111111110550e-02 3.381229548878659456e-03
9.622222222222222288e-02 3.371150566928606766e-03
9.633333333333332638e-02 3.358993443068422017e-03
9.644444444444444375e-02 3.371948339176061848e-03
9.655555555555556113e-02 3.366131332823489759e-03
9.666666666666666463e-02 3.367399759899194437e-03
9.677777777777778201e-02 3.349510246407191947e-03
9.688888888888889939e-02 3.350279073738081023e-03
9.699999999999998901e-02 3.339979304424897915e-03
9.711111111111110639e-02 3.327716655746627665e-03
9.722222222222220989e-02 3.318248988690951796e-03
9.733333333333332726e-02 3.302286386037409267e-03
9.744444444444444464e-02 3.303291505235975319e-03
9.755555555555554814e-02 3.292076882506385360e-03
9.766666666666666552e-02 3.286239841389071523e-03
9.777777777777778290e-02 3.250860711225558863e-03
9.788888888888887252e-02 3.251110465280386465e-03
9.799999999999998990e-02 3.239889683081131292e-03
9.811111111111110727e-02 3.253602646484438001e-03
9.822222222222221077e-02 3.259052514067925076e-03
9.833333333333332815e-02 3.251514254531969340e-03
9.844444444444444553e-02 3.251536799524432954e-03
9.855555555555554903e-02 3.251276236287908503e-03
9.866666666666666641e-02 3.242363121215541353e-03
9.877777777777778379e-02 3.230338101789985428e-03
9.888888888888887341e-02 3.229662799843780515e-03
9.899999999999999079e-02 3.215296588823427382e-03
9.911111111111110816e-02 3.213382468852322288e-03
9.922222222222221166e-02 3.215208271342816487e-03
9.933333333333332904e-02 3.219548887821813924e-03
9.944444444444444642e-02 3.206894826787945896e-03
9.955555555555554992e-02 3.191022038599285616e-03
9.966666666666666730e-02 3.179007562270365003e-03
9.977777777777778467e-02 3.157459739731112349e-03
9.988888888888887430e-02 3.155653705584349211e-03
9.999999999999999167e-02 3.166284089620446593e-03
1.001111111111111091e-01 3.160912001731483977e-03
1.002222222222222126e-01 3.141833703594752898e-03
1.003333333333333299e-01 3.132775725010346433e-03
1.004444444444444473e-01 3.149753100559304735e-03
1.005555555555555508e-01 3.145652533622498703e-03
1.006666666666666682e-01 3.154996929887416823e-03
1.007777777777777856e-01 3.148832831745675652e-03
1.008888888888888752e-01 3.129454667949442982e-03
1.009999999999999926e-01 3.111514689899668763e-03
1.011111111111111099e-01 3.102030264365561105e-03
1.012222222222222134e-01 3.107013778578362855e-03
1.013333333333333308e-01 3.093126483548396064e-03
1.014444444444444482e-01 3.089023321942272523e-03
1.015555555555555517e-01 3.077389028160186241e-03
1.016666666666666691e-01 3.081800227508039308e-03
1.017777777777777864e-01 3.063465220052712188e-03
1.018888888888888761e-01 3.066990257268457747e-03
1.019999999999999934e-01 3.071122810218868474e-03
1.021111111111111108e-01 3.060062918771326492e-03
1.022222222222222143e-01 3.056369212077805590e-03
1.023333333333333317e-01 3.054876537524166876e-03
1.024444444444444491e-01 3.048016259048189763e-03
1.025555555555555526e-01 3.034831539642137820e-03
1.026666666666666700e-01 3.036570339523659776e-03
1.027777777777777873e-01 3.021801348307168004e-03
1.028888888888888770e-01 3.003464317329933124e-03
1.029999999999999943e-01 3.002029953676106644e-03
1.031111111111111117e-01 2.993851476958963708e-03
1.032222222222222152e-01 2.994604436925307669e-03
1.033333333333333326e-01 2.993221348973890486e-03
1.034444444444444500e-01 2.984244825912031520e-03
1.035555555555555535e-01 2.974536811733353124e-03
1.036666666666666708e-01 2.960095885478125112e-03
1.037777777777777605e-01 2.963741600691194907e-03
1.038888888888888778e-01 2.962991644243988774e-03
1.039999999999999952e-01 2.962377328624834355e-03
1.041111111111110987e-01 2.959097536695477933e-03
1.042222222222222161e-01 2.956565814000061774e-03
1.043333333333333335e-01 2.942972238152326281e-03
1.044444444444444370e-01 2.942286195759984298e-03
1.045555555555555544e-01 2.954012794841272879e-03
1.046666666666666717e-01 2.942656649676923461e-03
1.047777777777777614e-01 2.937478183607793343e-03
1.048888888888888787e-01 2.940021313044468513e-03
1.049999999999999961e-01 2.935482966498832898e-03
1.051111111111110996e-01 2.939683761662523209e-03
1.052222222222222170e-01 2.933689065270586420e-03
1.053333333333333344e-01 2.922300051605136034e-03
1.054444444444444379e-01 2.915146268534734349e-03
1.055555555555555552e-01 2.918545753384256709e-03
1.056666666666666726e-01 2.914943431466338920e-03
1.057777777777777622e-01 2.922829722945773177e-03
1.058888888888888796e-01 2.929672337125811560e-03
1.059999999999999970e-01 2.933320530035378980e-03
1.061111111111111005e-01 2.937624134562919626e-03
1.062222222222222179e-01 2.931707039903350565e-03
1.063333333333333353e-01 2.928404502141340997e-03
1.064444444444444388e-01 2.922412647092826037e-03
1.065555555555555561e-01 2.910106018583049573e-03
1.066666666666666735e-01 2.918291708231548869e-03
1.067777777777777631e-01 2.914455962307928479e-03
1.068888888888888805e-01 2.899535987943978755e-03
1.069999999999999979e-01 2.888447025124272170e-03
1.071111111111111014e-01 2.898192903395446079e-03
1.072222222222222188e-01 2.895689781131349609e-03
1.073333333333333361e-01 2.894768868305357557e-03
1.074444444444444396e-01 2.889289213296452295e-03
1.075555555555555570e-01 2.894266129442425468e-03
1.076666666666666744e-01 2.885053055556997207e-03
1.077777777777777640e-01 2.881874366443150110e-03
1.078888888888888814e-01 2.880173601262409847e-03
1.079999999999999988e-01 2.873812627222633101e-03
1.081111111111111023e-01 2.871116302098080872e-03
1.082222222222222197e-01 2.859366654684605477e-03
1.083333333333333370e-01 2.851551097995213419e-03
1.084444444444444405e-01 2.832404580897370308e-03
1.085555555555555579e-01 2.838522960061237981e-03
1.086666666666666753e-01 2.838714184606923492e-03
1.087777777777777649e-01 2.840771398230287036e-03
1.088888888888888823e-01 2.834909447922073604e-03
1.089999999999999997e-01 2.833619757625762802e-03
1.091111111111111032e-01 2.827674295307481232e-03
1.092222222222222205e-01 2.818968674971591027e-03
1.093333333333333379e-01 2.807472676428104594e-03
1.094444444444444414e-01 2.802196690118303937e-03
1.095555555555555588e-01 2.805726599441523902e-03
1.096666666666666762e-01 2.795980231929650825e-03
1.097777777777777658e-01 2.782994484604602546e-03
1.098888888888888832e-01 2.780904453280973795e-03
1.100000000000000006e-01 2.780678526157288714e-03
1.101111111111111041e-01 2.775125480884683884e-03
1.102222222222222214e-01 2.764919644259022664e-03
1.103333333333333388e-01 2.758632095260045956e-03
1.104444444444444423e-01 2.750052694472113722e-03
1.105555555555555597e-01 2.741137875458156316e-03
1.106666666666666493e-01 2.738121731030733821e-03
1.107777777777777667e-01 2.734003935838858704e-03
1.108888888888888841e-01 2.730902210426486895e-03
1.109999999999999876e-01 2.738280230811813293e-03
1.111111111111111049e-01 2.736824374624597517e-03
1.112222222222222223e-01 2.727508986963906451e-03
1.113333333333333258e-01 2.709113210554168257e-03
1.114444444444444432e-01 2.708206399179889558e-03
1.115555555555555606e-01 2.706909240223734098e-03
1.116666666666666502e-01 2.707399492912202898e-03
1.117777777777777676e-01 2.706435975435741818e-03
1.118888888888888850e-01 2.710182653801772052e-03
1.119999999999999885e-01 2.710625168929513100e-03
1.121111111111111058e-01 2.714930026818077654e-03
1.122222222222222232e-01 2.715815509689860959e-03
1.123333333333333267e-01 2.708093754409500974e-03
1.124444444444444441e-01 2.706067016653862251e-03
1.125555555555555615e-01 2.710779838482766258e-03
1.126666666666666511e-01 2.715965204830095032e-03
1.127777777777777685e-01 2.701129085515647111e-03
1.128888888888888858e-01 2.698028274060258313e-03
1.129999999999999893e-01 2.700469433866971910e-03
1.131111111111111067e-01 2.698049114093433159e-03
1.132222222222222241e-01 2.698384281017698547e-03
1.133333333333333276e-01 2.694296404475517853e-03
1.134444444444444450e-01 2.690867759638459773e-03
1.135555555555555624e-01 2.689344772080698616e-03
1.136666666666666520e-01 2.682188721379996817e-03
1.137777777777777694e-01 2.672231569436189780e-03
1.138888888888888867e-01 2.675626563676690786e-03
1.139999999999999902e-01 2.674367582676227557e-03
1.141111111111111076e-01 2.682637166996430008e-03
1.142222222222222250e-01 2.680456526984585641e-03
1.143333333333333285e-01 2.674851384258983798e-03
1.144444444444444459e-01 2.666146164957962968e-03
1.145555555555555632e-01 2.662774175056316795e-03
1.146666666666666529e-01 2.666331584632720790e-03
1.147777777777777702e-01 2.657925546610298475e-03
1.148888888888888876e-01 2.652397667442611077e-03
1.149999999999999911e-01 2.643149959835641976e-03
1.151111111111111085e-01 2.636889113121819971e-03
1.152222222222222259e-01 2.622707645219640032e-03
1.153333333333333294e-01 2.624381780683169001e-03
1.154444444444444468e-01 2.632989695997171430e-03
1.155555555555555641e-01 2.637352236973073468e-03
1.156666666666666538e-01 2.623109211095760000e-03
1.157777777777777711e-01 2.628094367819164973e-03
1.158888888888888885e-01 2.630166327404392847e-03
1.159999999999999920e-01 2.624714837122753275e-03
1.161111111111111094e-01 2.622933163465225766e-03
1.162222222222222268e-01 2.611396063561542517e-03
1.163333333333333303e-01 2.600779753929206069e-03
1.164444444444444476e-01 2.588483300894187100e-03
1.165555555555555650e-01 2.581153640517496340e-03
1.166666666666666546e-01 2.580843184495179316e-03
1.167777777777777720e-01 2.564995172163326165e-03
1.168888888888888894e-01 2.563344487489916008e-03
1.169999999999999929e-01 2.571407676940835364e-03
1.171111111111111103e-01 2.575918508942254617e-03
1.172222222222222138e-01 2.568026063062155487e-03
1.173333333333333311e-01 2.560074653848316492e-03
1.174444444444444485e-01 2.547475693193119659e-03
1.175555555555555381e-01 2.544717665247439760e-03
1.176666666666666555e-01 2.545736013521547863e-03
1.177777777777777729e-01 2.532124698983106818e-03
1.178888888888888764e-01 2.525695159865869784e-03
1.179999999999999938e-01 2.527240042798095838e-03
1.181111111111111112e-01 2.524260319735258627e-03
1.182222222222222147e-01 2.523279231514317499e-03
1.183333333333333320e-01 2.517432853954746329e-03
1.184444444444444494e-01 2.505927795859134912e-03
1.185555555555555390e-01 2.502361646590830178e-03
1.186666666666666564e-01 2.512028808703634791e-03
1.187777777777777738e-01 2.511656067577466324e-03
1.188888888888888773e-01 2.510463769037701246e-03
1.189999999999999947e-01 2.507545544201376150e-03
1.191111111111111120e-01 2.495225568148485076e-03
1.192222222222222155e-01 2.498321018263482702e-03
1.193333333333333329e-01 2.489201336726406220e-03
1.194444444444444503e-01 2.494080161918542458e-03
1.195555555555555399e-01 2.498405447764648259e-03
1.196666666666666573e-01 2.498946138471502213e-03
1.197777777777777747e-01 2.510022817327869655e-03
1.198888888888888782e-01 2.504300372893056813e-03
1.199999999999999956e-01 2.507207634051179194e-03
1.201111111111111129e-01 2.498722953681805498e-03
1.202222222222222164e-01 2.495066038682387365e-03
1.203333333333333338e-01 2.483683667756708419e-03
1.204444444444444512e-01 2.474977058999758370e-03
1.205555555555555408e-01 2.482638230235188672e-03
1.206666666666666582e-01 2.477978029155567322e-03
1.207777777777777756e-01 2.476581238654619772e-03
1.208888888888888791e-01 2.475536648650967543e-03
1.209999999999999964e-01 2.484004819507236970e-03
1.211111111111111138e-01 2.480115846233958525e-03
1.212222222222222173e-01 2.487693144361509314e-03
1.213333333333333347e-01 2.494703376928927765e-03
1.214444444444444521e-01 2.498109768259799187e-03
1.215555555555555417e-01 2.491996412097173888e-03
1.216666666666666591e-01 2.478228903632338082e-03
1.217777777777777765e-01 2.479254850285974622e-03
1.218888888888888800e-01 2.464006716107938495e-03
1.219999999999999973e-01 2.469276549818912904e-03
1.221111111111111147e-01 2.478687944840216300e-03
1.222222222222222182e-01 2.467309244098664020e-03
1.223333333333333356e-01 2.461247136544517187e-03
1.224444444444444530e-01 2.462738077193018810e-03
1.225555555555555426e-01 2.462551742065180894e-03
1.226666666666666600e-01 2.460646479522233913e-03
1.227777777777777773e-01 2.463851840427661467e-03
1.228888888888888808e-01 2.473917097887313662e-03
1.229999999999999982e-01 2.460508855227833570e-03
1.231111111111111156e-01 2.451782691689970498e-03
1.232222222222222191e-01 2.444022316564683443e-03
1.233333333333333365e-01 2.441182267283762471e-03
1.234444444444444539e-01 2.442666051491195010e-03
1.235555555555555435e-01 2.443701764781083894e-03
1.236666666666666609e-01 2.438628103992288281e-03
1.237777777777777782e-01 2.447676511684799324e-03
1.238888888888888817e-01 2.445179347649066234e-03
1.239999999999999991e-01 2.438883120102186206e-03
1.241111111111111026e-01 2.424786193202831293e-03
1.242222222222222200e-01 2.409816720265942330e-03
1.243333333333333374e-01 2.422413717894410581e-03
1.244444444444444270e-01 2.422625262922968852e-03
1.245555555555555444e-01 2.427523699378587169e-03
1.246666666666666617e-01 2.425069256068442675e-03
1.247777777777777652e-01 2.427756417448010719e-03
1.248888888888888826e-01 2.431220910051341572e-03
1.250000000000000000e-01 2.428273547275273600e-03
1.251111111111110896e-01 2.424127615857818614e-03
1.252222222222222070e-01 2.425233108071438680e-03
1.253333333333333244e-01 2.426486778889689992e-03
1.254444444444444418e-01 2.416499660221211373e-03
1.255555555555555591e-01 2.417960359307946058e-03
1.256666666666666765e-01 2.418640907855125390e-03
1.257777777777777661e-01 2.417198696973617885e-03
1.258888888888888835e-01 2.415406258777650066e-03
1.260000000000000009e-01 2.419512989151410484e-03
1.261111111111110905e-01 2.416476403586617118e-03
1.262222222222222079e-01 2.411941473939871201e-03
1.263333333333333253e-01 2.409543863677110400e-03
1.264444444444444426e-01 2.402979824441825105e-03
1.265555555555555600e-01 2.387107037976399226e-03
1.266666666666666774e-01 2.381323120128197180e-03
1.267777777777777670e-01 2.378412062300066469e-03
1.268888888888888844e-01 2.366559174482515092e-03
1.270000000000000018e-01 2.365655688029303597e-03
1.271111111111110914e-01 2.357937620509367033e-03
1.272222222222222088e-01 2.353836241362643189e-03
1.273333333333333262e-01 2.347822209690692170e-03
1.274444444444444435e-01 2.347666690366869129e-03
1.275555555555555609e-01 2.343133178083609772e-03
1.276666666666666783e-01 2.326015733279871139e-03
1.277777777777777679e-01 2.321970193634956183e-03
1.278888888888888853e-01 2.322614848077280032e-03
1.280000000000000027e-01 2.314151323847327395e-03
1.281111111111110923e-01 2.308630475810011067e-03
1.282222222222222097e-01 2.308377005596588209e-03
1.283333333333333270e-01 2.307887174962313520e-03
1.284444444444444444e-01 2.307482672571212288e-03
1.285555555555555618e-01 2.306331918121124272e-03
1.286666666666666792e-01 2.303760052876515849e-03
1.287777777777777688e-01 2.302949141877347426e-03
1.288888888888888862e-01 2.296190772033989726e-03
1.290000000000000036e-01 2.294392021050560733e-03
1.291111111111110932e-01 2.292048418666363385e-03
1.292222222222222106e-01 2.291164284412949403e-03
1.293333333333333279e-01 2.292956976711483033e-03
1.294444444444444453e-01 2.292741399353532498e-03
1.295555555555555627e-01 2.294142587144394185e-03
1.296666666666666801e-01 2.297384022949723256e-03
1.297777777777777697e-01 2.297367257941177777e-03
1.298888888888888871e-01 2.288937600139913462e-03
1.300000000000000044e-01 2.284681369915359406e-03
1.301111111111110941e-01 2.285587271885333206e-03
1.302222222222222114e-01 2.282188416016084961e-03
1.303333333333333288e-01 2.277488844010884441e-03
1.304444444444444462e-01 2.280496315454243802e-03
1.305555555555555636e-01 2.279558457824584772e-03
1.306666666666666532e-01 2.277663199217357104e-03
1.307777777777777706e-01 2.278355697451698528e-03
1.308888888888888880e-01 2.273185884226416095e-03
1.309999999999999776e-01 2.269392587479993322e-03
1.311111111111110950e-01 2.270502540354055101e-03
1.312222222222222123e-01 2.279064787545121481e-03
1.313333333333333297e-01 2.284105572837554117e-03
1.314444444444444471e-01 2.281923769865630384e-03
1.315555555555555645e-01 2.279624051059503907e-03
1.316666666666666541e-01 2.275696185540104777e-03
1.317777777777777715e-01 2.279084778248769913e-03
1.318888888888888888e-01 2.277580076455482539e-03
1.319999999999999785e-01 2.276191891147997734e-03
1.321111111111110958e-01 2.272166874239709648e-03
1.322222222222222132e-01 2.267102847377440358e-03
1.323333333333333306e-01 2.265151328664217339e-03
1.324444444444444480e-01 2.258531424882349176e-03
1.325555555555555654e-01 2.254197576825732463e-03
1.326666666666666550e-01 2.251356753822920248e-03
1.327777777777777724e-01 2.252448809169935260e-03
1.328888888888888897e-01 2.248348931353483758e-03
1.329999999999999793e-01 2.243086809259082527e-03
1.331111111111110967e-01 2.244987144304839716e-03
1.332222222222222141e-01 2.239998158346095773e-03
1.333333333333333315e-01 2.237744846919570776e-03
1.334444444444444489e-01 2.238350457506921732e-03
1.335555555555555662e-01 2.235823761958104314e-03
1.336666666666666559e-01 2.235412738848198324e-03
1.337777777777777732e-01 2.230438557035399096e-03
1.338888888888888906e-01 2.225769820756036323e-03
1.339999999999999802e-01 2.225006808814439328e-03
1.341111111111110976e-01 2.222637669909387909e-03
1.342222222222222150e-01 2.220800987703885464e-03
1.343333333333333324e-01 2.217834506899163394e-03
1.344444444444444497e-01 2.221990158191288270e-03
1.345555555555555671e-01 2.223564072635067588e-03
1.346666666666666567e-01 2.224339166033941027e-03
1.347777777777777741e-01 2.224780048837477452e-03
1.348888888888888915e-01 2.224212283656067535e-03
1.349999999999999811e-01 2.219023058415710292e-03
1.351111111111110985e-01 2.214318173939818554e-03
1.352222222222222159e-01 2.209061075962491950e-03
1.353333333333333333e-01 2.206732972495308552e-03
1.354444444444444506e-01 2.208284203112468713e-03
1.355555555555555680e-01 2.208547950650947660e-03
1.356666666666666576e-01 2.210338848948855718e-03
1.357777777777777750e-01 2.209221964323125620e-03
1.358888888888888924e-01 2.211852594292048561e-03
1.359999999999999820e-01 2.210272739484405672e-03
1.361111111111110994e-01 2.208195240595944246e-03
1.362222222222222168e-01 2.202494037930599353e-03
1.363333333333333341e-01 2.196850416181102793e-03
1.364444444444444515e-01 2.196746387299187801e-03
1.365555555555555689e-01 2.188281702864512939e-03
1.366666666666666585e-01 2.189864715259428642e-03
1.367777777777777759e-01 2.189754701050861379e-03
1.368888888888888933e-01 2.192502379379103038e-03
1.369999999999999829e-01 2.187776658312139827e-03
1.371111111111111003e-01 2.180389987387746243e-03
1.372222222222222177e-01 2.179433492397595939e-03
1.373333333333333350e-01 2.180144622742395590e-03
1.374444444444444524e-01 2.179743063133820699e-03
1.375555555555555420e-01 2.178778968658306916e-03
1.376666666666666594e-01 2.178448101127475681e-03
1.377777777777777768e-01 2.180903442557308169e-03
1.378888888888888664e-01 2.183073321431161853e-03
1.379999999999999838e-01 2.183068648479688598e-03
1.381111111111111012e-01 2.186916879141259911e-03
1.382222222222222185e-01 2.189334088382623947e-03
1.383333333333333359e-01 2.191065589711960106e-03
1.384444444444444533e-01 2.196572568886472586e-03
1.385555555555555429e-01 2.197069988775597268e-03
1.386666666666666603e-01 2.192254924868975493e-03
1.387777777777777777e-01 2.190449312185933049e-03
1.388888888888888673e-01 2.186669206426720795e-03
1.389999999999999847e-01 2.182169990871610753e-03
1.391111111111111021e-01 2.180740377819511810e-03
1.392222222222222194e-01 2.178940911142221871e-03
1.393333333333333368e-01 2.177012007999110359e-03
1.394444444444444542e-01 2.174450984159810151e-03
1.395555555555555438e-01 2.173127497258489985e-03
1.396666666666666612e-01 2.168616953485098548e-03
1.397777777777777786e-01 2.164854788390557176e-03
1.398888888888888682e-01 2.166399421602635891e-03
1.399999999999999856e-01 2.159932850255192899e-03
1.401111111111111029e-01 2.155551008293620906e-03
1.402222222222222203e-01 2.157186032944002300e-03
1.403333333333333377e-01 2.154591722405747173e-03
1.404444444444444551e-01 2.155324359936208571e-03
1.405555555555555447e-01 2.157570353829735190e-03
1.406666666666666621e-01 2.161077622855546183e-03
1.407777777777777795e-01 2.160726849220316430e-03
1.408888888888888691e-01 2.158515527512051575e-03
1.409999999999999865e-01 2.157141444176034935e-03
1.411111111111111038e-01 2.155655829368405794e-03
1.412222222222222212e-01 2.154945664703318987e-03
1.413333333333333386e-01 2.151662530151741016e-03
1.414444444444444560e-01 2.152040886545367529e-03
1.415555555555555456e-01 2.150239310546873776e-03
1.416666666666666630e-01 2.148627053652077748e-03
1.417777777777777803e-01 2.147805127179739856e-03
1.418888888888888700e-01 2.144382170954146037e-03
1.419999999999999873e-01 2.142051675220832656e-03
1.421111111111111047e-01 2.138451552028806327e-03
1.422222222222222221e-01 2.137444185281567495e-03
1.423333333333333395e-01 2.138380054488054748e-03
1.424444444444444569e-01 2.140702097550244327e-03
1.425555555555555465e-01 2.137926411474408428e-03
1.426666666666666639e-01 2.139197483877234088e-03
1.427777777777777812e-01 2.138339541947562299e-03
1.428888888888888709e-01 2.138465682629931731e-03
1.429999999999999882e-01 2.133359787511866952e-03
1.431111111111111056e-01 2.133073120289411765e-03
1.432222222222222230e-01 2.129682786804123085e-03
1.433333333333333404e-01 2.124989908292088548e-03
1.434444444444444577e-01 2.122984646352448195e-03
1.435555555555555474e-01 2.116515554313156376e-03
1.436666666666666647e-01 2.113511009350487607e-03
1.437777777777777821e-01 2.111680542507564807e-03
1.438888888888888717e-01 2.115881039320559841e-03
1.439999999999999891e-01 2.112031920233690355e-03
1.441111111111111065e-01 2.108780162719733290e-03
1.442222222222222239e-01 2.107073679788134309e-03
1.443333333333333413e-01 2.109352404948386557e-03
1.444444444444444309e-01 2.108664706594704299e-03
1.445555555555555483e-01 2.108613882624639242e-03
1.446666666666666656e-01 2.105925644720103070e-03
1.447777777777777553e-01 2.105676246999407808e-03
1.448888888888888726e-01 2.107958120581688351e-03
1.449999999999999900e-01 2.104874426826720303e-03
1.451111111111111074e-01 2.101737652996185559e-03
1.452222222222222248e-01 2.099368538379679273e-03
1.453333333333333421e-01 2.097419349392221424e-03
1.454444444444444318e-01 2.097239071132642185e-03
1.455555555555555491e-01 2.093611795401852018e-03
1.456666666666666665e-01 2.091759900325545780e-03
1.457777777777777561e-01 2.092008122713872719e-03
1.458888888888888735e-01 2.088470366639045769e-03
1.459999999999999909e-01 2.089366270457738289e-03
1.461111111111111083e-01 2.088039079210820496e-03
1.462222222222222257e-01 2.082929239417071962e-03
1.463333333333333430e-01 2.083606810995782248e-03
1.464444444444444327e-01 2.087149524182870669e-03
1.465555555555555500e-01 2.084168050949189270e-03
1.466666666666666674e-01 2.085667014794879114e-03
1.467777777777777570e-01 2.086070433514370867e-03
1.468888888888888744e-01 2.087542822974028725e-03
1.469999999999999918e-01 2.088107489548306477e-03
1.471111111111111092e-01 2.086934550925578953e-03
1.472222222222222265e-01 2.087447866117395339e-03
1.473333333333333439e-01 2.087464728011077884e-03
1.474444444444444335e-01 2.088709684595803882e-03
1.475555555555555509e-01 2.088516742401757154e-03
1.476666666666666683e-01 2.088015117693560116e-03
1.477777777777777579e-01 2.087131805111829951e-03
1.478888888888888753e-01 2.084864672970978931e-03
1.479999999999999927e-01 2.084278396199035124e-03
1.481111111111111101e-01 2.080003140641545692e-03
1.482222222222222274e-01 2.079817162922216814e-03
1.483333333333333448e-01 2.079494257111609221e-03
1.484444444444444344e-01 2.080745999954457942e-03
1.485555555555555518e-01 2.080701207642878491e-03
1.486666666666666692e-01 2.075354087483933466e-03
1.487777777777777588e-01 2.072558042686862244e-03
1.488888888888888762e-01 2.074797368710783445e-03
1.489999999999999936e-01 2.079250246353953665e-03
1.491111111111111109e-01 2.081385886463091566e-03
1.492222222222222283e-01 2.078906448490362192e-03
1.493333333333333457e-01 2.077859163804405412e-03
1.494444444444444353e-01 2.075954686704088639e-03
1.495555555555555527e-01 2.075030596339103375e-03
1.496666666666666701e-01 2.075268291026002247e-03
1.497777777777777597e-01 2.079193180880706694e-03
1.498888888888888771e-01 2.073643016300463597e-03
1.499999999999999944e-01 2.069381813034251814e-03
1.501111111111111118e-01 2.068553343605821198e-03
1.502222222222222292e-01 2.071646067433545631e-03
1.503333333333333466e-01 2.069481183485754119e-03
1.504444444444444362e-01 2.073626157983627771e-03
1.505555555555555536e-01 2.073671438790109303e-03
1.506666666666666432e-01 2.077483481720882562e-03
1.507777777777777606e-01 2.075721411942846144e-03
1.508888888888888780e-01 2.070251863926338837e-03
1.509999999999999953e-01 2.067010012332994636e-03
1.511111111111111127e-01 2.063659972846900066e-03
1.512222222222222301e-01 2.062894161695701979e-03
1.513333333333333197e-01 2.061635939770040029e-03
1.514444444444444371e-01 2.061540234880579990e-03
1.515555555555555545e-01 2.063878252176751162e-03
1.516666666666666441e-01 2.059344586113942815e-03
1.517777777777777615e-01 2.057754041747010109e-03
1.518888888888888788e-01 2.057518286925254757e-03
1.519999999999999962e-01 2.059105455091870315e-03
1.521111111111111136e-01 2.055940854484690494e-03
1.522222222222222310e-01 2.052309476885443452e-03
1.523333333333333206e-01 2.047450063960247393e-03
1.524444444444444380e-01 2.049505814474841814e-03
1.525555555555555554e-01 2.049596911357832833e-03
1.526666666666666450e-01 2.049347508741815142e-03
1.527777777777777624e-01 2.046843790306893292e-03
1.528888888888888797e-01 2.044693497399471208e-03
1.529999999999999971e-01 2.040355771837273121e-03
1.531111111111111145e-01 2.038286414391667512e-03
1.532222222222222319e-01 2.038348500675917548e-03
1.533333333333333215e-01 2.038879999604760029e-03
1.534444444444444389e-01 2.039257159900060255e-03
1.535555555555555562e-01 2.037007741488400595e-03
1.536666666666666459e-01 2.033543713274826858e-03
1.537777777777777632e-01 2.029700842980290774e-03
1.538888888888888806e-01 2.028752422228653502e-03
1.539999999999999980e-01 2.027927743287658100e-03
1.541111111111111154e-01 2.027723875338132645e-03
1.542222222222222328e-01 2.027260108785198210e-03
1.543333333333333224e-01 2.026602664521197795e-03
1.544444444444444398e-01 2.022932461034494724e-03
1.545555555555555571e-01 2.024401081278665981e-03
1.546666666666666468e-01 2.024856694159715611e-03
1.547777777777777641e-01 2.025957621899920555e-03
1.548888888888888815e-01 2.023833478425100807e-03
1.549999999999999989e-01 2.026603714038246584e-03
1.551111111111111163e-01 2.023781205503042205e-03
1.552222222222222336e-01 2.020330342226536041e-03
1.553333333333333233e-01 2.017259848029075760e-03
1.554444444444444406e-01 2.014316775996712137e-03
1.555555555555555580e-01 2.013605371313996386e-03
1.556666666666666476e-01 2.012015842107965635e-03
1.557777777777777650e-01 2.010144617455984078e-03
1.558888888888888824e-01 2.008088326603196198e-03
1.559999999999999998e-01 2.006861046471952997e-03
1.561111111111111172e-01 2.009390584803426825e-03
1.562222222222222345e-01 2.009060798363487745e-03
1.563333333333333242e-01 2.010648697611163577e-03
1.564444444444444415e-01 2.012212944348293776e-03
1.565555555555555589e-01 2.011841453061522650e-03
1.566666666666666485e-01 2.015887146459263615e-03
1.567777777777777659e-01 2.018786532492915925e-03
1.568888888888888833e-01 2.017552987108583822e-03
1.570000000000000007e-01 2.017430484762279541e-03
1.571111111111111180e-01 2.020423103506059984e-03
1.572222222222222354e-01 2.019346684941730925e-03
1.573333333333333250e-01 2.018150505503908936e-03
1.574444444444444424e-01 2.020571344507637781e-03
1.575555555555555320e-01 2.017035874125143284e-03
1.576666666666666494e-01 2.014183250037359860e-03
1.577777777777777668e-01 2.016820749113599175e-03
1.578888888888888842e-01 2.015552967960006301e-03
1.580000000000000016e-01 2.017484087662126634e-03
1.581111111111111189e-01 2.018028152607631229e-03
1.582222222222222086e-01 2.017342670467294190e-03
1.583333333333333259e-01 2.018417459253817482e-03
1.584444444444444433e-01 2.019490696493621978e-03
1.585555555555555329e-01 2.019231104497706732e-03
1.586666666666666503e-01 2.018437681102852165e-03
1.587777777777777677e-01 2.017516608844053747e-03
1.588888888888888851e-01 2.019075336749360117e-03
1.590000000000000024e-01 2.020049541498882949e-03
1.591111111111111198e-01 2.017391051428419572e-03
1.592222222222222094e-01 2.017590533984173814e-03
1.593333333333333268e-01 2.018688628330289527e-03
1.594444444444444442e-01 2.018162350438215333e-03
1.595555555555555338e-01 2.019466449913769144e-03
1.596666666666666512e-01 2.019199668159055595e-03
1.597777777777777686e-01 2.018783356725787053e-03
1.598888888888888860e-01 2.018451723349376156e-03
1.600000000000000033e-01 2.016170967474202168e-03
1.601111111111111207e-01 2.014449351970136817e-03
1.602222222222222103e-01 2.013176695060642056e-03
1.603333333333333277e-01 2.008541692557549042e-03
1.604444444444444451e-01 2.008925953148184892e-03
1.605555555555555347e-01 2.006330426856686895e-03
1.606666666666666521e-01 2.005011002537527599e-03
1.607777777777777695e-01 2.002339995196176017e-03
1.608888888888888868e-01 2.003831426040959644e-03
1.610000000000000042e-01 2.002258362866808465e-03
1.611111111111111216e-01 2.001588348778882837e-03
1.612222222222222112e-01 1.996214615627437978e-03
1.613333333333333286e-01 1.994146223599580717e-03
1.614444444444444460e-01 1.993085566588965758e-03
1.615555555555555356e-01 1.993889022482696685e-03
1.616666666666666530e-01 1.995404363110505740e-03
1.617777777777777704e-01 1.995699278861482601e-03
1.618888888888888877e-01 1.995542767775301991e-03
1.620000000000000051e-01 1.990818792431701088e-03
1.621111111111111225e-01 1.991341589124959958e-03
1.622222222222222121e-01 1.987883907806024548e-03
1.623333333333333295e-01 1.989201275504497591e-03
1.624444444444444469e-01 1.993406257216074479e-03
1.625555555555555365e-01 1.985140745379759038e-03
1.626666666666666539e-01 1.984312088311375368e-03
1.627777777777777712e-01 1.987931545146748996e-03
1.628888888888888886e-01 1.989930525552098366e-03
1.630000000000000060e-01 1.989350785648602571e-03
1.631111111111111234e-01 1.988741556338203403e-03
1.632222222222222130e-01 1.988428583414431332e-03
1.633333333333333304e-01 1.987600161526305743e-03
1.634444444444444478e-01 1.987673990562224824e-03
1.635555555555555374e-01 1.987219711387518042e-03
1.636666666666666548e-01 1.986037507540487895e-03
1.637777777777777721e-01 1.985110880216438799e-03
1.638888888888888895e-01 1.987576607881195046e-03
1.640000000000000069e-01 1.984477500086311453e-03
1.641111111111110965e-01 1.986756768253244987e-03
1.642222222222222139e-01 1.984857718565588135e-03
1.643333333333333313e-01 1.978585346867736509e-03
1.644444444444444209e-01 1.979700115571785251e-03
1.645555555555555383e-01 1.982515871461695139e-03
1.646666666666666556e-01 1.984927821058123446e-03
1.647777777777777730e-01 1.984281905795057949e-03
1.648888888888888904e-01 1.983483904201715966e-03
1.650000000000000078e-01 1.985365054560082367e-03
1.651111111111110974e-01 1.985660818362243191e-03
1.652222222222222148e-01 1.986525198775456868e-03
1.653333333333333321e-01 1.987716016536646667e-03
1.654444444444444218e-01 1.984208815570404939e-03
1.655555555555555391e-01 1.984670560705992064e-03
1.656666666666666565e-01 1.981512804714920511e-03
1.657777777777777739e-01 1.982871083268944457e-03
1.658888888888888913e-01 1.985507467141514777e-03
1.660000000000000087e-01 1.982921031978796250e-03
1.661111111111110983e-01 1.985122934701467022e-03
1.662222222222222157e-01 1.985403257488943096e-03
1.663333333333333330e-01 1.989346706241720830e-03
1.664444444444444227e-01 1.987664919444363191e-03
1.665555555555555400e-01 1.987775711101479135e-03
